


Q,0,1,explore:3:3:3:3:3:3:3:3:3:3:3:3:3:3:2:3:3:3:3:3:3:3:3:3:3:0:0:0:0:0:0:0:0:0:1:0:1:0:1:0:1:0:0:1:1:0:0:0:0:0:0:,24,0.0,1.0,
Q,0,1,explore:3:3:3:3:3:3:3:3:3:3:3:3:3:3:2:3:3:3:3:3:3:3:3:3:3:0:0:0:0:0:0:0:0:0:1:0:1:0:1:0:1:0:0:1:1:0:0:0:0:0:0:,1,57.0,1.0,


Q,0,2,explore:3:3:3:3:3:3:3:3:3:3:3:3:3:3:2:3:3:3:3:3:3:3:3:3:3:0:0:0:0:0:0:0:0:0:1:0:1:0:1:0:1:0:0:1:1:0:0:0:0:0:1:,2,57.0,1.0,

Q,0,2,explore:3:3:3:3:3:3:3:3:3:3:3:3:3:3:2:2:3:3:2:2:3:3:3:3:3:0:0:0:0:0:0:0:0:0:1:0:1:0:1:0:1:0:0:1:1:0:0:0:0:0:1:,2,57.001484375,1.0,
Q,0,2,explore:3:3:3:3:3:3:3:3:3:3:3:3:3:3:2:2:3:3:2:2:3:3:3:3:3:0:0:0:0:0:0:0:0:0:1:0:1:0:1:0:1:0:0:1:1:0:0:0:0:0:1:,23,0.0,1.0,
Q,0,2,explore:3:3:3:3:3:3:3:3:3:3:3:3:3:3:2:2:3:3:2:2:3:3:3:3:3:0:0:0:0:0:0:0:0:0:1:0:1:0:1:0:1:0:0:1:1:0:0:0:0:0:1:,15,0.011875,1.0,


Q,0,3,explore:3:3:3:3:3:3:3:3:3:3:3:3:3:3:2:3:3:3:2:3:3:3:3:3:3:0:0:0:0:0:0:0:0:0:1:0:1:0:1:0:1:0:0:1:1:0:0:0:0:0:2:,3,57.0,1.0,
Q,0,3,explore:3:3:3:3:3:3:3:3:3:3:3:3:3:3:2:3:3:3:2:3:3:3:3:3:3:0:0:0:0:0:0:0:0:0:1:0:1:0:1:0:1:0:0:1:1:0:0:0:0:0:2:,23,0.0,1.0,


Q,0,4,explore:3:3:3:3:3:3:3:3:3:3:3:3:3:3:3:3:3:3:3:3:3:3:3:3:3:0:0:0:0:0:0:0:0:0:0:0:0:0:0:1:0:0:0:0:0:0:0:0:0:0:3:,16,0.0,1.0,
Q,0,4,explore:3:3:3:3:3:3:3:3:3:3:3:3:3:3:3:3:3:3:3:3:3:3:3:3:3:0:0:0:0:0:0:0:0:0:0:0:0:0:0:1:0:0:0:0:0:0:0:0:0:0:3:,4,57.0,1.0,


Q,0,6,explore:3:3:3:3:3:3:3:3:3:3:3:3:3:3:2:3:3:3:3:3:3:3:3:3:3:0:0:0:0:0:0:0:0:0:1:0:1:0:1:0:1:0:0:1:1:0:0:0:0:0:5:,1,7.125,1.0,
Q,0,6,explore:3:3:3:3:3:3:3:3:3:3:3:3:3:3:2:3:3:3:3:3:3:3:3:3:3:0:0:0:0:0:0:0:0:0:1:0:1:0:1:0:1:0:0:1:1:0:0:0:0:0:5:,14,0.0,1.0,
Q,0,6,explore:3:3:3:3:3:3:3:3:3:3:3:3:3:3:2:3:3:3:3:3:3:3:3:3:3:0:0:0:0:0:0:0:0:0:1:0:1:0:1:0:1:0:0:1:1:0:0:0:0:0:5:,6,58.78125,1.0,

Q,0,6,explore:3:3:3:3:3:3:3:3:3:3:3:3:3:3:2:3:3:3:3:3:3:3:3:3:3:0:0:0:0:0:0:0:0:0:0:0:0:0:0:1:0:0:0:0:0:0:0:0:0:0:5:,8,0.0,1.0,
Q,0,6,explore:3:3:3:3:3:3:3:3:3:3:3:3:3:3:2:3:3:3:3:3:3:3:3:3:3:0:0:0:0:0:0:0:0:0:0:0:0:0:0:1:0:0:0:0:0:0:0:0:0:0:5:,6,57.0,1.0,

Q,0,6,explore:3:3:3:3:3:3:3:3:3:3:3:2:3:2:2:2:3:3:2:2:3:3:3:3:3:0:0:0:0:0:0:0:0:0:1:0:1:0:1:0:1:0:0:1:1:0:0:0:0:0:5:,13,14.765625,1.0,
Q,0,6,explore:3:3:3:3:3:3:3:3:3:3:3:2:3:2:2:2:3:3:2:2:3:3:3:3:3:0:0:0:0:0:0:0:0:0:1:0:1:0:1:0:1:0:0:1:1:0:0:0:0:0:5:,6,64.3828125,1.0,

Q,0,6,explore:3:3:3:3:3:3:3:3:3:3:3:3:3:3:2:3:3:3:2:3:3:3:3:3:3:0:0:0:0:0:0:0:0:0:1:0:1:0:1:0:1:0:0:1:1:0:0:0:0:0:5:,6,91.125,1.0,
Q,0,6,explore:3:3:3:3:3:3:3:3:3:3:3:3:3:3:2:3:3:3:2:3:3:3:3:3:3:0:0:0:0:0:0:0:0:0:1:0:1:0:1:0:1:0:0:1:1:0:0:0:0:0:5:,7,68.25,1.0,

Q,0,6,explore:3:3:3:3:3:3:3:3:3:3:3:3:3:3:2:2:3:3:2:2:3:3:3:3:3:0:0:0:0:0:0:0:0:0:1:0:1:0:1:0:1:0:0:1:1:0:0:0:0:0:5:,4,14.2503710937,1.0,
Q,0,6,explore:3:3:3:3:3:3:3:3:3:3:3:3:3:3:2:2:3:3:2:2:3:3:3:3:3:0:0:0:0:0:0:0:0:0:1:0:1:0:1:0:1:0:0:1:1:0:0:0:0:0:5:,6,64.1251855469,1.0,

Q,0,6,explore:3:3:3:3:3:3:3:3:3:3:3:2:3:3:2:2:3:3:2:2:3:3:3:3:3:0:0:0:0:0:0:0:0:0:1:0:1:0:1:0:1:0:0:1:1:0:0:0:0:0:5:,18,0.05224609375,1.0,
Q,0,6,explore:3:3:3:3:3:3:3:3:3:3:3:2:3:3:2:2:3:3:2:2:3:3:3:3:3:0:0:0:0:0:0:0:0:0:1:0:1:0:1:0:1:0:0:1:1:0:0:0:0:0:5:,6,57.0261230469,1.0,

Q,0,6,explore:3:3:3:3:3:3:3:3:3:3:3:3:3:3:3:3:3:3:3:3:3:3:3:3:3:0:0:0:0:0:0:0:0:0:0:0:0:0:0:1:0:0:0:0:0:0:0:0:0:0:5:,0,1.5475,1.0,
Q,0,6,explore:3:3:3:3:3:3:3:3:3:3:3:3:3:3:3:3:3:3:3:3:3:3:3:3:3:0:0:0:0:0:0:0:0:0:0:0:0:0:0:1:0:0:0:0:0:0:0:0:0:0:5:,12,22.125,1.0,
Q,0,6,explore:3:3:3:3:3:3:3:3:3:3:3:3:3:3:3:3:3:3:3:3:3:3:3:3:3:0:0:0:0:0:0:0:0:0:0:0:0:0:0:1:0:0:0:0:0:0:0:0:0:0:5:,6,57.77375,1.0,


Q,0,7,explore:3:3:3:3:3:3:3:3:3:3:3:3:3:3:3:3:3:3:3:3:3:3:3:3:3:0:0:0:0:0:0:0:0:0:0:0:0:0:0:1:0:0:0:0:0:0:0:0:0:0:6:,16,0.0703125,1.0,
Q,0,7,explore:3:3:3:3:3:3:3:3:3:3:3:3:3:3:3:3:3:3:3:3:3:3:3:3:3:0:0:0:0:0:0:0:0:0:0:0:0:0:0:1:0:0:0:0:0:0:0:0:0:0:6:,21,3.5625,1.0,
Q,0,7,explore:3:3:3:3:3:3:3:3:3:3:3:3:3:3:3:3:3:3:3:3:3:3:3:3:3:0:0:0:0:0:0:0:0:0:0:0:0:0:0:1:0:0:0:0:0:0:0:0:0:0:6:,7,57.4453125,1.0,

Q,0,7,explore:3:3:3:3:3:3:3:3:3:3:3:3:3:3:2:3:3:3:3:3:3:3:3:3:3:0:0:0:0:0:0:0:0:0:0:0:0:0:0:1:0:0:0:0:0:0:0:0:0:0:6:,0,1.78125,1.0,
Q,0,7,explore:3:3:3:3:3:3:3:3:3:3:3:3:3:3:2:3:3:3:3:3:3:3:3:3:3:0:0:0:0:0:0:0:0:0:0:0:0:0:0:1:0:0:0:0:0:0:0:0:0:0:6:,7,57.890625,1.0,

Q,0,7,explore:3:3:3:3:3:3:3:3:3:3:3:3:3:3:2:2:3:3:2:2:3:3:3:3:3:0:0:0:0:0:0:0:0:0:1:0:1:0:1:0:1:0:0:1:1:0:0:0:0:0:6:,0,0.00949869791667,1.0,
Q,0,7,explore:3:3:3:3:3:3:3:3:3:3:3:3:3:3:2:2:3:3:2:2:3:3:3:3:3:0:0:0:0:0:0:0:0:0:1:0:1:0:1:0:1:0:0:1:1:0:0:0:0:0:6:,1,64.1251855469,1.0,
Q,0,7,explore:3:3:3:3:3:3:3:3:3:3:3:3:3:3:2:2:3:3:2:2:3:3:3:3:3:0:0:0:0:0:0:0:0:0:1:0:1:0:1:0:1:0:0:1:1:0:0:0:0:0:6:,3,0.234375,1.0,
Q,0,7,explore:3:3:3:3:3:3:3:3:3:3:3:3:3:3:2:2:3:3:2:2:3:3:3:3:3:0:0:0:0:0:0:0:0:0:1:0:1:0:1:0:1:0:0:1:1:0:0:0:0:0:6:,5,5.19158203125,1.0,
Q,0,7,explore:3:3:3:3:3:3:3:3:3:3:3:3:3:3:2:2:3:3:2:2:3:3:3:3:3:0:0:0:0:0:0:0:0:0:1:0:1:0:1:0:1:0:0:1:1:0:0:0:0:0:6:,7,107.390625,1.0,
Q,0,7,explore:3:3:3:3:3:3:3:3:3:3:3:3:3:3:2:2:3:3:2:2:3:3:3:3:3:0:0:0:0:0:0:0:0:0:1:0:1:0:1:0:1:0:0:1:1:0:0:0:0:0:6:,8,50.390625,1.0,
Q,0,7,explore:3:3:3:3:3:3:3:3:3:3:3:3:3:3:2:2:3:3:2:2:3:3:3:3:3:0:0:0:0:0:0:0:0:0:1:0:1:0:1:0:1:0:0:1:1:0:0:0:0:0:6:,9,0.111328125,1.0,
Q,0,7,explore:3:3:3:3:3:3:3:3:3:3:3:3:3:3:2:2:3:3:2:2:3:3:3:3:3:0:0:0:0:0:0:0:0:0:1:0:1:0:1:0:1:0:0:1:1:0:0:0:0:0:6:,10,0.1,1.0,
Q,0,7,explore:3:3:3:3:3:3:3:3:3:3:3:3:3:3:2:2:3:3:2:2:3:3:3:3:3:0:0:0:0:0:0:0:0:0:1:0:1:0:1:0:1:0:0:1:1:0:0:0:0:0:6:,17,0.219296875,1.0,
Q,0,7,explore:3:3:3:3:3:3:3:3:3:3:3:3:3:3:2:2:3:3:2:2:3:3:3:3:3:0:0:0:0:0:0:0:0:0:1:0:1:0:1:0:1:0:0:1:1:0:0:0:0:0:6:,18,9.0556640625,1.0,
Q,0,7,explore:3:3:3:3:3:3:3:3:3:3:3:3:3:3:2:2:3:3:2:2:3:3:3:3:3:0:0:0:0:0:0:0:0:0:1:0:1:0:1:0:1:0:0:1:1:0:0:0:0:0:6:,22,0.0358333333333,1.0,
Q,0,7,explore:3:3:3:3:3:3:3:3:3:3:3:3:3:3:2:2:3:3:2:2:3:3:3:3:3:0:0:0:0:0:0:0:0:0:1:0:1:0:1:0:1:0:0:1:1:0:0:0:0:0:6:,24,28.0000683594,1.0,

Q,0,7,explore:3:3:3:3:3:3:3:3:3:3:3:3:3:3:2:3:3:3:2:3:3:3:3:3:3:0:0:0:0:0:0:0:0:0:1:0:1:0:1:0:1:0:0:1:1:0:0:0:0:0:6:,16,0.0,1.0,
Q,0,7,explore:3:3:3:3:3:3:3:3:3:3:3:3:3:3:2:3:3:3:2:3:3:3:3:3:3:0:0:0:0:0:0:0:0:0:1:0:1:0:1:0:1:0:0:1:1:0:0:0:0:0:6:,20,0.0,1.0,
Q,0,7,explore:3:3:3:3:3:3:3:3:3:3:3:3:3:3:2:3:3:3:2:3:3:3:3:3:3:0:0:0:0:0:0:0:0:0:1:0:1:0:1:0:1:0:0:1:1:0:0:0:0:0:6:,7,57.0,1.0,

Q,0,7,explore:3:3:3:3:3:3:3:3:3:3:3:2:3:3:2:2:3:3:2:2:3:3:3:3:3:0:0:0:0:0:0:0:0:0:1:0:1:0:1:0:1:0:0:1:1:0:0:0:0:0:6:,6,84.0261230469,1.0,
Q,0,7,explore:3:3:3:3:3:3:3:3:3:3:3:2:3:3:2:2:3:3:2:2:3:3:3:3:3:0:0:0:0:0:0:0:0:0:1:0:1:0:1:0:1:0:0:1:1:0:0:0:0:0:6:,7,57.6883333333,1.0,
Q,0,7,explore:3:3:3:3:3:3:3:3:3:3:3:2:3:3:2:2:3:3:2:2:3:3:3:3:3:0:0:0:0:0:0:0:0:0:1:0:1:0:1:0:1:0:0:1:1:0:0:0:0:0:6:,11,96.2431640625,1.0,
Q,0,7,explore:3:3:3:3:3:3:3:3:3:3:3:2:3:3:2:2:3:3:2:2:3:3:3:3:3:0:0:0:0:0:0:0:0:0:1:0:1:0:1:0:1:0:0:1:1:0:0:0:0:0:6:,13,52.5019791667,1.0,
Q,0,7,explore:3:3:3:3:3:3:3:3:3:3:3:2:3:3:2:2:3:3:2:2:3:3:3:3:3:0:0:0:0:0:0:0:0:0:1:0:1:0:1:0:1:0:0:1:1:0:0:0:0:0:6:,15,7.125,1.0,
Q,0,7,explore:3:3:3:3:3:3:3:3:3:3:3:2:3:3:2:2:3:3:2:2:3:3:3:3:3:0:0:0:0:0:0:0:0:0:1:0:1:0:1:0:1:0:0:1:1:0:0:0:0:0:6:,24,0.688333333333,1.0,
Q,0,7,explore:3:3:3:3:3:3:3:3:3:3:3:2:3:3:2:2:3:3:2:2:3:3:3:3:3:0:0:0:0:0:0:0:0:0:1:0:1:0:1:0:1:0:0:1:1:0:0:0:0:0:6:,25,0.156790364583,1.0,

Q,0,7,explore:3:3:3:3:3:3:3:3:3:3:3:2:3:2:2:2:3:3:2:2:3:3:3:3:3:0:0:0:0:0:0:0:0:0:1:0:1:0:1:0:1:0:0:1:1:0:0:0:0:0:6:,1,64.3828125,1.0,
Q,0,7,explore:3:3:3:3:3:3:3:3:3:3:3:2:3:2:2:2:3:3:2:2:3:3:3:3:3:0:0:0:0:0:0:0:0:0:1:0:1:0:1:0:1:0:0:1:1:0:0:0:0:0:6:,4,0.011875,1.0,
Q,0,7,explore:3:3:3:3:3:3:3:3:3:3:3:2:3:2:2:2:3:3:2:2:3:3:3:3:3:0:0:0:0:0:0:0:0:0:1:0:1:0:1:0:1:0:0:1:1:0:0:0:0:0:6:,7,57.1168522135,1.0,
Q,0,7,explore:3:3:3:3:3:3:3:3:3:3:3:2:3:2:2:2:3:3:2:2:3:3:3:3:3:0:0:0:0:0:0:0:0:0:1:0:1:0:1:0:1:0:0:1:1:0:0:0:0:0:6:,12,0.116852213542,1.0,
Q,0,7,explore:3:3:3:3:3:3:3:3:3:3:3:2:3:2:2:2:3:3:2:2:3:3:3:3:3:0:0:0:0:0:0:0:0:0:1:0:1:0:1:0:1:0:0:1:1:0:0:0:0:0:6:,23,2.81345703125,1.0,
Q,0,7,explore:3:3:3:3:3:3:3:3:3:3:3:2:3:2:2:2:3:3:2:2:3:3:3:3:3:0:0:0:0:0:0:0:0:0:1:0:1:0:1:0:1:0:0:1:1:0:0:0:0:0:6:,24,0.0631640625,1.0,


Q,0,8,explore:3:3:3:3:3:3:3:3:3:3:3:3:3:3:2:3:3:3:3:3:3:3:3:3:3:0:0:0:0:0:0:0:0:0:0:0:0:0:0:1:0:0:0:0:0:0:0:0:0:0:7:,8,81.890625,1.0,
Q,0,8,explore:3:3:3:3:3:3:3:3:3:3:3:3:3:3:2:3:3:3:3:3:3:3:3:3:3:0:0:0:0:0:0:0:0:0:0:0:0:0:0:1:0:0:0:0:0:0:0:0:0:0:7:,25,33.75,1.0,
Q,0,8,explore:3:3:3:3:3:3:3:3:3:3:3:3:3:3:2:3:3:3:3:3:3:3:3:3:3:0:0:0:0:0:0:0:0:0:0:0:0:0:0:1:0:0:0:0:0:0:0:0:0:0:7:,12,49.78125,1.0,

Q,0,8,explore:3:3:3:3:3:3:3:3:3:3:3:3:3:3:2:2:3:3:2:2:3:3:3:3:3:0:0:0:0:0:0:0:0:0:1:0:1:0:1:0:1:0:0:1:1:0:0:0:0:0:7:,8,58.78125,1.0,
Q,0,8,explore:3:3:3:3:3:3:3:3:3:3:3:3:3:3:2:2:3:3:2:2:3:3:3:3:3:0:0:0:0:0:0:0:0:0:1:0:1:0:1:0:1:0:0:1:1:0:0:0:0:0:7:,20,0.4453125,1.0,
Q,0,8,explore:3:3:3:3:3:3:3:3:3:3:3:3:3:3:2:2:3:3:2:2:3:3:3:3:3:0:0:0:0:0:0:0:0:0:1:0:1:0:1:0:1:0:0:1:1:0:0:0:0:0:7:,10,0.004375,1.0,
Q,0,8,explore:3:3:3:3:3:3:3:3:3:3:3:3:3:3:2:2:3:3:2:2:3:3:3:3:3:0:0:0:0:0:0:0:0:0:1:0:1:0:1:0:1:0:0:1:1:0:0:0:0:0:7:,4,7.125,1.0,

Q,0,8,explore:3:3:3:3:3:3:3:3:3:3:3:3:3:3:2:3:3:3:3:3:3:3:3:3:3:0:0:0:0:0:0:0:0:0:1:0:1:0:1:0:1:0:0:1:1:0:0:0:0:0:7:,8,57.0,1.0,
Q,0,8,explore:3:3:3:3:3:3:3:3:3:3:3:3:3:3:2:3:3:3:3:3:3:3:3:3:3:0:0:0:0:0:0:0:0:0:1:0:1:0:1:0:1:0:0:1:1:0:0:0:0:0:7:,0,0.0,1.0,
Q,0,8,explore:3:3:3:3:3:3:3:3:3:3:3:3:3:3:2:3:3:3:3:3:3:3:3:3:3:0:0:0:0:0:0:0:0:0:1:0:1:0:1:0:1:0:0:1:1:0:0:0:0:0:7:,23,14.2525,1.0,
Q,0,8,explore:3:3:3:3:3:3:3:3:3:3:3:3:3:3:2:3:3:3:3:3:3:3:3:3:3:0:0:0:0:0:0:0:0:0:1:0:1:0:1:0:1:0:0:1:1:0:0:0:0:0:7:,7,27.0,1.0,

Q,0,8,explore:3:3:3:3:3:3:3:3:3:3:3:3:3:3:3:3:3:3:3:3:3:3:3:3:3:0:0:0:0:0:0:0:0:0:0:0:0:0:0:1:0:0:0:0:0:0:0:0:0:0:7:,8,57.0,1.0,
Q,0,8,explore:3:3:3:3:3:3:3:3:3:3:3:3:3:3:3:3:3:3:3:3:3:3:3:3:3:0:0:0:0:0:0:0:0:0:0:0:0:0:0:1:0:0:0:0:0:0:0:0:0:0:7:,15,0.0,1.0,

Q,0,8,explore:3:3:3:3:3:3:3:3:3:3:3:3:3:3:2:3:3:3:2:3:3:3:3:3:3:0:0:0:0:0:0:0:0:0:1:0:1:0:1:0:1:0:0:1:1:0:0:0:0:0:7:,8,57.0,1.0,
Q,0,8,explore:3:3:3:3:3:3:3:3:3:3:3:3:3:3:2:3:3:3:2:3:3:3:3:3:3:0:0:0:0:0:0:0:0:0:1:0:1:0:1:0:1:0:0:1:1:0:0:0:0:0:7:,24,0.890625,1.0,


Q,0,10,explore:3:3:3:3:3:3:3:3:3:3:3:3:3:3:2:3:3:3:3:3:3:3:3:3:3:0:0:0:0:0:0:0:0:0:1:0:1:0:1:0:1:0:0:1:1:0:0:0:0:0:9:,25,0.0,1.0,
Q,0,10,explore:3:3:3:3:3:3:3:3:3:3:3:3:3:3:2:3:3:3:3:3:3:3:3:3:3:0:0:0:0:0:0:0:0:0:1:0:1:0:1:0:1:0:0:1:1:0:0:0:0:0:9:,10,0.2528125,1.0,
Q,0,10,explore:3:3:3:3:3:3:3:3:3:3:3:3:3:3:2:3:3:3:3:3:3:3:3:3:3:0:0:0:0:0:0:0:0:0:1:0:1:0:1:0:1:0:0:1:1:0:0:0:0:0:9:,19,1.75,1.0,
Q,0,10,explore:3:3:3:3:3:3:3:3:3:3:3:3:3:3:2:3:3:3:3:3:3:3:3:3:3:0:0:0:0:0:0:0:0:0:1:0:1:0:1:0:1:0:0:1:1:0:0:0:0:0:9:,21,0.0,1.0,
Q,0,10,explore:3:3:3:3:3:3:3:3:3:3:3:3:3:3:2:3:3:3:3:3:3:3:3:3:3:0:0:0:0:0:0:0:0:0:1:0:1:0:1:0:1:0:0:1:1:0:0:0:0:0:9:,22,0.125625,1.0,

Q,0,10,explore:3:3:3:3:3:3:3:3:3:3:3:3:3:3:2:3:3:3:3:3:3:3:3:3:3:0:0:0:0:0:0:0:0:0:0:0:0:0:0:1:0:0:0:0:0:0:0:0:0:0:9:,10,57.03,1.0,
Q,0,10,explore:3:3:3:3:3:3:3:3:3:3:3:3:3:3:2:3:3:3:3:3:3:3:3:3:3:0:0:0:0:0:0:0:0:0:0:0:0:0:0:1:0:0:0:0:0:0:0:0:0:0:9:,15,0.06,1.0,

Q,0,10,explore:3:3:3:3:3:3:3:3:3:3:3:2:3:2:2:2:3:3:2:2:3:3:3:3:3:0:0:0:0:0:0:0:0:0:1:0:1:0:1:0:1:0:0:1:1:0:0:0:0:0:9:,10,0.19,1.0,

Q,0,10,explore:3:3:3:3:3:3:3:3:3:3:3:3:3:3:3:3:3:3:3:3:3:3:3:3:3:0:0:0:0:0:0:0:0:0:0:0:0:0:0:1:0:0:0:0:0:0:0:0:0:0:9:,8,14.361328125,1.0,
Q,0,10,explore:3:3:3:3:3:3:3:3:3:3:3:3:3:3:3:3:3:3:3:3:3:3:3:3:3:0:0:0:0:0:0:0:0:0:0:0:0:0:0:1:0:0:0:0:0:0:0:0:0:0:9:,10,64.1806640625,1.0,
Q,0,10,explore:3:3:3:3:3:3:3:3:3:3:3:3:3:3:3:3:3:3:3:3:3:3:3:3:3:0:0:0:0:0:0:0:0:0:0:0:0:0:0:1:0:0:0:0:0:0:0:0:0:0:9:,12,0.0,1.0,
Q,0,10,explore:3:3:3:3:3:3:3:3:3:3:3:3:3:3:3:3:3:3:3:3:3:3:3:3:3:0:0:0:0:0:0:0:0:0:0:0:0:0:0:1:0:0:0:0:0:0:0:0:0:0:9:,13,27.0,1.0,
Q,0,10,explore:3:3:3:3:3:3:3:3:3:3:3:3:3:3:3:3:3:3:3:3:3:3:3:3:3:0:0:0:0:0:0:0:0:0:0:0:0:0:0:1:0:0:0:0:0:0:0:0:0:0:9:,20,3.0,1.0,
Q,0,10,explore:3:3:3:3:3:3:3:3:3:3:3:3:3:3:3:3:3:3:3:3:3:3:3:3:3:0:0:0:0:0:0:0:0:0:0:0:0:0:0:1:0:0:0:0:0:0:0:0:0:0:9:,22,0.0,1.0,
Q,0,10,explore:3:3:3:3:3:3:3:3:3:3:3:3:3:3:3:3:3:3:3:3:3:3:3:3:3:0:0:0:0:0:0:0:0:0:0:0:0:0:0:1:0:0:0:0:0:0:0:0:0:0:9:,25,0.0,1.0,

Q,0,10,explore:3:3:3:3:3:3:3:3:3:3:3:2:3:3:2:2:3:3:2:2:3:3:3:3:3:0:0:0:0:0:0:0:0:0:1:0:1:0:1:0:1:0:0:1:1:0:0:0:0:0:9:,10,0.208984375,1.0,
Q,0,10,explore:3:3:3:3:3:3:3:3:3:3:3:2:3:3:2:2:3:3:2:2:3:3:3:3:3:0:0:0:0:0:0:0:0:0:1:0:1:0:1:0:1:0:0:1:1:0:0:0:0:0:9:,14,0.151875,1.0,

Q,0,10,explore:3:3:3:3:3:3:3:3:3:3:3:3:3:3:2:2:3:3:2:2:3:3:3:3:3:0:0:0:0:0:0:0:0:0:1:0:1:0:1:0:1:0:0:1:1:0:0:0:0:0:9:,7,9.0556640625,1.0,
Q,0,10,explore:3:3:3:3:3:3:3:3:3:3:3:3:3:3:2:2:3:3:2:2:3:3:3:3:3:0:0:0:0:0:0:0:0:0:1:0:1:0:1:0:1:0:0:1:1:0:0:0:0:0:9:,10,5.19158203125,1.0,
Q,0,10,explore:3:3:3:3:3:3:3:3:3:3:3:3:3:3:2:2:3:3:2:2:3:3:3:3:3:0:0:0:0:0:0:0:0:0:1:0:1:0:1:0:1:0:0:1:1:0:0:0:0:0:9:,12,1.875,1.0,
Q,0,10,explore:3:3:3:3:3:3:3:3:3:3:3:3:3:3:2:2:3:3:2:2:3:3:3:3:3:0:0:0:0:0:0:0:0:0:1:0:1:0:1:0:1:0:0:1:1:0:0:0:0:0:9:,16,10.0031640625,1.0,
Q,0,10,explore:3:3:3:3:3:3:3:3:3:3:3:3:3:3:2:2:3:3:2:2:3:3:3:3:3:0:0:0:0:0:0:0:0:0:1:0:1:0:1:0:1:0:0:1:1:0:0:0:0:0:9:,18,0.0,1.0,
Q,0,10,explore:3:3:3:3:3:3:3:3:3:3:3:3:3:3:2:2:3:3:2:2:3:3:3:3:3:0:0:0:0:0:0:0:0:0:1:0:1:0:1:0:1:0:0:1:1:0:0:0:0:0:9:,23,0.0358333333333,1.0,


Q,0,11,explore:3:3:3:3:3:3:3:3:3:3:3:2:3:3:2:2:3:3:2:2:3:3:3:3:3:0:0:0:0:0:0:0:0:0:1:0:1:0:1:0:1:0:0:1:1:0:0:0:0:0:10:,11,57.2431640625,1.0,
Q,0,11,explore:3:3:3:3:3:3:3:3:3:3:3:2:3:3:2:2:3:3:2:2:3:3:3:3:3:0:0:0:0:0:0:0:0:0:1:0:1:0:1:0:1:0:0:1:1:0:0:0:0:0:10:,13,0.486328125,1.0,
Q,0,11,explore:3:3:3:3:3:3:3:3:3:3:3:2:3:3:2:2:3:3:2:2:3:3:3:3:3:0:0:0:0:0:0:0:0:0:1:0:1:0:1:0:1:0:0:1:1:0:0:0:0:0:10:,21,7.125,1.0,

Q,0,11,explore:3:3:3:3:3:3:3:3:3:3:3:3:3:3:2:3:3:3:3:3:3:3:3:3:3:0:0:0:0:0:0:0:0:0:0:0:0:0:0:1:0:0:0:0:0:0:0:0:0:0:10:,0,28.5,1.0,
Q,0,11,explore:3:3:3:3:3:3:3:3:3:3:3:3:3:3:2:3:3:3:3:3:3:3:3:3:3:0:0:0:0:0:0:0:0:0:0:0:0:0:0:1:0:0:0:0:0:0:0:0:0:0:10:,2,57.03,1.0,
Q,0,11,explore:3:3:3:3:3:3:3:3:3:3:3:3:3:3:2:3:3:3:3:3:3:3:3:3:3:0:0:0:0:0:0:0:0:0:0:0:0:0:0:1:0:0:0:0:0:0:0:0:0:0:10:,4,60.0,1.0,
Q,0,11,explore:3:3:3:3:3:3:3:3:3:3:3:3:3:3:2:3:3:3:3:3:3:3:3:3:3:0:0:0:0:0:0:0:0:0:0:0:0:0:0:1:0:0:0:0:0:0:0:0:0:0:10:,5,0.5361328125,1.0,
Q,0,11,explore:3:3:3:3:3:3:3:3:3:3:3:3:3:3:2:3:3:3:3:3:3:3:3:3:3:0:0:0:0:0:0:0:0:0:0:0:0:0:0:1:0:0:0:0:0:0:0:0:0:0:10:,6,7.125,1.0,
Q,0,11,explore:3:3:3:3:3:3:3:3:3:3:3:3:3:3:2:3:3:3:3:3:3:3:3:3:3:0:0:0:0:0:0:0:0:0:0:0:0:0:0:1:0:0:0:0:0:0:0:0:0:0:10:,7,66.890625,1.0,
Q,0,11,explore:3:3:3:3:3:3:3:3:3:3:3:3:3:3:2:3:3:3:3:3:3:3:3:3:3:0:0:0:0:0:0:0:0:0:0:0:0:0:0:1:0:0:0:0:0:0:0:0:0:0:10:,8,42.75,1.0,
Q,0,11,explore:3:3:3:3:3:3:3:3:3:3:3:3:3:3:2:3:3:3:3:3:3:3:3:3:3:0:0:0:0:0:0:0:0:0:0:0:0:0:0:1:0:0:0:0:0:0:0:0:0:0:10:,9,81.890625,1.0,
Q,0,11,explore:3:3:3:3:3:3:3:3:3:3:3:3:3:3:2:3:3:3:3:3:3:3:3:3:3:0:0:0:0:0:0:0:0:0:0:0:0:0:0:1:0:0:0:0:0:0:0:0:0:0:10:,11,86.390625,1.0,
Q,0,11,explore:3:3:3:3:3:3:3:3:3:3:3:3:3:3:2:3:3:3:3:3:3:3:3:3:3:0:0:0:0:0:0:0:0:0:0:0:0:0:0:1:0:0:0:0:0:0:0:0:0:0:10:,16,40.5556640625,1.0,
Q,0,11,explore:3:3:3:3:3:3:3:3:3:3:3:3:3:3:2:3:3:3:3:3:3:3:3:3:3:0:0:0:0:0:0:0:0:0:0:0:0:0:0:1:0:0:0:0:0:0:0:0:0:0:10:,17,29.390625,1.0,
Q,0,11,explore:3:3:3:3:3:3:3:3:3:3:3:3:3:3:2:3:3:3:3:3:3:3:3:3:3:0:0:0:0:0:0:0:0:0:0:0:0:0:0:1:0:0:0:0:0:0:0:0:0:0:10:,19,1.125,1.0,
Q,0,11,explore:3:3:3:3:3:3:3:3:3:3:3:3:3:3:2:3:3:3:3:3:3:3:3:3:3:0:0:0:0:0:0:0:0:0:0:0:0:0:0:1:0:0:0:0:0:0:0:0:0:0:10:,20,10.5010416667,1.0,
Q,0,11,explore:3:3:3:3:3:3:3:3:3:3:3:3:3:3:2:3:3:3:3:3:3:3:3:3:3:0:0:0:0:0:0:0:0:0:0:0:0:0:0:1:0:0:0:0:0:0:0:0:0:0:10:,22,0.0,1.0,
Q,0,11,explore:3:3:3:3:3:3:3:3:3:3:3:3:3:3:2:3:3:3:3:3:3:3:3:3:3:0:0:0:0:0:0:0:0:0:0:0:0:0:0:1:0:0:0:0:0:0:0:0:0:0:10:,23,1.072265625,1.0,
Q,0,11,explore:3:3:3:3:3:3:3:3:3:3:3:3:3:3:2:3:3:3:3:3:3:3:3:3:3:0:0:0:0:0:0:0:0:0:0:0:0:0:0:1:0:0:0:0:0:0:0:0:0:0:10:,24,0.00208333333333,1.0,
Q,0,11,explore:3:3:3:3:3:3:3:3:3:3:3:3:3:3:2:3:3:3:3:3:3:3:3:3:3:0:0:0:0:0:0:0:0:0:0:0:0:0:0:1:0:0:0:0:0:0:0:0:0:0:10:,25,0.0,1.0,
Q,0,11,explore:3:3:3:3:3:3:3:3:3:3:3:3:3:3:2:3:3:3:3:3:3:3:3:3:3:0:0:0:0:0:0:0:0:0:0:0:0:0:0:1:0:0:0:0:0:0:0:0:0:0:10:,26,0.0,1.0,

Q,0,11,explore:3:3:3:3:3:3:3:3:3:3:3:3:3:3:3:3:3:3:3:3:3:3:3:3:3:0:0:0:0:0:0:0:0:0:0:0:0:0:0:1:0:0:0:0:0:0:0:0:0:0:10:,0,0.0,1.0,
Q,0,11,explore:3:3:3:3:3:3:3:3:3:3:3:3:3:3:3:3:3:3:3:3:3:3:3:3:3:0:0:0:0:0:0:0:0:0:0:0:0:0:0:1:0:0:0:0:0:0:0:0:0:0:10:,1,57.77375,1.0,
Q,0,11,explore:3:3:3:3:3:3:3:3:3:3:3:3:3:3:3:3:3:3:3:3:3:3:3:3:3:0:0:0:0:0:0:0:0:0:0:0:0:0:0:1:0:0:0:0:0:0:0:0:0:0:10:,2,0.0,1.0,
Q,0,11,explore:3:3:3:3:3:3:3:3:3:3:3:3:3:3:3:3:3:3:3:3:3:3:3:3:3:0:0:0:0:0:0:0:0:0:0:0:0:0:0:1:0:0:0:0:0:0:0:0:0:0:10:,4,0.0,1.0,
Q,0,11,explore:3:3:3:3:3:3:3:3:3:3:3:3:3:3:3:3:3:3:3:3:3:3:3:3:3:0:0:0:0:0:0:0:0:0:0:0:0:0:0:1:0:0:0:0:0:0:0:0:0:0:10:,5,3.0,1.0,
Q,0,11,explore:3:3:3:3:3:3:3:3:3:3:3:3:3:3:3:3:3:3:3:3:3:3:3:3:3:0:0:0:0:0:0:0:0:0:0:0:0:0:0:1:0:0:0:0:0:0:0:0:0:0:10:,6,28.125,1.0,
Q,0,11,explore:3:3:3:3:3:3:3:3:3:3:3:3:3:3:3:3:3:3:3:3:3:3:3:3:3:0:0:0:0:0:0:0:0:0:0:0:0:0:0:1:0:0:0:0:0:0:0:0:0:0:10:,7,0.017578125,1.0,
Q,0,11,explore:3:3:3:3:3:3:3:3:3:3:3:3:3:3:3:3:3:3:3:3:3:3:3:3:3:0:0:0:0:0:0:0:0:0:0:0:0:0:0:1:0:0:0:0:0:0:0:0:0:0:10:,8,44.25,1.0,
Q,0,11,explore:3:3:3:3:3:3:3:3:3:3:3:3:3:3:3:3:3:3:3:3:3:3:3:3:3:0:0:0:0:0:0:0:0:0:0:0:0:0:0:1:0:0:0:0:0:0:0:0:0:0:10:,11,58.8515625,1.0,
Q,0,11,explore:3:3:3:3:3:3:3:3:3:3:3:3:3:3:3:3:3:3:3:3:3:3:3:3:3:0:0:0:0:0:0:0:0:0:0:0:0:0:0:1:0:0:0:0:0:0:0:0:0:0:10:,12,54.0,1.0,
Q,0,11,explore:3:3:3:3:3:3:3:3:3:3:3:3:3:3:3:3:3:3:3:3:3:3:3:3:3:0:0:0:0:0:0:0:0:0:0:0:0:0:0:1:0:0:0:0:0:0:0:0:0:0:10:,13,34.5,1.0,
Q,0,11,explore:3:3:3:3:3:3:3:3:3:3:3:3:3:3:3:3:3:3:3:3:3:3:3:3:3:0:0:0:0:0:0:0:0:0:0:0:0:0:0:1:0:0:0:0:0:0:0:0:0:0:10:,14,0.0,1.0,
Q,0,11,explore:3:3:3:3:3:3:3:3:3:3:3:3:3:3:3:3:3:3:3:3:3:3:3:3:3:0:0:0:0:0:0:0:0:0:0:0:0:0:0:1:0:0:0:0:0:0:0:0:0:0:10:,15,6.19,1.0,
Q,0,11,explore:3:3:3:3:3:3:3:3:3:3:3:3:3:3:3:3:3:3:3:3:3:3:3:3:3:0:0:0:0:0:0:0:0:0:0:0:0:0:0:1:0:0:0:0:0:0:0:0:0:0:10:,17,7.40625,1.0,
Q,0,11,explore:3:3:3:3:3:3:3:3:3:3:3:3:3:3:3:3:3:3:3:3:3:3:3:3:3:0:0:0:0:0:0:0:0:0:0:0:0:0:0:1:0:0:0:0:0:0:0:0:0:0:10:,20,0.0,1.0,
Q,0,11,explore:3:3:3:3:3:3:3:3:3:3:3:3:3:3:3:3:3:3:3:3:3:3:3:3:3:0:0:0:0:0:0:0:0:0:0:0:0:0:0:1:0:0:0:0:0:0:0:0:0:0:10:,21,0.0,1.0,

Q,0,11,explore:3:3:3:3:3:3:3:3:3:3:3:3:3:3:2:3:3:3:2:3:3:3:3:3:3:0:0:0:0:0:0:0:0:0:1:0:1:0:1:0:1:0:0:1:1:0:0:0:0:0:10:,6,130.125,1.0,
Q,0,11,explore:3:3:3:3:3:3:3:3:3:3:3:3:3:3:2:3:3:3:2:3:3:3:3:3:3:0:0:0:0:0:0:0:0:0:1:0:1:0:1:0:1:0:0:1:1:0:0:0:0:0:10:,7,48.0,1.0,
Q,0,11,explore:3:3:3:3:3:3:3:3:3:3:3:3:3:3:2:3:3:3:2:3:3:3:3:3:3:0:0:0:0:0:0:0:0:0:1:0:1:0:1:0:1:0:0:1:1:0:0:0:0:0:10:,9,0.890625,1.0,
Q,0,11,explore:3:3:3:3:3:3:3:3:3:3:3:3:3:3:2:3:3:3:2:3:3:3:3:3:3:0:0:0:0:0:0:0:0:0:1:0:1:0:1:0:1:0:0:1:1:0:0:0:0:0:10:,11,77.0280078125,1.0,
Q,0,11,explore:3:3:3:3:3:3:3:3:3:3:3:3:3:3:2:3:3:3:2:3:3:3:3:3:3:0:0:0:0:0:0:0:0:0:1:0:1:0:1:0:1:0:0:1:1:0:0:0:0:0:10:,12,13.2651855469,1.0,
Q,0,11,explore:3:3:3:3:3:3:3:3:3:3:3:3:3:3:2:3:3:3:2:3:3:3:3:3:3:0:0:0:0:0:0:0:0:0:1:0:1:0:1:0:1:0:0:1:1:0:0:0:0:0:10:,15,8.09671875,1.0,
Q,0,11,explore:3:3:3:3:3:3:3:3:3:3:3:3:3:3:2:3:3:3:2:3:3:3:3:3:3:0:0:0:0:0:0:0:0:0:1:0:1:0:1:0:1:0:0:1:1:0:0:0:0:0:10:,19,20.0280078125,1.0,
Q,0,11,explore:3:3:3:3:3:3:3:3:3:3:3:3:3:3:2:3:3:3:2:3:3:3:3:3:3:0:0:0:0:0:0:0:0:0:1:0:1:0:1:0:1:0:0:1:1:0:0:0:0:0:10:,20,0.9187890625,1.0,
Q,0,11,explore:3:3:3:3:3:3:3:3:3:3:3:3:3:3:2:3:3:3:2:3:3:3:3:3:3:0:0:0:0:0:0:0:0:0:1:0:1:0:1:0:1:0:0:1:1:0:0:0:0:0:10:,23,29.390625,1.0,
Q,0,11,explore:3:3:3:3:3:3:3:3:3:3:3:3:3:3:2:3:3:3:2:3:3:3:3:3:3:0:0:0:0:0:0:0:0:0:1:0:1:0:1:0:1:0:0:1:1:0:0:0:0:0:10:,24,0.205833333333,1.0,
Q,0,11,explore:3:3:3:3:3:3:3:3:3:3:3:3:3:3:2:3:3:3:2:3:3:3:3:3:3:0:0:0:0:0:0:0:0:0:1:0:1:0:1:0:1:0:0:1:1:0:0:0:0:0:10:,25,0.135,1.0,

Q,0,11,explore:3:3:3:3:3:3:3:3:3:3:3:3:3:3:2:2:3:3:2:3:3:3:3:3:3:0:0:0:0:0:0:0:0:0:1:0:1:0:1:0:1:0:0:1:1:0:0:0:0:0:10:,0,5.000703125,1.0,
Q,0,11,explore:3:3:3:3:3:3:3:3:3:3:3:3:3:3:2:2:3:3:2:3:3:3:3:3:3:0:0:0:0:0:0:0:0:0:1:0:1:0:1:0:1:0:0:1:1:0:0:0:0:0:10:,4,7.5087890625,1.0,
Q,0,11,explore:3:3:3:3:3:3:3:3:3:3:3:3:3:3:2:2:3:3:2:3:3:3:3:3:3:0:0:0:0:0:0:0:0:0:1:0:1:0:1:0:1:0:0:1:1:0:0:0:0:0:10:,11,57.0969791667,1.0,
Q,0,11,explore:3:3:3:3:3:3:3:3:3:3:3:3:3:3:2:2:3:3:2:3:3:3:3:3:3:0:0:0:0:0:0:0:0:0:1:0:1:0:1:0:1:0:0:1:1:0:0:0:0:0:10:,13,0.815087890625,1.0,
Q,0,11,explore:3:3:3:3:3:3:3:3:3:3:3:3:3:3:2:2:3:3:2:3:3:3:3:3:3:0:0:0:0:0:0:0:0:0:1:0:1:0:1:0:1:0:0:1:1:0:0:0:0:0:10:,14,0.0969791666667,1.0,
Q,0,11,explore:3:3:3:3:3:3:3:3:3:3:3:3:3:3:2:2:3:3:2:3:3:3:3:3:3:0:0:0:0:0:0:0:0:0:1:0:1:0:1:0:1:0:0:1:1:0:0:0:0:0:10:,25,0.126666666667,1.0,

Q,0,11,explore:3:3:3:3:3:3:3:3:3:3:3:3:3:3:2:2:3:3:2:2:3:3:3:3:3:0:0:0:0:0:0:0:0:0:1:0:1:0:1:0:1:0:0:1:1:0:0:0:0:0:10:,6,30.0,1.0,
Q,0,11,explore:3:3:3:3:3:3:3:3:3:3:3:3:3:3:2:2:3:3:2:2:3:3:3:3:3:0:0:0:0:0:0:0:0:0:1:0:1:0:1:0:1:0:0:1:1:0:0:0:0:0:10:,9,0.000546875,1.0,
Q,0,11,explore:3:3:3:3:3:3:3:3:3:3:3:3:3:3:2:2:3:3:2:2:3:3:3:3:3:0:0:0:0:0:0:0:0:0:1:0:1:0:1:0:1:0:0:1:1:0:0:0:0:0:10:,10,0.07,1.0,
Q,0,11,explore:3:3:3:3:3:3:3:3:3:3:3:3:3:3:2:2:3:3:2:2:3:3:3:3:3:0:0:0:0:0:0:0:0:0:1:0:1:0:1:0:1:0:0:1:1:0:0:0:0:0:10:,11,57.0,1.0,
Q,0,11,explore:3:3:3:3:3:3:3:3:3:3:3:3:3:3:2:2:3:3:2:2:3:3:3:3:3:0:0:0:0:0:0:0:0:0:1:0:1:0:1:0:1:0:0:1:1:0:0:0:0:0:10:,13,0.00949869791667,1.0,
Q,0,11,explore:3:3:3:3:3:3:3:3:3:3:3:3:3:3:2:2:3:3:2:2:3:3:3:3:3:0:0:0:0:0:0:0:0:0:1:0:1:0:1:0:1:0:0:1:1:0:0:0:0:0:10:,21,0.0,1.0,
Q,0,11,explore:3:3:3:3:3:3:3:3:3:3:3:3:3:3:2:2:3:3:2:2:3:3:3:3:3:0:0:0:0:0:0:0:0:0:1:0:1:0:1:0:1:0:0:1:1:0:0:0:0:0:10:,23,0.0,1.0,

Q,0,11,explore:3:3:3:3:3:3:3:3:3:3:3:2:3:2:2:2:3:3:2:2:3:3:3:3:3:0:0:0:0:0:0:0:0:0:1:0:1:0:1:0:1:0:0:1:1:0:0:0:0:0:10:,18,2.81345703125,1.0,
Q,0,11,explore:3:3:3:3:3:3:3:3:3:3:3:2:3:2:2:2:3:3:2:2:3:3:3:3:3:0:0:0:0:0:0:0:0:0:1:0:1:0:1:0:1:0:0:1:1:0:0:0:0:0:10:,11,59.0625,1.0,
Q,0,11,explore:3:3:3:3:3:3:3:3:3:3:3:2:3:2:2:2:3:3:2:2:3:3:3:3:3:0:0:0:0:0:0:0:0:0:1:0:1:0:1:0:1:0:0:1:1:0:0:0:0:0:10:,22,0.126328125,1.0,
Q,0,11,explore:3:3:3:3:3:3:3:3:3:3:3:2:3:2:2:2:3:3:2:2:3:3:3:3:3:0:0:0:0:0:0:0:0:0:1:0:1:0:1:0:1:0:0:1:1:0:0:0:0:0:10:,15,16.5,1.0,

Q,0,11,explore:3:3:3:3:3:3:3:3:3:3:3:3:3:3:3:3:3:3:3:3:3:3:3:3:3:0:0:0:0:0:0:0:0:0:1:1:1:0:0:1:1:0:0:1:0:0:0:0:0:0:10:,11,1.8775,1.0,
Q,0,11,explore:3:3:3:3:3:3:3:3:3:3:3:3:3:3:3:3:3:3:3:3:3:3:3:3:3:0:0:0:0:0:0:0:0:0:1:1:1:0:0:1:1:0:0:1:0:0:0:0:0:0:10:,6,27.0,1.0,

Q,0,11,explore:3:3:3:3:3:3:3:3:3:3:3:3:3:3:2:3:3:3:3:3:3:3:3:3:3:0:0:0:0:0:0:0:0:0:1:0:1:0:1:0:1:0:0:1:1:0:0:0:0:0:10:,0,0.09,1.0,
Q,0,11,explore:3:3:3:3:3:3:3:3:3:3:3:3:3:3:2:3:3:3:3:3:3:3:3:3:3:0:0:0:0:0:0:0:0:0:1:0:1:0:1:0:1:0:0:1:1:0:0:0:0:0:10:,1,0.0,1.0,
Q,0,11,explore:3:3:3:3:3:3:3:3:3:3:3:3:3:3:2:3:3:3:3:3:3:3:3:3:3:0:0:0:0:0:0:0:0:0:1:0:1:0:1:0:1:0:0:1:1:0:0:0:0:0:10:,2,0.2528125,1.0,
Q,0,11,explore:3:3:3:3:3:3:3:3:3:3:3:3:3:3:2:3:3:3:3:3:3:3:3:3:3:0:0:0:0:0:0:0:0:0:1:0:1:0:1:0:1:0:0:1:1:0:0:0:0:0:10:,3,0.2578125,1.0,
Q,0,11,explore:3:3:3:3:3:3:3:3:3:3:3:3:3:3:2:3:3:3:3:3:3:3:3:3:3:0:0:0:0:0:0:0:0:0:1:0:1:0:1:0:1:0:0:1:1:0:0:0:0:0:10:,4,0.052734375,1.0,
Q,0,11,explore:3:3:3:3:3:3:3:3:3:3:3:3:3:3:2:3:3:3:3:3:3:3:3:3:3:0:0:0:0:0:0:0:0:0:1:0:1:0:1:0:1:0:0:1:1:0:0:0:0:0:10:,5,0.4453125,1.0,
Q,0,11,explore:3:3:3:3:3:3:3:3:3:3:3:3:3:3:2:3:3:3:3:3:3:3:3:3:3:0:0:0:0:0:0:0:0:0:1:0:1:0:1:0:1:0:0:1:1:0:0:0:0:0:10:,6,44.390625,1.0,
Q,0,11,explore:3:3:3:3:3:3:3:3:3:3:3:3:3:3:2:3:3:3:3:3:3:3:3:3:3:0:0:0:0:0:0:0:0:0:1:0:1:0:1:0:1:0:0:1:1:0:0:0:0:0:10:,7,33.0,1.0,
Q,0,11,explore:3:3:3:3:3:3:3:3:3:3:3:3:3:3:2:3:3:3:3:3:3:3:3:3:3:0:0:0:0:0:0:0:0:0:1:0:1:0:1:0:1:0:0:1:1:0:0:0:0:0:10:,8,50.063125,2.0,
Q,0,11,explore:3:3:3:3:3:3:3:3:3:3:3:3:3:3:2:3:3:3:3:3:3:3:3:3:3:0:0:0:0:0:0:0:0:0:1:0:1:0:1:0:1:0:0:1:1:0:0:0:0:0:10:,9,1.6875,1.0,
Q,0,11,explore:3:3:3:3:3:3:3:3:3:3:3:3:3:3:2:3:3:3:3:3:3:3:3:3:3:0:0:0:0:0:0:0:0:0:1:0:1:0:1:0:1:0:0:1:1:0:0:0:0:0:10:,10,1.87,1.0,
Q,0,11,explore:3:3:3:3:3:3:3:3:3:3:3:3:3:3:2:3:3:3:3:3:3:3:3:3:3:0:0:0:0:0:0:0:0:0:1:0:1:0:1:0:1:0:0:1:1:0:0:0:0:0:10:,11,84.1068055556,3.0,
Q,0,11,explore:3:3:3:3:3:3:3:3:3:3:3:3:3:3:2:3:3:3:3:3:3:3:3:3:3:0:0:0:0:0:0:0:0:0:1:0:1:0:1:0:1:0:0:1:1:0:0:0:0:0:10:,12,0.1975390625,1.0,
Q,0,11,explore:3:3:3:3:3:3:3:3:3:3:3:3:3:3:2:3:3:3:3:3:3:3:3:3:3:0:0:0:0:0:0:0:0:0:1:0:1:0:1:0:1:0:0:1:1:0:0:0:0:0:10:,13,16.69,1.0,
Q,0,11,explore:3:3:3:3:3:3:3:3:3:3:3:3:3:3:2:3:3:3:3:3:3:3:3:3:3:0:0:0:0:0:0:0:0:0:1:0:1:0:1:0:1:0:0:1:1:0:0:0:0:0:10:,14,33.341484375,2.0,
Q,0,11,explore:3:3:3:3:3:3:3:3:3:3:3:3:3:3:2:3:3:3:3:3:3:3:3:3:3:0:0:0:0:0:0:0:0:0:1:0:1:0:1:0:1:0:0:1:1:0:0:0:0:0:10:,15,18.0263671875,1.0,
Q,0,11,explore:3:3:3:3:3:3:3:3:3:3:3:3:3:3:2:3:3:3:3:3:3:3:3:3:3:0:0:0:0:0:0:0:0:0:1:0:1:0:1:0:1:0:0:1:1:0:0:0:0:0:10:,16,0.2306640625,1.0,
Q,0,11,explore:3:3:3:3:3:3:3:3:3:3:3:3:3:3:2:3:3:3:3:3:3:3:3:3:3:0:0:0:0:0:0:0:0:0:1:0:1:0:1:0:1:0:0:1:1:0:0:0:0:0:10:,17,0.0556640625,1.0,
Q,0,11,explore:3:3:3:3:3:3:3:3:3:3:3:3:3:3:2:3:3:3:3:3:3:3:3:3:3:0:0:0:0:0:0:0:0:0:1:0:1:0:1:0:1:0:0:1:1:0:0:0:0:0:10:,18,0.0,1.0,
Q,0,11,explore:3:3:3:3:3:3:3:3:3:3:3:3:3:3:2:3:3:3:3:3:3:3:3:3:3:0:0:0:0:0:0:0:0:0:1:0:1:0:1:0:1:0:0:1:1:0:0:0:0:0:10:,19,24.1222265625,1.0,
Q,0,11,explore:3:3:3:3:3:3:3:3:3:3:3:3:3:3:2:3:3:3:3:3:3:3:3:3:3:0:0:0:0:0:0:0:0:0:1:0:1:0:1:0:1:0:0:1:1:0:0:0:0:0:10:,20,0.02375,1.0,
Q,0,11,explore:3:3:3:3:3:3:3:3:3:3:3:3:3:3:2:3:3:3:3:3:3:3:3:3:3:0:0:0:0:0:0:0:0:0:1:0:1:0:1:0:1:0:0:1:1:0:0:0:0:0:10:,21,0.06,1.0,
Q,0,11,explore:3:3:3:3:3:3:3:3:3:3:3:3:3:3:2:3:3:3:3:3:3:3:3:3:3:0:0:0:0:0:0:0:0:0:1:0:1:0:1:0:1:0:0:1:1:0:0:0:0:0:10:,22,0.50125,1.0,
Q,0,11,explore:3:3:3:3:3:3:3:3:3:3:3:3:3:3:2:3:3:3:3:3:3:3:3:3:3:0:0:0:0:0:0:0:0:0:1:0:1:0:1:0:1:0:0:1:1:0:0:0:0:0:10:,23,0.0,1.0,
Q,0,11,explore:3:3:3:3:3:3:3:3:3:3:3:3:3:3:2:3:3:3:3:3:3:3:3:3:3:0:0:0:0:0:0:0:0:0:1:0:1:0:1:0:1:0:0:1:1:0:0:0:0:0:10:,24,0.0,1.0,
Q,0,11,explore:3:3:3:3:3:3:3:3:3:3:3:3:3:3:2:3:3:3:3:3:3:3:3:3:3:0:0:0:0:0:0:0:0:0:1:0:1:0:1:0:1:0:0:1:1:0:0:0:0:0:10:,25,1.305625,1.0,
Q,0,11,explore:3:3:3:3:3:3:3:3:3:3:3:3:3:3:2:3:3:3:3:3:3:3:3:3:3:0:0:0:0:0:0:0:0:0:1:0:1:0:1:0:1:0:0:1:1:0:0:0:0:0:10:,26,0.111328125,1.0,


Q,0,12,explore:3:3:3:3:3:3:3:3:3:3:3:2:3:3:2:2:3:3:2:2:3:3:3:3:3:0:0:0:0:0:0:0:0:0:1:0:1:0:1:0:1:0:0:1:1:0:0:0:0:0:11:,16,0.156790364583,1.0,
Q,0,12,explore:3:3:3:3:3:3:3:3:3:3:3:2:3:3:2:2:3:3:2:2:3:3:3:3:3:0:0:0:0:0:0:0:0:0:1:0:1:0:1:0:1:0:0:1:1:0:0:0:0:0:11:,17,52.5019791667,1.0,
Q,0,12,explore:3:3:3:3:3:3:3:3:3:3:3:2:3:3:2:2:3:3:2:2:3:3:3:3:3:0:0:0:0:0:0:0:0:0:1:0:1:0:1:0:1:0:0:1:1:0:0:0:0:0:11:,18,5.0,1.0,
Q,0,12,explore:3:3:3:3:3:3:3:3:3:3:3:2:3:3:2:2:3:3:2:2:3:3:3:3:3:0:0:0:0:0:0:0:0:0:1:0:1:0:1:0:1:0:0:1:1:0:0:0:0:0:11:,12,1.37666666667,1.0,
Q,0,12,explore:3:3:3:3:3:3:3:3:3:3:3:2:3:3:2:2:3:3:2:2:3:3:3:3:3:0:0:0:0:0:0:0:0:0:1:0:1:0:1:0:1:0:0:1:1:0:0:0:0:0:11:,5,1.9453125,1.0,

Q,0,12,explore:3:3:3:3:3:3:3:3:3:3:3:2:3:2:2:2:3:3:2:2:3:3:3:3:3:0:0:0:0:0:0:0:0:0:1:0:1:0:1:0:1:0:0:1:1:0:0:0:0:0:11:,2,0.0631640625,1.0,
Q,0,12,explore:3:3:3:3:3:3:3:3:3:3:3:2:3:2:2:2:3:3:2:2:3:3:3:3:3:0:0:0:0:0:0:0:0:0:1:0:1:0:1:0:1:0:0:1:1:0:0:0:0:0:11:,12,0.127037760417,1.0,
Q,0,12,explore:3:3:3:3:3:3:3:3:3:3:3:2:3:2:2:2:3:3:2:2:3:3:3:3:3:0:0:0:0:0:0:0:0:0:1:0:1:0:1:0:1:0:0:1:1:0:0:0:0:0:11:,6,0.001484375,1.0,

Q,0,12,explore:3:3:3:3:3:3:3:3:3:3:3:3:3:3:3:3:3:3:3:3:3:3:3:3:3:0:0:0:0:0:0:0:0:0:0:0:0:0:0:1:0:0:0:0:0:0:0:0:0:0:11:,0,0.328125,1.0,
Q,0,12,explore:3:3:3:3:3:3:3:3:3:3:3:3:3:3:3:3:3:3:3:3:3:3:3:3:3:0:0:0:0:0:0:0:0:0:0:0:0:0:0:1:0:0:0:0:0:0:0:0:0:0:11:,3,0.0,1.0,
Q,0,12,explore:3:3:3:3:3:3:3:3:3:3:3:3:3:3:3:3:3:3:3:3:3:3:3:3:3:0:0:0:0:0:0:0:0:0:0:0:0:0:0:1:0:0:0:0:0:0:0:0:0:0:11:,4,0.5625,1.0,
Q,0,12,explore:3:3:3:3:3:3:3:3:3:3:3:3:3:3:3:3:3:3:3:3:3:3:3:3:3:0:0:0:0:0:0:0:0:0:0:0:0:0:0:1:0:0:0:0:0:0:0:0:0:0:11:,10,0.0,1.0,
Q,0,12,explore:3:3:3:3:3:3:3:3:3:3:3:3:3:3:3:3:3:3:3:3:3:3:3:3:3:0:0:0:0:0:0:0:0:0:0:0:0:0:0:1:0:0:0:0:0:0:0:0:0:0:11:,12,57.0,1.0,
Q,0,12,explore:3:3:3:3:3:3:3:3:3:3:3:3:3:3:3:3:3:3:3:3:3:3:3:3:3:0:0:0:0:0:0:0:0:0:0:0:0:0:0:1:0:0:0:0:0:0:0:0:0:0:11:,13,34.5,1.0,
Q,0,12,explore:3:3:3:3:3:3:3:3:3:3:3:3:3:3:3:3:3:3:3:3:3:3:3:3:3:0:0:0:0:0:0:0:0:0:0:0:0:0:0:1:0:0:0:0:0:0:0:0:0:0:11:,14,1.125,1.0,
Q,0,12,explore:3:3:3:3:3:3:3:3:3:3:3:3:3:3:3:3:3:3:3:3:3:3:3:3:3:0:0:0:0:0:0:0:0:0:0:0:0:0:0:1:0:0:0:0:0:0:0:0:0:0:11:,15,1.91125,1.0,
Q,0,12,explore:3:3:3:3:3:3:3:3:3:3:3:3:3:3:3:3:3:3:3:3:3:3:3:3:3:0:0:0:0:0:0:0:0:0:0:0:0:0:0:1:0:0:0:0:0:0:0:0:0:0:11:,17,6.140625,1.0,

Q,0,12,explore:3:3:3:3:3:3:3:3:3:3:3:3:3:3:3:3:3:3:3:3:3:3:3:3:3:0:0:0:0:0:0:0:0:0:1:1:1:0:0:1:1:0:0:1:0:0:0:0:0:0:11:,20,0.02375,1.0,
Q,0,12,explore:3:3:3:3:3:3:3:3:3:3:3:3:3:3:3:3:3:3:3:3:3:3:3:3:3:0:0:0:0:0:0:0:0:0:1:1:1:0:0:1:1:0:0:1:0:0:0:0:0:0:11:,12,0.1959375,1.0,
Q,0,12,explore:3:3:3:3:3:3:3:3:3:3:3:3:3:3:3:3:3:3:3:3:3:3:3:3:3:0:0:0:0:0:0:0:0:0:1:1:1:0:0:1:1:0:0:1:0:0:0:0:0:0:11:,17,25.125,1.0,
Q,0,12,explore:3:3:3:3:3:3:3:3:3:3:3:3:3:3:3:3:3:3:3:3:3:3:3:3:3:0:0:0:0:0:0:0:0:0:1:1:1:0:0:1:1:0:0:1:0:0:0:0:0:0:11:,23,3.140625,1.0,

Q,0,12,explore:3:3:3:3:3:3:3:3:3:3:3:3:3:3:2:2:3:3:2:2:3:3:3:3:3:0:0:0:0:0:0:0:0:0:1:0:1:0:1:0:1:0:0:1:1:0:0:0:0:0:11:,6,0.05859375,1.0,
Q,0,12,explore:3:3:3:3:3:3:3:3:3:3:3:3:3:3:2:2:3:3:2:2:3:3:3:3:3:0:0:0:0:0:0:0:0:0:1:0:1:0:1:0:1:0:0:1:1:0:0:0:0:0:11:,12,0.219296875,1.0,
Q,0,12,explore:3:3:3:3:3:3:3:3:3:3:3:3:3:3:2:2:3:3:2:2:3:3:3:3:3:0:0:0:0:0:0:0:0:0:1:0:1:0:1:0:1:0:0:1:1:0:0:0:0:0:11:,15,28.0000683594,1.0,
Q,0,12,explore:3:3:3:3:3:3:3:3:3:3:3:3:3:3:2:2:3:3:2:2:3:3:3:3:3:0:0:0:0:0:0:0:0:0:1:0:1:0:1:0:1:0:0:1:1:0:0:0:0:0:11:,16,0.127916666667,1.0,
Q,0,12,explore:3:3:3:3:3:3:3:3:3:3:3:3:3:3:2:2:3:3:2:2:3:3:3:3:3:0:0:0:0:0:0:0:0:0:1:0:1:0:1:0:1:0:0:1:1:0:0:0:0:0:11:,21,3.5625,1.0,
Q,0,12,explore:3:3:3:3:3:3:3:3:3:3:3:3:3:3:2:2:3:3:2:2:3:3:3:3:3:0:0:0:0:0:0:0:0:0:1:0:1:0:1:0:1:0:0:1:1:0:0:0:0:0:11:,23,0.0189973958333,1.0,

Q,0,12,explore:3:3:3:3:3:3:3:3:3:3:3:3:3:3:2:2:3:3:2:3:3:3:3:3:3:0:0:0:0:0:0:0:0:0:1:0:1:0:1:0:1:0:0:1:1:0:0:0:0:0:11:,2,1.25017578125,1.0,
Q,0,12,explore:3:3:3:3:3:3:3:3:3:3:3:3:3:3:2:2:3:3:2:3:3:3:3:3:3:0:0:0:0:0:0:0:0:0:1:0:1:0:1:0:1:0:0:1:1:0:0:0:0:0:11:,12,0.815087890625,1.0,

Q,0,12,explore:3:3:3:3:3:3:3:3:3:3:3:3:3:3:2:3:3:3:2:3:3:3:3:3:3:0:0:0:0:0:0:0:0:0:1:0:1:0:1:0:1:0:0:1:1:0:0:0:0:0:11:,8,48.5625,1.0,
Q,0,12,explore:3:3:3:3:3:3:3:3:3:3:3:3:3:3:2:3:3:3:2:3:3:3:3:3:3:0:0:0:0:0:0:0:0:0:1:0:1:0:1:0:1:0:0:1:1:0:0:0:0:0:11:,12,0.7525,1.0,
Q,0,12,explore:3:3:3:3:3:3:3:3:3:3:3:3:3:3:2:3:3:3:2:3:3:3:3:3:3:0:0:0:0:0:0:0:0:0:1:0:1:0:1:0:1:0:0:1:1:0:0:0:0:0:11:,13,9.0,1.0,
Q,0,12,explore:3:3:3:3:3:3:3:3:3:3:3:3:3:3:2:3:3:3:2:3:3:3:3:3:3:0:0:0:0:0:0:0:0:0:1:0:1:0:1:0:1:0:0:1:1:0:0:0:0:0:11:,14,1.517578125,1.0,
Q,0,12,explore:3:3:3:3:3:3:3:3:3:3:3:3:3:3:2:3:3:3:2:3:3:3:3:3:3:0:0:0:0:0:0:0:0:0:1:0:1:0:1:0:1:0:0:1:1:0:0:0:0:0:11:,16,13.2151855469,1.0,
Q,0,12,explore:3:3:3:3:3:3:3:3:3:3:3:3:3:3:2:3:3:3:2:3:3:3:3:3:3:0:0:0:0:0:0:0:0:0:1:0:1:0:1:0:1:0:0:1:1:0:0:0:0:0:11:,20,0.0,1.0,
Q,0,12,explore:3:3:3:3:3:3:3:3:3:3:3:3:3:3:2:3:3:3:2:3:3:3:3:3:3:0:0:0:0:0:0:0:0:0:1:0:1:0:1:0:1:0:0:1:1:0:0:0:0:0:11:,21,1.78125,1.0,
Q,0,12,explore:3:3:3:3:3:3:3:3:3:3:3:3:3:3:2:3:3:3:2:3:3:3:3:3:3:0:0:0:0:0:0:0:0:0:1:0:1:0:1:0:1:0:0:1:1:0:0:0:0:0:11:,23,0.0,1.0,

Q,0,12,explore:3:3:3:3:3:3:3:3:3:3:3:3:3:3:2:3:3:3:3:3:3:3:3:3:3:0:0:0:0:0:0:0:0:0:0:0:0:0:0:1:0:0:0:0:0:0:0:0:0:0:11:,4,0.0,1.0,
Q,0,12,explore:3:3:3:3:3:3:3:3:3:3:3:3:3:3:2:3:3:3:3:3:3:3:3:3:3:0:0:0:0:0:0:0:0:0:0:0:0:0:0:1:0:0:0:0:0:0:0:0:0:0:11:,12,57.0,1.0,
Q,0,12,explore:3:3:3:3:3:3:3:3:3:3:3:3:3:3:2:3:3:3:3:3:3:3:3:3:3:0:0:0:0:0:0:0:0:0:0:0:0:0:0:1:0:0:0:0:0:0:0:0:0:0:11:,21,7.125,1.0,
Q,0,12,explore:3:3:3:3:3:3:3:3:3:3:3:3:3:3:2:3:3:3:3:3:3:3:3:3:3:0:0:0:0:0:0:0:0:0:0:0:0:0:0:1:0:0:0:0:0:0:0:0:0:0:11:,17,10.3125,1.0,

Q,0,12,explore:3:3:3:3:3:3:3:3:3:3:3:3:3:3:2:3:3:3:3:3:3:3:3:3:3:0:0:0:0:0:0:0:0:0:1:0:1:0:1:0:1:0:0:1:1:0:0:0:0:0:11:,3,0.1375390625,1.0,
Q,0,12,explore:3:3:3:3:3:3:3:3:3:3:3:3:3:3:2:3:3:3:3:3:3:3:3:3:3:0:0:0:0:0:0:0:0:0:1:0:1:0:1:0:1:0:0:1:1:0:0:0:0:0:11:,4,0.0,1.0,
Q,0,12,explore:3:3:3:3:3:3:3:3:3:3:3:3:3:3:2:3:3:3:3:3:3:3:3:3:3:0:0:0:0:0:0:0:0:0:1:0:1:0:1:0:1:0:0:1:1:0:0:0:0:0:11:,11,33.0,1.0,
Q,0,12,explore:3:3:3:3:3:3:3:3:3:3:3:3:3:3:2:3:3:3:3:3:3:3:3:3:3:0:0:0:0:0:0:0:0:0:1:0:1:0:1:0:1:0:0:1:1:0:0:0:0:0:11:,12,16.69,1.0,
Q,0,12,explore:3:3:3:3:3:3:3:3:3:3:3:3:3:3:2:3:3:3:3:3:3:3:3:3:3:0:0:0:0:0:0:0:0:0:1:0:1:0:1:0:1:0:0:1:1:0:0:0:0:0:11:,15,14.0,1.0,


Q,0,13,explore:3:3:3:3:3:3:3:3:3:3:3:3:3:3:3:3:3:3:3:3:3:3:3:3:3:0:0:0:0:0:0:0:0:0:0:0:0:0:0:1:0:0:0:0:0:0:0:0:0:0:12:,26,0.0,1.0,
Q,0,13,explore:3:3:3:3:3:3:3:3:3:3:3:3:3:3:3:3:3:3:3:3:3:3:3:3:3:0:0:0:0:0:0:0:0:0:0:0:0:0:0:1:0:0:0:0:0:0:0:0:0:0:12:,13,57.0,1.0,
Q,0,13,explore:3:3:3:3:3:3:3:3:3:3:3:3:3:3:3:3:3:3:3:3:3:3:3:3:3:0:0:0:0:0:0:0:0:0:0:0:0:0:0:1:0:0:0:0:0:0:0:0:0:0:12:,5,0.0,1.0,

Q,0,13,explore:3:3:3:3:3:3:3:3:3:3:3:3:3:3:2:3:3:3:2:3:3:3:3:3:3:0:0:0:0:0:0:0:0:0:1:0:1:0:1:0:1:0:0:1:1:0:0:0:0:0:12:,11,0.0,1.0,
Q,0,13,explore:3:3:3:3:3:3:3:3:3:3:3:3:3:3:2:3:3:3:2:3:3:3:3:3:3:0:0:0:0:0:0:0:0:0:1:0:1:0:1:0:1:0:0:1:1:0:0:0:0:0:12:,13,57.0,1.0,

Q,0,13,explore:3:3:3:3:3:3:3:3:3:3:3:3:3:3:2:3:3:3:3:3:3:3:3:3:3:0:0:0:0:0:0:0:0:0:0:0:0:0:0:1:0:0:0:0:0:0:0:0:0:0:12:,16,67.5,1.0,
Q,0,13,explore:3:3:3:3:3:3:3:3:3:3:3:3:3:3:2:3:3:3:3:3:3:3:3:3:3:0:0:0:0:0:0:0:0:0:0:0:0:0:0:1:0:0:0:0:0:0:0:0:0:0:12:,18,0.0,1.0,
Q,0,13,explore:3:3:3:3:3:3:3:3:3:3:3:3:3:3:2:3:3:3:3:3:3:3:3:3:3:0:0:0:0:0:0:0:0:0:0:0:0:0:0:1:0:0:0:0:0:0:0:0:0:0:12:,19,0.4453125,1.0,
Q,0,13,explore:3:3:3:3:3:3:3:3:3:3:3:3:3:3:2:3:3:3:3:3:3:3:3:3:3:0:0:0:0:0:0:0:0:0:0:0:0:0:0:1:0:0:0:0:0:0:0:0:0:0:12:,13,57.111328125,1.0,


Q,0,14,explore:3:3:3:3:3:3:3:3:3:3:3:3:3:3:2:3:3:3:3:3:3:3:3:3:3:0:0:0:0:0:0:0:0:0:1:0:1:0:1:0:1:0:0:1:1:0:0:0:0:0:13:,1,3.5625,1.0,
Q,0,14,explore:3:3:3:3:3:3:3:3:3:3:3:3:3:3:2:3:3:3:3:3:3:3:3:3:3:0:0:0:0:0:0:0:0:0:1:0:1:0:1:0:1:0:0:1:1:0:0:0:0:0:13:,5,0.0,1.0,
Q,0,14,explore:3:3:3:3:3:3:3:3:3:3:3:3:3:3:2:3:3:3:3:3:3:3:3:3:3:0:0:0:0:0:0:0:0:0:1:0:1:0:1:0:1:0:0:1:1:0:0:0:0:0:13:,7,2.0625,1.0,
Q,0,14,explore:3:3:3:3:3:3:3:3:3:3:3:3:3:3:2:3:3:3:3:3:3:3:3:3:3:0:0:0:0:0:0:0:0:0:1:0:1:0:1:0:1:0:0:1:1:0:0:0:0:0:13:,9,0.0,1.0,
Q,0,14,explore:3:3:3:3:3:3:3:3:3:3:3:3:3:3:2:3:3:3:3:3:3:3:3:3:3:0:0:0:0:0:0:0:0:0:1:0:1:0:1:0:1:0:0:1:1:0:0:0:0:0:13:,11,48.064453125,1.0,
Q,0,14,explore:3:3:3:3:3:3:3:3:3:3:3:3:3:3:2:3:3:3:3:3:3:3:3:3:3:0:0:0:0:0:0:0:0:0:1:0:1:0:1:0:1:0:0:1:1:0:0:0:0:0:13:,13,0.2109375,1.0,
Q,0,14,explore:3:3:3:3:3:3:3:3:3:3:3:3:3:3:2:3:3:3:3:3:3:3:3:3:3:0:0:0:0:0:0:0:0:0:1:0:1:0:1:0:1:0:0:1:1:0:0:0:0:0:13:,14,0.5025,1.0,
Q,0,14,explore:3:3:3:3:3:3:3:3:3:3:3:3:3:3:2:3:3:3:3:3:3:3:3:3:3:0:0:0:0:0:0:0:0:0:1:0:1:0:1:0:1:0:0:1:1:0:0:0:0:0:13:,15,66.50296875,1.0,
Q,0,14,explore:3:3:3:3:3:3:3:3:3:3:3:3:3:3:2:3:3:3:3:3:3:3:3:3:3:0:0:0:0:0:0:0:0:0:1:0:1:0:1:0:1:0:0:1:1:0:0:0:0:0:13:,16,0.0,1.0,
Q,0,14,explore:3:3:3:3:3:3:3:3:3:3:3:3:3:3:2:3:3:3:3:3:3:3:3:3:3:0:0:0:0:0:0:0:0:0:1:0:1:0:1:0:1:0:0:1:1:0:0:0:0:0:13:,17,2.5,1.0,
Q,0,14,explore:3:3:3:3:3:3:3:3:3:3:3:3:3:3:2:3:3:3:3:3:3:3:3:3:3:0:0:0:0:0:0:0:0:0:1:0:1:0:1:0:1:0:0:1:1:0:0:0:0:0:13:,20,0.0,1.0,
Q,0,14,explore:3:3:3:3:3:3:3:3:3:3:3:3:3:3:2:3:3:3:3:3:3:3:3:3:3:0:0:0:0:0:0:0:0:0:1:0:1:0:1:0:1:0:0:1:1:0:0:0:0:0:13:,24,0.50125,1.0,

Q,0,14,explore:3:3:3:3:3:3:3:3:3:3:3:2:3:3:2:2:3:3:2:2:3:3:3:3:3:0:0:0:0:0:0:0:0:0:1:0:1:0:1:0:1:0:0:1:1:0:0:0:0:0:13:,14,0.19,1.0,

Q,0,14,explore:3:3:3:3:3:3:3:3:3:3:3:3:3:3:3:3:3:3:3:3:3:3:3:3:3:0:0:0:0:0:0:0:0:0:0:0:0:0:0:1:0:0:0:0:0:0:0:0:0:0:13:,5,7.125,1.0,
Q,0,14,explore:3:3:3:3:3:3:3:3:3:3:3:3:3:3:3:3:3:3:3:3:3:3:3:3:3:0:0:0:0:0:0:0:0:0:0:0:0:0:0:1:0:0:0:0:0:0:0:0:0:0:13:,6,0.0,1.0,
Q,0,14,explore:3:3:3:3:3:3:3:3:3:3:3:3:3:3:3:3:3:3:3:3:3:3:3:3:3:0:0:0:0:0:0:0:0:0:0:0:0:0:0:1:0:0:0:0:0:0:0:0:0:0:13:,11,3.0,1.0,
Q,0,14,explore:3:3:3:3:3:3:3:3:3:3:3:3:3:3:3:3:3:3:3:3:3:3:3:3:3:0:0:0:0:0:0:0:0:0:0:0:0:0:0:1:0:0:0:0:0:0:0:0:0:0:13:,13,0.0,1.0,
Q,0,14,explore:3:3:3:3:3:3:3:3:3:3:3:3:3:3:3:3:3:3:3:3:3:3:3:3:3:0:0:0:0:0:0:0:0:0:0:0:0:0:0:1:0:0:0:0:0:0:0:0:0:0:13:,14,57.890625,1.0,
Q,0,14,explore:3:3:3:3:3:3:3:3:3:3:3:3:3:3:3:3:3:3:3:3:3:3:3:3:3:0:0:0:0:0:0:0:0:0:0:0:0:0:0:1:0:0:0:0:0:0:0:0:0:0:13:,16,0.0,1.0,
Q,0,14,explore:3:3:3:3:3:3:3:3:3:3:3:3:3:3:3:3:3:3:3:3:3:3:3:3:3:0:0:0:0:0:0:0:0:0:0:0:0:0:0:1:0:0:0:0:0:0:0:0:0:0:13:,17,0.0,1.0,
Q,0,14,explore:3:3:3:3:3:3:3:3:3:3:3:3:3:3:3:3:3:3:3:3:3:3:3:3:3:0:0:0:0:0:0:0:0:0:0:0:0:0:0:1:0:0:0:0:0:0:0:0:0:0:13:,23,0.0,1.0,
Q,0,14,explore:3:3:3:3:3:3:3:3:3:3:3:3:3:3:3:3:3:3:3:3:3:3:3:3:3:0:0:0:0:0:0:0:0:0:0:0:0:0:0:1:0:0:0:0:0:0:0:0:0:0:13:,25,7.1806640625,1.0,
Q,0,14,explore:3:3:3:3:3:3:3:3:3:3:3:3:3:3:3:3:3:3:3:3:3:3:3:3:3:0:0:0:0:0:0:0:0:0:0:0:0:0:0:1:0:0:0:0:0:0:0:0:0:0:13:,26,1.78125,1.0,

Q,0,14,explore:3:3:3:3:3:3:3:3:3:3:3:3:3:3:2:2:3:3:2:2:3:3:3:3:3:0:0:0:0:0:0:0:0:0:1:0:1:0:1:0:1:0:0:1:1:0:0:0:0:0:13:,1,0.0,1.0,
Q,0,14,explore:3:3:3:3:3:3:3:3:3:3:3:3:3:3:2:2:3:3:2:2:3:3:3:3:3:0:0:0:0:0:0:0:0:0:1:0:1:0:1:0:1:0:0:1:1:0:0:0:0:0:13:,14,0.19,1.0,
Q,0,14,explore:3:3:3:3:3:3:3:3:3:3:3:3:3:3:2:2:3:3:2:2:3:3:3:3:3:0:0:0:0:0:0:0:0:0:1:0:1:0:1:0:1:0:0:1:1:0:0:0:0:0:13:,9,0.0,1.0,

Q,0,14,explore:3:3:3:3:3:3:3:3:3:3:3:2:3:2:2:2:3:3:2:2:3:3:3:3:3:0:0:0:0:0:0:0:0:0:1:0:1:0:1:0:1:0:0:1:1:0:0:0:0:0:13:,19,0.5053125,1.0,
Q,0,14,explore:3:3:3:3:3:3:3:3:3:3:3:2:3:2:2:2:3:3:2:2:3:3:3:3:3:0:0:0:0:0:0:0:0:0:1:0:1:0:1:0:1:0:0:1:1:0:0:0:0:0:13:,14,5.6269140625,1.0,
Q,0,14,explore:3:3:3:3:3:3:3:3:3:3:3:2:3:2:2:2:3:3:2:2:3:3:3:3:3:0:0:0:0:0:0:0:0:0:1:0:1:0:1:0:1:0:0:1:1:0:0:0:0:0:13:,15,22.0009895833,1.0,

Q,0,14,explore:3:3:3:3:3:3:3:3:3:3:3:3:3:3:2:3:3:3:2:3:3:3:3:3:3:0:0:0:0:0:0:0:0:0:1:0:1:0:1:0:1:0:0:1:1:0:0:0:0:0:13:,16,0.0,1.0,
Q,0,14,explore:3:3:3:3:3:3:3:3:3:3:3:3:3:3:2:3:3:3:2:3:3:3:3:3:3:0:0:0:0:0:0:0:0:0:1:0:1:0:1:0:1:0:0:1:1:0:0:0:0:0:13:,25,0.0,1.0,
Q,0,14,explore:3:3:3:3:3:3:3:3:3:3:3:3:3:3:2:3:3:3:2:3:3:3:3:3:3:0:0:0:0:0:0:0:0:0:1:0:1:0:1:0:1:0:0:1:1:0:0:0:0:0:13:,14,0.1934375,1.0,
Q,0,14,explore:3:3:3:3:3:3:3:3:3:3:3:3:3:3:2:3:3:3:2:3:3:3:3:3:3:0:0:0:0:0:0:0:0:0:1:0:1:0:1:0:1:0:0:1:1:0:0:0:0:0:13:,23,0.01375,1.0,

Q,0,14,explore:3:3:3:3:3:3:3:3:3:3:3:3:3:3:2:2:3:3:2:3:3:3:3:3:3:0:0:0:0:0:0:0:0:0:1:0:1:0:1:0:1:0:0:1:1:0:0:0:0:0:13:,24,7.5087890625,1.0,
Q,0,14,explore:3:3:3:3:3:3:3:3:3:3:3:3:3:3:2:2:3:3:2:3:3:3:3:3:3:0:0:0:0:0:0:0:0:0:1:0:1:0:1:0:1:0:0:1:1:0:0:0:0:0:13:,19,0.0,1.0,
Q,0,14,explore:3:3:3:3:3:3:3:3:3:3:3:3:3:3:2:2:3:3:2:3:3:3:3:3:3:0:0:0:0:0:0:0:0:0:1:0:1:0:1:0:1:0:0:1:1:0:0:0:0:0:13:,14,0.193958333333,1.0,
Q,0,14,explore:3:3:3:3:3:3:3:3:3:3:3:3:3:3:2:2:3:3:2:3:3:3:3:3:3:0:0:0:0:0:0:0:0:0:1:0:1:0:1:0:1:0:0:1:1:0:0:0:0:0:13:,23,0.0158333333333,1.0,

Q,0,14,explore:3:3:3:3:3:3:3:3:3:3:3:3:3:3:2:3:3:3:3:3:3:3:3:3:3:0:0:0:0:0:0:0:0:0:0:0:0:0:0:1:0:0:0:0:0:0:0:0:0:0:13:,8,0.0,1.0,
Q,0,14,explore:3:3:3:3:3:3:3:3:3:3:3:3:3:3:2:3:3:3:3:3:3:3:3:3:3:0:0:0:0:0:0:0:0:0:0:0:0:0:0:1:0:0:0:0:0:0:0:0:0:0:13:,17,0.0166666666667,1.0,
Q,0,14,explore:3:3:3:3:3:3:3:3:3:3:3:3:3:3:2:3:3:3:3:3:3:3:3:3:3:0:0:0:0:0:0:0:0:0:0:0:0:0:0:1:0:0:0:0:0:0:0:0:0:0:13:,11,6.0,1.0,
Q,0,14,explore:3:3:3:3:3:3:3:3:3:3:3:3:3:3:2:3:3:3:3:3:3:3:3:3:3:0:0:0:0:0:0:0:0:0:0:0:0:0:0:1:0:0:0:0:0:0:0:0:0:0:13:,12,0.5361328125,1.0,
Q,0,14,explore:3:3:3:3:3:3:3:3:3:3:3:3:3:3:2:3:3:3:3:3:3:3:3:3:3:0:0:0:0:0:0:0:0:0:0:0:0:0:0:1:0:0:0:0:0:0:0:0:0:0:13:,14,60.0,1.0,

Q,0,14,explore:3:3:3:3:3:3:3:3:3:3:3:3:3:3:3:3:3:3:3:3:3:3:3:3:3:0:0:0:0:0:0:0:0:0:1:1:1:0:0:1:1:0:0:1:0:0:0:0:0:0:13:,26,0.058671875,1.0,
Q,0,14,explore:3:3:3:3:3:3:3:3:3:3:3:3:3:3:3:3:3:3:3:3:3:3:3:3:3:0:0:0:0:0:0:0:0:0:1:1:1:0:0:1:1:0:0:1:0:0:0:0:0:0:13:,12,0.2346875,1.0,
Q,0,14,explore:3:3:3:3:3:3:3:3:3:3:3:3:3:3:3:3:3:3:3:3:3:3:3:3:3:0:0:0:0:0:0:0:0:0:1:1:1:0:0:1:1:0:0:1:0:0:0:0:0:0:13:,14,57.0293359375,1.0,


Q,0,15,explore:3:3:3:3:3:3:3:3:3:3:3:3:3:3:3:3:3:3:3:3:3:3:3:3:3:0:0:0:0:0:0:0:0:0:1:1:1:0:0:1:1:0:0:1:0:0:0:0:0:0:14:,8,6.28125,1.0,
Q,0,15,explore:3:3:3:3:3:3:3:3:3:3:3:3:3:3:3:3:3:3:3:3:3:3:3:3:3:0:0:0:0:0:0:0:0:0:1:1:1:0:0:1:1:0:0:1:0:0:0:0:0:0:14:,9,0.09796875,1.0,
Q,0,15,explore:3:3:3:3:3:3:3:3:3:3:3:3:3:3:3:3:3:3:3:3:3:3:3:3:3:0:0:0:0:0:0:0:0:0:1:1:1:0:0:1:1:0:0:1:0:0:0:0:0:0:14:,3,57.0293359375,1.0,
Q,0,15,explore:3:3:3:3:3:3:3:3:3:3:3:3:3:3:3:3:3:3:3:3:3:3:3:3:3:0:0:0:0:0:0:0:0:0:1:1:1:0:0:1:1:0:0:1:0:0:0:0:0:0:14:,13,3.140625,1.0,
Q,0,15,explore:3:3:3:3:3:3:3:3:3:3:3:3:3:3:3:3:3:3:3:3:3:3:3:3:3:0:0:0:0:0:0:0:0:0:1:1:1:0:0:1:1:0:0:1:0:0:0:0:0:0:14:,15,0.29796875,1.0,

Q,0,15,explore:3:3:3:3:3:3:3:3:3:3:3:3:3:3:2:3:3:3:2:3:3:3:3:3:3:0:0:0:0:0:0:0:0:0:1:0:1:0:1:0:1:0:0:1:1:0:0:0:0:0:14:,3,0.09671875,1.0,
Q,0,15,explore:3:3:3:3:3:3:3:3:3:3:3:3:3:3:2:3:3:3:2:3:3:3:3:3:3:0:0:0:0:0:0:0:0:0:1:0:1:0:1:0:1:0:0:1:1:0:0:0:0:0:14:,4,29.390625,1.0,
Q,0,15,explore:3:3:3:3:3:3:3:3:3:3:3:3:3:3:2:3:3:3:2:3:3:3:3:3:3:0:0:0:0:0:0:0:0:0:1:0:1:0:1:0:1:0:0:1:1:0:0:0:0:0:14:,8,6.0703125,1.0,
Q,0,15,explore:3:3:3:3:3:3:3:3:3:3:3:3:3:3:2:3:3:3:2:3:3:3:3:3:3:0:0:0:0:0:0:0:0:0:1:0:1:0:1:0:1:0:0:1:1:0:0:0:0:0:14:,12,0.2240625,1.0,
Q,0,15,explore:3:3:3:3:3:3:3:3:3:3:3:3:3:3:2:3:3:3:2:3:3:3:3:3:3:0:0:0:0:0:0:0:0:0:1:0:1:0:1:0:1:0:0:1:1:0:0:0:0:0:14:,13,0.0,1.0,
Q,0,15,explore:3:3:3:3:3:3:3:3:3:3:3:3:3:3:2:3:3:3:2:3:3:3:3:3:3:0:0:0:0:0:0:0:0:0:1:0:1:0:1:0:1:0:0:1:1:0:0:0:0:0:14:,15,40.056015625,1.0,
Q,0,15,explore:3:3:3:3:3:3:3:3:3:3:3:3:3:3:2:3:3:3:2:3:3:3:3:3:3:0:0:0:0:0:0:0:0:0:1:0:1:0:1:0:1:0:0:1:1:0:0:0:0:0:14:,23,0.0,1.0,

Q,0,15,explore:3:3:3:3:3:3:3:3:3:3:3:3:3:3:2:3:3:3:3:3:3:3:3:3:3:0:0:0:0:0:0:0:0:0:1:0:1:0:1:0:1:0:0:1:1:0:0:0:0:0:14:,1,0.0,1.0,
Q,0,15,explore:3:3:3:3:3:3:3:3:3:3:3:3:3:3:2:3:3:3:3:3:3:3:3:3:3:0:0:0:0:0:0:0:0:0:1:0:1:0:1:0:1:0:0:1:1:0:0:0:0:0:14:,3,0.0,1.0,
Q,0,15,explore:3:3:3:3:3:3:3:3:3:3:3:3:3:3:2:3:3:3:3:3:3:3:3:3:3:0:0:0:0:0:0:0:0:0:1:0:1:0:1:0:1:0:0:1:1:0:0:0:0:0:14:,4,0.0,1.0,
Q,0,15,explore:3:3:3:3:3:3:3:3:3:3:3:3:3:3:2:3:3:3:3:3:3:3:3:3:3:0:0:0:0:0:0:0:0:0:1:0:1:0:1:0:1:0:0:1:1:0:0:0:0:0:14:,7,0.0263671875,1.0,
Q,0,15,explore:3:3:3:3:3:3:3:3:3:3:3:3:3:3:2:3:3:3:3:3:3:3:3:3:3:0:0:0:0:0:0:0:0:0:1:0:1:0:1:0:1:0:0:1:1:0:0:0:0:0:14:,8,3.5,1.0,
Q,0,15,explore:3:3:3:3:3:3:3:3:3:3:3:3:3:3:2:3:3:3:3:3:3:3:3:3:3:0:0:0:0:0:0:0:0:0:1:0:1:0:1:0:1:0:0:1:1:0:0:0:0:0:14:,9,0.0,1.0,
Q,0,15,explore:3:3:3:3:3:3:3:3:3:3:3:3:3:3:2:3:3:3:3:3:3:3:3:3:3:0:0:0:0:0:0:0:0:0:1:0:1:0:1:0:1:0:0:1:1:0:0:0:0:0:14:,11,57.0059375,1.0,
Q,0,15,explore:3:3:3:3:3:3:3:3:3:3:3:3:3:3:2:3:3:3:3:3:3:3:3:3:3:0:0:0:0:0:0:0:0:0:1:0:1:0:1:0:1:0:0:1:1:0:0:0:0:0:14:,14,24.1222265625,1.0,
Q,0,15,explore:3:3:3:3:3:3:3:3:3:3:3:3:3:3:2:3:3:3:3:3:3:3:3:3:3:0:0:0:0:0:0:0:0:0:1:0:1:0:1:0:1:0:0:1:1:0:0:0:0:0:14:,15,40.0,1.0,
Q,0,15,explore:3:3:3:3:3:3:3:3:3:3:3:3:3:3:2:3:3:3:3:3:3:3:3:3:3:0:0:0:0:0:0:0:0:0:1:0:1:0:1:0:1:0:0:1:1:0:0:0:0:0:14:,16,0.09,1.0,
Q,0,15,explore:3:3:3:3:3:3:3:3:3:3:3:3:3:3:2:3:3:3:3:3:3:3:3:3:3:0:0:0:0:0:0:0:0:0:1:0:1:0:1:0:1:0:0:1:1:0:0:0:0:0:14:,19,0.275078125,1.0,
Q,0,15,explore:3:3:3:3:3:3:3:3:3:3:3:3:3:3:2:3:3:3:3:3:3:3:3:3:3:0:0:0:0:0:0:0:0:0:1:0:1:0:1:0:1:0:0:1:1:0:0:0:0:0:14:,21,0.0,1.0,
Q,0,15,explore:3:3:3:3:3:3:3:3:3:3:3:3:3:3:2:3:3:3:3:3:3:3:3:3:3:0:0:0:0:0:0:0:0:0:1:0:1:0:1:0:1:0:0:1:1:0:0:0:0:0:14:,24,0.0,1.0,
Q,0,15,explore:3:3:3:3:3:3:3:3:3:3:3:3:3:3:2:3:3:3:3:3:3:3:3:3:3:0:0:0:0:0:0:0:0:0:1:0:1:0:1:0:1:0:0:1:1:0:0:0:0:0:14:,26,0.0,1.0,

Q,0,15,explore:3:3:3:3:3:3:3:3:3:3:3:3:3:3:2:3:3:3:3:3:3:3:3:3:3:0:0:0:0:0:0:0:0:0:0:0:0:0:0:1:0:0:0:0:0:0:0:0:0:0:14:,12,4.2890625,1.0,
Q,0,15,explore:3:3:3:3:3:3:3:3:3:3:3:3:3:3:2:3:3:3:3:3:3:3:3:3:3:0:0:0:0:0:0:0:0:0:0:0:0:0:0:1:0:0:0:0:0:0:0:0:0:0:14:,13,0.0,1.0,
Q,0,15,explore:3:3:3:3:3:3:3:3:3:3:3:3:3:3:2:3:3:3:3:3:3:3:3:3:3:0:0:0:0:0:0:0:0:0:0:0:0:0:0:1:0:0:0:0:0:0:0:0:0:0:14:,15,0.133333333333,1.0,
Q,0,15,explore:3:3:3:3:3:3:3:3:3:3:3:3:3:3:2:3:3:3:3:3:3:3:3:3:3:0:0:0:0:0:0:0:0:0:0:0:0:0:0:1:0:0:0:0:0:0:0:0:0:0:14:,17,0.0,1.0,
Q,0,15,explore:3:3:3:3:3:3:3:3:3:3:3:3:3:3:2:3:3:3:3:3:3:3:3:3:3:0:0:0:0:0:0:0:0:0:0:0:0:0:0:1:0:0:0:0:0:0:0:0:0:0:14:,20,21.0020833333,1.0,
Q,0,15,explore:3:3:3:3:3:3:3:3:3:3:3:3:3:3:2:3:3:3:3:3:3:3:3:3:3:0:0:0:0:0:0:0:0:0:0:0:0:0:0:1:0:0:0:0:0:0:0:0:0:0:14:,21,0.0,1.0,
Q,0,15,explore:3:3:3:3:3:3:3:3:3:3:3:3:3:3:2:3:3:3:3:3:3:3:3:3:3:0:0:0:0:0:0:0:0:0:0:0:0:0:0:1:0:0:0:0:0:0:0:0:0:0:14:,22,0.0,1.0,
Q,0,15,explore:3:3:3:3:3:3:3:3:3:3:3:3:3:3:2:3:3:3:3:3:3:3:3:3:3:0:0:0:0:0:0:0:0:0:0:0:0:0:0:1:0:0:0:0:0:0:0:0:0:0:14:,24,28.5,1.0,
Q,0,15,explore:3:3:3:3:3:3:3:3:3:3:3:3:3:3:2:3:3:3:3:3:3:3:3:3:3:0:0:0:0:0:0:0:0:0:0:0:0:0:0:1:0:0:0:0:0:0:0:0:0:0:14:,25,1.125,1.0,
Q,0,15,explore:3:3:3:3:3:3:3:3:3:3:3:3:3:3:2:3:3:3:3:3:3:3:3:3:3:0:0:0:0:0:0:0:0:0:0:0:0:0:0:1:0:0:0:0:0:0:0:0:0:0:14:,26,0.0,1.0,

Q,0,15,explore:3:3:3:3:3:3:3:3:3:3:3:3:3:3:3:3:3:3:3:3:3:3:3:3:3:0:0:0:0:0:0:0:0:0:0:0:0:0:0:1:0:0:0:0:0:0:0:0:0:0:14:,0,32.765625,1.0,
Q,0,15,explore:3:3:3:3:3:3:3:3:3:3:3:3:3:3:3:3:3:3:3:3:3:3:3:3:3:0:0:0:0:0:0:0:0:0:0:0:0:0:0:1:0:0:0:0:0:0:0:0:0:0:14:,1,0.0,1.0,
Q,0,15,explore:3:3:3:3:3:3:3:3:3:3:3:3:3:3:3:3:3:3:3:3:3:3:3:3:3:0:0:0:0:0:0:0:0:0:0:0:0:0:0:1:0:0:0:0:0:0:0:0:0:0:14:,2,0.0,1.0,
Q,0,15,explore:3:3:3:3:3:3:3:3:3:3:3:3:3:3:3:3:3:3:3:3:3:3:3:3:3:0:0:0:0:0:0:0:0:0:0:0:0:0:0:1:0:0:0:0:0:0:0:0:0:0:14:,3,0.0,1.0,
Q,0,15,explore:3:3:3:3:3:3:3:3:3:3:3:3:3:3:3:3:3:3:3:3:3:3:3:3:3:0:0:0:0:0:0:0:0:0:0:0:0:0:0:1:0:0:0:0:0:0:0:0:0:0:14:,4,0.0,1.0,
Q,0,15,explore:3:3:3:3:3:3:3:3:3:3:3:3:3:3:3:3:3:3:3:3:3:3:3:3:3:0:0:0:0:0:0:0:0:0:0:0:0:0:0:1:0:0:0:0:0:0:0:0:0:0:14:,5,0.0,1.0,
Q,0,15,explore:3:3:3:3:3:3:3:3:3:3:3:3:3:3:3:3:3:3:3:3:3:3:3:3:3:0:0:0:0:0:0:0:0:0:0:0:0:0:0:1:0:0:0:0:0:0:0:0:0:0:14:,6,33.5903320312,2.0,
Q,0,15,explore:3:3:3:3:3:3:3:3:3:3:3:3:3:3:3:3:3:3:3:3:3:3:3:3:3:0:0:0:0:0:0:0:0:0:0:0:0:0:0:1:0:0:0:0:0:0:0:0:0:0:14:,7,0.0,1.0,
Q,0,15,explore:3:3:3:3:3:3:3:3:3:3:3:3:3:3:3:3:3:3:3:3:3:3:3:3:3:0:0:0:0:0:0:0:0:0:0:0:0:0:0:1:0:0:0:0:0:0:0:0:0:0:14:,8,0.0,1.0,
Q,0,15,explore:3:3:3:3:3:3:3:3:3:3:3:3:3:3:3:3:3:3:3:3:3:3:3:3:3:0:0:0:0:0:0:0:0:0:0:0:0:0:0:1:0:0:0:0:0:0:0:0:0:0:14:,9,6.140625,1.0,
Q,0,15,explore:3:3:3:3:3:3:3:3:3:3:3:3:3:3:3:3:3:3:3:3:3:3:3:3:3:0:0:0:0:0:0:0:0:0:0:0:0:0:0:1:0:0:0:0:0:0:0:0:0:0:14:,10,33.0,2.0,
Q,0,15,explore:3:3:3:3:3:3:3:3:3:3:3:3:3:3:3:3:3:3:3:3:3:3:3:3:3:0:0:0:0:0:0:0:0:0:0:0:0:0:0:1:0:0:0:0:0:0:0:0:0:0:14:,11,55.2172851562,2.0,
Q,0,15,explore:3:3:3:3:3:3:3:3:3:3:3:3:3:3:3:3:3:3:3:3:3:3:3:3:3:0:0:0:0:0:0:0:0:0:0:0:0:0:0:1:0:0:0:0:0:0:0:0:0:0:14:,12,21.0,1.0,
Q,0,15,explore:3:3:3:3:3:3:3:3:3:3:3:3:3:3:3:3:3:3:3:3:3:3:3:3:3:0:0:0:0:0:0:0:0:0:0:0:0:0:0:1:0:0:0:0:0:0:0:0:0:0:14:,13,0.328125,1.0,
Q,0,15,explore:3:3:3:3:3:3:3:3:3:3:3:3:3:3:3:3:3:3:3:3:3:3:3:3:3:0:0:0:0:0:0:0:0:0:0:0:0:0:0:1:0:0:0:0:0:0:0:0:0:0:14:,14,62.6904296875,3.0,
Q,0,15,explore:3:3:3:3:3:3:3:3:3:3:3:3:3:3:3:3:3:3:3:3:3:3:3:3:3:0:0:0:0:0:0:0:0:0:0:0:0:0:0:1:0:0:0:0:0:0:0:0:0:0:14:,15,55.4172851563,2.0,
Q,0,15,explore:3:3:3:3:3:3:3:3:3:3:3:3:3:3:3:3:3:3:3:3:3:3:3:3:3:0:0:0:0:0:0:0:0:0:0:0:0:0:0:1:0:0:0:0:0:0:0:0:0:0:14:,16,27.4778125,2.0,
Q,0,15,explore:3:3:3:3:3:3:3:3:3:3:3:3:3:3:3:3:3:3:3:3:3:3:3:3:3:0:0:0:0:0:0:0:0:0:0:0:0:0:0:1:0:0:0:0:0:0:0:0:0:0:14:,17,0.9375,1.0,
Q,0,15,explore:3:3:3:3:3:3:3:3:3:3:3:3:3:3:3:3:3:3:3:3:3:3:3:3:3:0:0:0:0:0:0:0:0:0:0:0:0:0:0:1:0:0:0:0:0:0:0:0:0:0:14:,18,0.029296875,1.0,
Q,0,15,explore:3:3:3:3:3:3:3:3:3:3:3:3:3:3:3:3:3:3:3:3:3:3:3:3:3:0:0:0:0:0:0:0:0:0:0:0:0:0:0:1:0:0:0:0:0:0:0:0:0:0:14:,19,9.0,1.0,
Q,0,15,explore:3:3:3:3:3:3:3:3:3:3:3:3:3:3:3:3:3:3:3:3:3:3:3:3:3:0:0:0:0:0:0:0:0:0:0:0:0:0:0:1:0:0:0:0:0:0:0:0:0:0:14:,20,7.125,1.0,
Q,0,15,explore:3:3:3:3:3:3:3:3:3:3:3:3:3:3:3:3:3:3:3:3:3:3:3:3:3:0:0:0:0:0:0:0:0:0:0:0:0:0:0:1:0:0:0:0:0:0:0:0:0:0:14:,21,0.4453125,1.0,
Q,0,15,explore:3:3:3:3:3:3:3:3:3:3:3:3:3:3:3:3:3:3:3:3:3:3:3:3:3:0:0:0:0:0:0:0:0:0:0:0:0:0:0:1:0:0:0:0:0:0:0:0:0:0:14:,22,28.5578320313,2.0,
Q,0,15,explore:3:3:3:3:3:3:3:3:3:3:3:3:3:3:3:3:3:3:3:3:3:3:3:3:3:0:0:0:0:0:0:0:0:0:0:0:0:0:0:1:0:0:0:0:0:0:0:0:0:0:14:,23,32.765625,1.0,
Q,0,15,explore:3:3:3:3:3:3:3:3:3:3:3:3:3:3:3:3:3:3:3:3:3:3:3:3:3:0:0:0:0:0:0:0:0:0:0:0:0:0:0:1:0:0:0:0:0:0:0:0:0:0:14:,24,0.65625,1.0,
Q,0,15,explore:3:3:3:3:3:3:3:3:3:3:3:3:3:3:3:3:3:3:3:3:3:3:3:3:3:0:0:0:0:0:0:0:0:0:0:0:0:0:0:1:0:0:0:0:0:0:0:0:0:0:14:,25,0.1246484375,1.0,
Q,0,15,explore:3:3:3:3:3:3:3:3:3:3:3:3:3:3:3:3:3:3:3:3:3:3:3:3:3:0:0:0:0:0:0:0:0:0:0:0:0:0:0:1:0:0:0:0:0:0:0:0:0:0:14:,26,0.0,1.0,

Q,0,15,explore:3:3:3:3:3:3:3:3:3:3:3:3:3:3:2:2:3:3:2:3:3:3:3:3:3:0:0:0:0:0:0:0:0:0:1:0:1:0:1:0:1:0:0:1:1:0:0:0:0:0:14:,10,0.09,1.0,
Q,0,15,explore:3:3:3:3:3:3:3:3:3:3:3:3:3:3:2:2:3:3:2:3:3:3:3:3:3:0:0:0:0:0:0:0:0:0:1:0:1:0:1:0:1:0:0:1:1:0:0:0:0:0:14:,15,40.005625,1.0,

Q,0,15,explore:3:3:3:3:3:3:3:3:3:3:3:2:3:2:2:2:3:3:2:2:3:3:3:3:3:0:0:0:0:0:0:0:0:0:1:0:1:0:1:0:1:0:0:1:1:0:0:0:0:0:14:,23,0.00791666666667,1.0,
Q,0,15,explore:3:3:3:3:3:3:3:3:3:3:3:2:3:2:2:2:3:3:2:2:3:3:3:3:3:0:0:0:0:0:0:0:0:0:1:0:1:0:1:0:1:0:0:1:1:0:0:0:0:0:14:,15,40.0,1.0,

Q,0,15,explore:3:3:3:3:3:3:3:3:3:3:3:3:3:3:2:2:3:3:2:2:3:3:3:3:3:0:0:0:0:0:0:0:0:0:1:0:1:0:1:0:1:0:0:1:1:0:0:0:0:0:14:,7,0.00013671875,1.0,
Q,0,15,explore:3:3:3:3:3:3:3:3:3:3:3:3:3:3:2:2:3:3:2:2:3:3:3:3:3:0:0:0:0:0:0:0:0:0:1:0:1:0:1:0:1:0:0:1:1:0:0:0:0:0:14:,8,0.0,1.0,
Q,0,15,explore:3:3:3:3:3:3:3:3:3:3:3:3:3:3:2:2:3:3:2:2:3:3:3:3:3:0:0:0:0:0:0:0:0:0:1:0:1:0:1:0:1:0:0:1:1:0:0:0:0:0:14:,12,0.0759895833333,1.0,
Q,0,15,explore:3:3:3:3:3:3:3:3:3:3:3:3:3:3:2:2:3:3:2:2:3:3:3:3:3:0:0:0:0:0:0:0:0:0:1:0:1:0:1:0:1:0:0:1:1:0:0:0:0:0:14:,15,40.01265625,1.0,
Q,0,15,explore:3:3:3:3:3:3:3:3:3:3:3:3:3:3:2:2:3:3:2:2:3:3:3:3:3:0:0:0:0:0:0:0:0:0:1:0:1:0:1:0:1:0:0:1:1:0:0:0:0:0:14:,19,0.10125,1.0,
Q,0,15,explore:3:3:3:3:3:3:3:3:3:3:3:3:3:3:2:2:3:3:2:2:3:3:3:3:3:0:0:0:0:0:0:0:0:0:1:0:1:0:1:0:1:0:0:1:1:0:0:0:0:0:14:,20,0.0716666666667,1.0,

Q,0,15,explore:3:3:3:3:3:3:3:3:3:3:3:2:3:3:2:2:3:3:2:2:3:3:3:3:3:0:0:0:0:0:0:0:0:0:1:0:1:0:1:0:1:0:0:1:1:0:0:0:0:0:14:,1,0.0,1.0,
Q,0,15,explore:3:3:3:3:3:3:3:3:3:3:3:2:3:3:2:2:3:3:2:2:3:3:3:3:3:0:0:0:0:0:0:0:0:0:1:0:1:0:1:0:1:0:0:1:1:0:0:0:0:0:14:,18,15.5625,1.0,
Q,0,15,explore:3:3:3:3:3:3:3:3:3:3:3:2:3:3:2:2:3:3:2:2:3:3:3:3:3:0:0:0:0:0:0:0:0:0:1:0:1:0:1:0:1:0:0:1:1:0:0:0:0:0:14:,15,40.0,1.0,


Q,0,16,explore:3:3:3:3:3:3:3:3:3:3:3:3:3:3:2:3:3:3:3:3:3:3:3:3:3:0:0:0:0:0:0:0:0:0:1:0:1:0:1:0:1:0:0:1:1:0:0:0:0:0:15:,3,0.0,1.0,
Q,0,16,explore:3:3:3:3:3:3:3:3:3:3:3:3:3:3:2:3:3:3:3:3:3:3:3:3:3:0:0:0:0:0:0:0:0:0:1:0:1:0:1:0:1:0:0:1:1:0:0:0:0:0:15:,7,0.0556640625,1.0,
Q,0,16,explore:3:3:3:3:3:3:3:3:3:3:3:3:3:3:2:3:3:3:3:3:3:3:3:3:3:0:0:0:0:0:0:0:0:0:1:0:1:0:1:0:1:0:0:1:1:0:0:0:0:0:15:,8,0.0,1.0,
Q,0,16,explore:3:3:3:3:3:3:3:3:3:3:3:3:3:3:2:3:3:3:3:3:3:3:3:3:3:0:0:0:0:0:0:0:0:0:1:0:1:0:1:0:1:0:0:1:1:0:0:0:0:0:15:,15,26.0,1.0,
Q,0,16,explore:3:3:3:3:3:3:3:3:3:3:3:3:3:3:2:3:3:3:3:3:3:3:3:3:3:0:0:0:0:0:0:0:0:0:1:0:1:0:1:0:1:0:0:1:1:0:0:0:0:0:15:,16,0.19,1.0,
Q,0,16,explore:3:3:3:3:3:3:3:3:3:3:3:3:3:3:2:3:3:3:3:3:3:3:3:3:3:0:0:0:0:0:0:0:0:0:1:0:1:0:1:0:1:0:0:1:1:0:0:0:0:0:15:,18,0.06,1.0,
Q,0,16,explore:3:3:3:3:3:3:3:3:3:3:3:3:3:3:2:3:3:3:3:3:3:3:3:3:3:0:0:0:0:0:0:0:0:0:1:0:1:0:1:0:1:0:0:1:1:0:0:0:0:0:15:,19,2.61125,1.0,
Q,0,16,explore:3:3:3:3:3:3:3:3:3:3:3:3:3:3:2:3:3:3:3:3:3:3:3:3:3:0:0:0:0:0:0:0:0:0:1:0:1:0:1:0:1:0:0:1:1:0:0:0:0:0:15:,22,0.0,1.0,
Q,0,16,explore:3:3:3:3:3:3:3:3:3:3:3:3:3:3:2:3:3:3:3:3:3:3:3:3:3:0:0:0:0:0:0:0:0:0:1:0:1:0:1:0:1:0:0:1:1:0:0:0:0:0:15:,24,0.1506640625,1.0,
Q,0,16,explore:3:3:3:3:3:3:3:3:3:3:3:3:3:3:2:3:3:3:3:3:3:3:3:3:3:0:0:0:0:0:0:0:0:0:1:0:1:0:1:0:1:0:0:1:1:0:0:0:0:0:15:,26,1.305625,1.0,

Q,0,16,explore:3:3:3:3:3:3:3:3:3:3:3:3:3:3:2:3:3:3:2:3:3:3:3:3:3:0:0:0:0:0:0:0:0:0:1:0:1:0:1:0:1:0:0:1:1:0:0:0:0:0:15:,0,0.0,1.0,
Q,0,16,explore:3:3:3:3:3:3:3:3:3:3:3:3:3:3:2:3:3:3:2:3:3:3:3:3:3:0:0:0:0:0:0:0:0:0:1:0:1:0:1:0:1:0:0:1:1:0:0:0:0:0:15:,4,0.0,1.0,
Q,0,16,explore:3:3:3:3:3:3:3:3:3:3:3:3:3:3:2:3:3:3:2:3:3:3:3:3:3:0:0:0:0:0:0:0:0:0:1:0:1:0:1:0:1:0:0:1:1:0:0:0:0:0:15:,12,0.9187890625,1.0,
Q,0,16,explore:3:3:3:3:3:3:3:3:3:3:3:3:3:3:2:3:3:3:2:3:3:3:3:3:3:0:0:0:0:0:0:0:0:0:1:0:1:0:1:0:1:0:0:1:1:0:0:0:0:0:15:,16,0.205833333333,1.0,
Q,0,16,explore:3:3:3:3:3:3:3:3:3:3:3:3:3:3:2:3:3:3:2:3:3:3:3:3:3:0:0:0:0:0:0:0:0:0:1:0:1:0:1:0:1:0:0:1:1:0:0:0:0:0:15:,17,26.2503710937,1.0,
Q,0,16,explore:3:3:3:3:3:3:3:3:3:3:3:3:3:3:2:3:3:3:2:3:3:3:3:3:3:0:0:0:0:0:0:0:0:0:1:0:1:0:1:0:1:0:0:1:1:0:0:0:0:0:15:,20,0.135,1.0,
Q,0,16,explore:3:3:3:3:3:3:3:3:3:3:3:3:3:3:2:3:3:3:2:3:3:3:3:3:3:0:0:0:0:0:0:0:0:0:1:0:1:0:1:0:1:0:0:1:1:0:0:0:0:0:15:,23,0.0316666666667,1.0,
Q,0,16,explore:3:3:3:3:3:3:3:3:3:3:3:3:3:3:2:3:3:3:2:3:3:3:3:3:3:0:0:0:0:0:0:0:0:0:1:0:1:0:1:0:1:0:0:1:1:0:0:0:0:0:15:,26,0.0,1.0,

Q,0,16,explore:3:3:3:3:3:3:3:3:3:3:3:3:3:3:3:3:3:3:3:3:3:3:3:3:3:0:0:0:0:0:0:0:0:0:0:0:0:0:0:1:0:0:0:0:0:0:0:0:0:0:15:,11,0.0,1.0,
Q,0,16,explore:3:3:3:3:3:3:3:3:3:3:3:3:3:3:3:3:3:3:3:3:3:3:3:3:3:0:0:0:0:0:0:0:0:0:0:0:0:0:0:1:0:0:0:0:0:0:0:0:0:0:15:,12,24.955625,1.0,
Q,0,16,explore:3:3:3:3:3:3:3:3:3:3:3:3:3:3:3:3:3:3:3:3:3:3:3:3:3:0:0:0:0:0:0:0:0:0:0:0:0:0:0:1:0:0:0:0:0:0:0:0:0:0:15:,16,59.25,1.0,
Q,0,16,explore:3:3:3:3:3:3:3:3:3:3:3:3:3:3:3:3:3:3:3:3:3:3:3:3:3:0:0:0:0:0:0:0:0:0:0:0:0:0:0:1:0:0:0:0:0:0:0:0:0:0:15:,17,36.0,1.0,
Q,0,16,explore:3:3:3:3:3:3:3:3:3:3:3:3:3:3:3:3:3:3:3:3:3:3:3:3:3:0:0:0:0:0:0:0:0:0:0:0:0:0:0:1:0:0:0:0:0:0:0:0:0:0:15:,18,0.0,1.0,
Q,0,16,explore:3:3:3:3:3:3:3:3:3:3:3:3:3:3:3:3:3:3:3:3:3:3:3:3:3:0:0:0:0:0:0:0:0:0:0:0:0:0:0:1:0:0:0:0:0:0:0:0:0:0:15:,21,15.0,1.0,
Q,0,16,explore:3:3:3:3:3:3:3:3:3:3:3:3:3:3:3:3:3:3:3:3:3:3:3:3:3:0:0:0:0:0:0:0:0:0:0:0:0:0:0:1:0:0:0:0:0:0:0:0:0:0:15:,25,0.0,1.0,

Q,0,16,explore:3:3:3:3:3:3:3:3:3:3:3:3:3:3:3:3:3:3:3:3:3:3:3:3:3:0:0:0:0:0:0:0:0:0:1:1:1:0:0:1:1:0:0:1:0:0:0:0:0:0:15:,16,0.19,1.0,
Q,0,16,explore:3:3:3:3:3:3:3:3:3:3:3:3:3:3:3:3:3:3:3:3:3:3:3:3:3:0:0:0:0:0:0:0:0:0:1:1:1:0:0:1:1:0:0:1:0:0:0:0:0:0:15:,4,0.0,1.0,

Q,0,16,explore:3:3:3:3:3:3:3:3:3:3:3:3:3:3:2:2:3:3:2:3:3:3:3:3:3:0:0:0:0:0:0:0:0:0:1:0:1:0:1:0:1:0:0:1:1:0:0:0:0:0:15:,16,0.126666666667,1.0,
Q,0,16,explore:3:3:3:3:3:3:3:3:3:3:3:3:3:3:2:2:3:3:2:3:3:3:3:3:3:0:0:0:0:0:0:0:0:0:1:0:1:0:1:0:1:0:0:1:1:0:0:0:0:0:15:,22,0.0,1.0,

Q,0,16,explore:3:3:3:3:3:3:3:3:3:3:3:3:3:3:2:3:3:3:3:3:3:3:3:3:3:0:0:0:0:0:0:0:0:0:0:0:0:0:0:1:0:0:0:0:0:0:0:0:0:0:15:,3,0.0,1.0,
Q,0,16,explore:3:3:3:3:3:3:3:3:3:3:3:3:3:3:2:3:3:3:3:3:3:3:3:3:3:0:0:0:0:0:0:0:0:0:0:0:0:0:0:1:0:0:0:0:0:0:0:0:0:0:15:,8,3.5625,1.0,
Q,0,16,explore:3:3:3:3:3:3:3:3:3:3:3:3:3:3:2:3:3:3:3:3:3:3:3:3:3:0:0:0:0:0:0:0:0:0:0:0:0:0:0:1:0:0:0:0:0:0:0:0:0:0:15:,9,28.5556640625,1.0,
Q,0,16,explore:3:3:3:3:3:3:3:3:3:3:3:3:3:3:2:3:3:3:3:3:3:3:3:3:3:0:0:0:0:0:0:0:0:0:0:0:0:0:0:1:0:0:0:0:0:0:0:0:0:0:15:,11,9.0,1.0,
Q,0,16,explore:3:3:3:3:3:3:3:3:3:3:3:3:3:3:2:3:3:3:3:3:3:3:3:3:3:0:0:0:0:0:0:0:0:0:0:0:0:0:0:1:0:0:0:0:0:0:0:0:0:0:15:,13,54.0,1.0,
Q,0,16,explore:3:3:3:3:3:3:3:3:3:3:3:3:3:3:2:3:3:3:3:3:3:3:3:3:3:0:0:0:0:0:0:0:0:0:0:0:0:0:0:1:0:0:0:0:0:0:0:0:0:0:15:,14,10.5010416667,1.0,
Q,0,16,explore:3:3:3:3:3:3:3:3:3:3:3:3:3:3:2:3:3:3:3:3:3:3:3:3:3:0:0:0:0:0:0:0:0:0:0:0:0:0:0:1:0:0:0:0:0:0:0:0:0:0:15:,15,0.0666666666667,1.0,
Q,0,16,explore:3:3:3:3:3:3:3:3:3:3:3:3:3:3:2:3:3:3:3:3:3:3:3:3:3:0:0:0:0:0:0:0:0:0:0:0:0:0:0:1:0:0:0:0:0:0:0:0:0:0:15:,16,58.78125,1.0,
Q,0,16,explore:3:3:3:3:3:3:3:3:3:3:3:3:3:3:2:3:3:3:3:3:3:3:3:3:3:0:0:0:0:0:0:0:0:0:0:0:0:0:0:1:0:0:0:0:0:0:0:0:0:0:15:,18,0.00208333333333,1.0,
Q,0,16,explore:3:3:3:3:3:3:3:3:3:3:3:3:3:3:2:3:3:3:3:3:3:3:3:3:3:0:0:0:0:0:0:0:0:0:0:0:0:0:0:1:0:0:0:0:0:0:0:0:0:0:15:,22,7.125,1.0,
Q,0,16,explore:3:3:3:3:3:3:3:3:3:3:3:3:3:3:2:3:3:3:3:3:3:3:3:3:3:0:0:0:0:0:0:0:0:0:0:0:0:0:0:1:0:0:0:0:0:0:0:0:0:0:15:,23,0.0,1.0,
Q,0,16,explore:3:3:3:3:3:3:3:3:3:3:3:3:3:3:2:3:3:3:3:3:3:3:3:3:3:0:0:0:0:0:0:0:0:0:0:0:0:0:0:1:0:0:0:0:0:0:0:0:0:0:15:,26,0.0,1.0,

Q,0,16,explore:3:3:3:3:3:3:3:3:3:3:3:2:3:3:2:2:3:3:2:2:3:3:3:3:3:0:0:0:0:0:0:0:0:0:1:0:1:0:1:0:1:0:0:1:1:0:0:0:0:0:15:,16,0.1269140625,1.0,
Q,0,16,explore:3:3:3:3:3:3:3:3:3:3:3:2:3:3:2:2:3:3:2:2:3:3:3:3:3:0:0:0:0:0:0:0:0:0:1:0:1:0:1:0:1:0:0:1:1:0:0:0:0:0:15:,25,14.25,1.0,
Q,0,16,explore:3:3:3:3:3:3:3:3:3:3:3:2:3:3:2:2:3:3:2:2:3:3:3:3:3:0:0:0:0:0:0:0:0:0:1:0:1:0:1:0:1:0:0:1:1:0:0:0:0:0:15:,26,0.000989583333333,1.0,
Q,0,16,explore:3:3:3:3:3:3:3:3:3:3:3:2:3:3:2:2:3:3:2:2:3:3:3:3:3:0:0:0:0:0:0:0:0:0:1:0:1:0:1:0:1:0:0:1:1:0:0:0:0:0:15:,18,0.00791666666667,1.0,
Q,0,16,explore:3:3:3:3:3:3:3:3:3:3:3:2:3:3:2:2:3:3:2:2:3:3:3:3:3:0:0:0:0:0:0:0:0:0:1:0:1:0:1:0:1:0:0:1:1:0:0:0:0:0:15:,5,0.0,1.0,

Q,0,16,explore:3:3:3:3:3:3:3:3:3:3:3:3:3:3:2:2:3:3:2:2:3:3:3:3:3:0:0:0:0:0:0:0:0:0:1:0:1:0:1:0:1:0:0:1:1:0:0:0:0:0:15:,16,0.126666666667,1.0,


Q,0,17,explore:3:3:3:3:3:3:3:3:3:3:3:3:3:3:2:3:3:3:3:3:3:3:3:3:3:0:0:0:0:0:0:0:0:0:0:0:0:0:0:1:0:0:0:0:0:0:0:0:0:0:16:,17,57.0,1.0,
Q,0,17,explore:3:3:3:3:3:3:3:3:3:3:3:3:3:3:2:3:3:3:3:3:3:3:3:3:3:0:0:0:0:0:0:0:0:0:0:0:0:0:0:1:0:0:0:0:0:0:0:0:0:0:16:,2,0.0,1.0,
Q,0,17,explore:3:3:3:3:3:3:3:3:3:3:3:3:3:3:2:3:3:3:3:3:3:3:3:3:3:0:0:0:0:0:0:0:0:0:0:0:0:0:0:1:0:0:0:0:0:0:0:0:0:0:16:,12,21.0,1.0,

Q,0,17,explore:3:3:3:3:3:3:3:3:3:3:3:3:3:3:2:2:3:3:2:2:3:3:3:3:3:0:0:0:0:0:0:0:0:0:1:0:1:0:1:0:1:0:0:1:1:0:0:0:0:0:16:,17,57.0,1.0,

Q,0,17,explore:3:3:3:3:3:3:3:3:3:3:3:3:3:3:3:3:3:3:3:3:3:3:3:3:3:0:0:0:0:0:0:0:0:0:0:0:0:0:0:1:0:0:0:0:0:0:0:0:0:0:16:,17,57.0,1.0,
Q,0,17,explore:3:3:3:3:3:3:3:3:3:3:3:3:3:3:3:3:3:3:3:3:3:3:3:3:3:0:0:0:0:0:0:0:0:0:0:0:0:0:0:1:0:0:0:0:0:0:0:0:0:0:16:,2,0.28125,1.0,

Q,0,17,explore:3:3:3:3:3:3:3:3:3:3:3:3:3:3:3:3:3:3:3:3:3:3:3:3:3:0:0:0:0:0:0:0:0:0:1:1:1:0:0:1:1:0:0:1:0:0:0:0:0:0:16:,17,57.0,1.0,
Q,0,17,explore:3:3:3:3:3:3:3:3:3:3:3:3:3:3:3:3:3:3:3:3:3:3:3:3:3:0:0:0:0:0:0:0:0:0:1:1:1:0:0:1:1:0:0:1:0:0:0:0:0:0:16:,4,0.0,1.0,

Q,0,17,explore:3:3:3:3:3:3:3:3:3:3:3:2:3:3:2:2:3:3:2:2:3:3:3:3:3:0:0:0:0:0:0:0:0:0:1:0:1:0:1:0:1:0:0:1:1:0:0:0:0:0:16:,24,0.0158333333333,1.0,
Q,0,17,explore:3:3:3:3:3:3:3:3:3:3:3:2:3:3:2:2:3:3:2:2:3:3:3:3:3:0:0:0:0:0:0:0:0:0:1:0:1:0:1:0:1:0:0:1:1:0:0:0:0:0:16:,17,57.0039583333,1.0,

Q,0,17,explore:3:3:3:3:3:3:3:3:3:3:3:3:3:3:2:3:3:3:2:3:3:3:3:3:3:0:0:0:0:0:0:0:0:0:1:0:1:0:1:0:1:0:0:1:1:0:0:0:0:0:16:,17,57.001484375,1.0,
Q,0,17,explore:3:3:3:3:3:3:3:3:3:3:3:3:3:3:2:3:3:3:2:3:3:3:3:3:3:0:0:0:0:0:0:0:0:0:1:0:1:0:1:0:1:0:0:1:1:0:0:0:0:0:16:,19,0.011875,1.0,
Q,0,17,explore:3:3:3:3:3:3:3:3:3:3:3:3:3:3:2:3:3:3:2:3:3:3:3:3:3:0:0:0:0:0:0:0:0:0:1:0:1:0:1:0:1:0:0:1:1:0:0:0:0:0:16:,9,7.125,1.0,


Q,0,18,explore:3:3:3:3:3:3:3:3:3:3:3:3:3:3:3:3:3:3:3:3:3:3:3:3:3:0:0:0:0:0:0:0:0:0:0:0:0:0:0:1:0:0:0:0:0:0:0:0:0:0:17:,0,0.0,1.0,
Q,0,18,explore:3:3:3:3:3:3:3:3:3:3:3:3:3:3:3:3:3:3:3:3:3:3:3:3:3:0:0:0:0:0:0:0:0:0:0:0:0:0:0:1:0:0:0:0:0:0:0:0:0:0:17:,8,0.1171875,1.0,
Q,0,18,explore:3:3:3:3:3:3:3:3:3:3:3:3:3:3:3:3:3:3:3:3:3:3:3:3:3:0:0:0:0:0:0:0:0:0:0:0:0:0:0:1:0:0:0:0:0:0:0:0:0:0:17:,9,0.0,1.0,
Q,0,18,explore:3:3:3:3:3:3:3:3:3:3:3:3:3:3:3:3:3:3:3:3:3:3:3:3:3:0:0:0:0:0:0:0:0:0:0:0:0:0:0:1:0:0:0:0:0:0:0:0:0:0:17:,15,0.231328125,1.0,
Q,0,18,explore:3:3:3:3:3:3:3:3:3:3:3:3:3:3:3:3:3:3:3:3:3:3:3:3:3:0:0:0:0:0:0:0:0:0:0:0:0:0:0:1:0:0:0:0:0:0:0:0:0:0:17:,18,57.1156640625,1.0,
Q,0,18,explore:3:3:3:3:3:3:3:3:3:3:3:3:3:3:3:3:3:3:3:3:3:3:3:3:3:0:0:0:0:0:0:0:0:0:0:0:0:0:0:1:0:0:0:0:0:0:0:0:0:0:17:,26,0.0,1.0,

Q,0,18,explore:3:3:3:3:3:3:3:3:3:3:3:3:3:3:2:3:3:3:3:3:3:3:3:3:3:0:0:0:0:0:0:0:0:0:1:0:1:0:1:0:1:0:0:1:1:0:0:0:0:0:17:,18,57.0,1.0,
Q,0,18,explore:3:3:3:3:3:3:3:3:3:3:3:3:3:3:2:3:3:3:3:3:3:3:3:3:3:0:0:0:0:0:0:0:0:0:1:0:1:0:1:0:1:0:0:1:1:0:0:0:0:0:17:,12,0.0,1.0,

Q,0,18,explore:3:3:3:3:3:3:3:3:3:3:3:2:3:3:2:2:3:3:2:2:3:3:3:3:3:0:0:0:0:0:0:0:0:0:1:0:1:0:1:0:1:0:0:1:1:0:0:0:0:0:17:,18,57.0,1.0,

Q,0,18,explore:3:3:3:3:3:3:3:3:3:3:3:3:3:3:2:3:3:3:2:3:3:3:3:3:3:0:0:0:0:0:0:0:0:0:1:0:1:0:1:0:1:0:0:1:1:0:0:0:0:0:17:,1,7.125,1.0,
Q,0,18,explore:3:3:3:3:3:3:3:3:3:3:3:3:3:3:2:3:3:3:2:3:3:3:3:3:3:0:0:0:0:0:0:0:0:0:1:0:1:0:1:0:1:0:0:1:1:0:0:0:0:0:17:,18,58.78125,1.0,


Q,0,19,explore:3:3:3:3:3:3:3:3:3:3:3:3:3:3:2:3:3:3:3:3:3:3:3:3:3:0:0:0:0:0:0:0:0:0:1:0:1:0:1:0:1:0:0:1:1:0:0:0:0:0:18:,18,10.125,1.0,
Q,0,19,explore:3:3:3:3:3:3:3:3:3:3:3:3:3:3:2:3:3:3:3:3:3:3:3:3:3:0:0:0:0:0:0:0:0:0:1:0:1:0:1:0:1:0:0:1:1:0:0:0:0:0:18:,19,1.0025,1.0,
Q,0,19,explore:3:3:3:3:3:3:3:3:3:3:3:3:3:3:2:3:3:3:3:3:3:3:3:3:3:0:0:0:0:0:0:0:0:0:1:0:1:0:1:0:1:0:0:1:1:0:0:0:0:0:18:,12,3.25,1.0,
Q,0,19,explore:3:3:3:3:3:3:3:3:3:3:3:3:3:3:2:3:3:3:3:3:3:3:3:3:3:0:0:0:0:0:0:0:0:0:1:0:1:0:1:0:1:0:0:1:1:0:0:0:0:0:18:,21,0.8203125,1.0,
Q,0,19,explore:3:3:3:3:3:3:3:3:3:3:3:3:3:3:2:3:3:3:3:3:3:3:3:3:3:0:0:0:0:0:0:0:0:0:1:0:1:0:1:0:1:0:0:1:1:0:0:0:0:0:18:,14,0.12,1.0,

Q,0,19,explore:3:3:3:3:3:3:3:3:3:3:3:2:3:3:2:2:3:3:2:2:3:3:3:3:3:0:0:0:0:0:0:0:0:0:1:0:1:0:1:0:1:0:0:1:1:0:0:0:0:0:18:,19,0.126666666667,1.0,

Q,0,19,explore:3:3:3:3:3:3:3:3:3:3:3:2:3:2:2:2:3:3:2:2:3:3:3:3:3:0:0:0:0:0:0:0:0:0:1:0:1:0:1:0:1:0:0:1:1:0:0:0:0:0:18:,24,3.5625,1.0,
Q,0,19,explore:3:3:3:3:3:3:3:3:3:3:3:2:3:2:2:2:3:3:2:2:3:3:3:3:3:0:0:0:0:0:0:0:0:0:1:0:1:0:1:0:1:0:0:1:1:0:0:0:0:0:18:,19,0.126666666667,1.0,

Q,0,19,explore:3:3:3:3:3:3:3:3:3:3:3:3:3:3:2:3:3:3:3:3:3:3:3:3:3:0:0:0:0:0:0:0:0:0:0:0:0:0:0:1:0:0:0:0:0:0:0:0:0:0:18:,19,57.0,1.0,
Q,0,19,explore:3:3:3:3:3:3:3:3:3:3:3:3:3:3:2:3:3:3:3:3:3:3:3:3:3:0:0:0:0:0:0:0:0:0:0:0:0:0:0:1:0:0:0:0:0:0:0:0:0:0:18:,4,0.0,1.0,
Q,0,19,explore:3:3:3:3:3:3:3:3:3:3:3:3:3:3:2:3:3:3:3:3:3:3:3:3:3:0:0:0:0:0:0:0:0:0:0:0:0:0:0:1:0:0:0:0:0:0:0:0:0:0:18:,6,0.00416666666667,1.0,

Q,0,19,explore:3:3:3:3:3:3:3:3:3:3:3:3:3:3:2:3:3:3:2:3:3:3:3:3:3:0:0:0:0:0:0:0:0:0:1:0:1:0:1:0:1:0:0:1:1:0:0:0:0:0:18:,0,0.0,1.0,
Q,0,19,explore:3:3:3:3:3:3:3:3:3:3:3:3:3:3:2:3:3:3:2:3:3:3:3:3:3:0:0:0:0:0:0:0:0:0:1:0:1:0:1:0:1:0:0:1:1:0:0:0:0:0:18:,19,0.126666666667,1.0,
Q,0,19,explore:3:3:3:3:3:3:3:3:3:3:3:3:3:3:2:3:3:3:2:3:3:3:3:3:3:0:0:0:0:0:0:0:0:0:1:0:1:0:1:0:1:0:0:1:1:0:0:0:0:0:18:,6,0.0,1.0,
Q,0,19,explore:3:3:3:3:3:3:3:3:3:3:3:3:3:3:2:3:3:3:2:3:3:3:3:3:3:0:0:0:0:0:0:0:0:0:1:0:1:0:1:0:1:0:0:1:1:0:0:0:0:0:18:,14,0.11,1.0,

Q,0,19,explore:3:3:3:3:3:3:3:3:3:3:3:3:3:3:2:2:3:3:2:3:3:3:3:3:3:0:0:0:0:0:0:0:0:0:1:0:1:0:1:0:1:0:0:1:1:0:0:0:0:0:18:,24,0.0,1.0,
Q,0,19,explore:3:3:3:3:3:3:3:3:3:3:3:3:3:3:2:2:3:3:2:3:3:3:3:3:3:0:0:0:0:0:0:0:0:0:1:0:1:0:1:0:1:0:0:1:1:0:0:0:0:0:18:,25,15.017578125,1.0,
Q,0,19,explore:3:3:3:3:3:3:3:3:3:3:3:3:3:3:2:2:3:3:2:3:3:3:3:3:3:0:0:0:0:0:0:0:0:0:1:0:1:0:1:0:1:0:0:1:1:0:0:0:0:0:18:,2,0.0,1.0,
Q,0,19,explore:3:3:3:3:3:3:3:3:3:3:3:3:3:3:2:2:3:3:2:3:3:3:3:3:3:0:0:0:0:0:0:0:0:0:1:0:1:0:1:0:1:0:0:1:1:0:0:0:0:0:18:,19,0.126666666667,1.0,
Q,0,19,explore:3:3:3:3:3:3:3:3:3:3:3:3:3:3:2:2:3:3:2:3:3:3:3:3:3:0:0:0:0:0:0:0:0:0:1:0:1:0:1:0:1:0:0:1:1:0:0:0:0:0:18:,23,0.0,1.0,

Q,0,19,explore:3:3:3:3:3:3:3:3:3:3:3:3:3:3:2:2:3:3:2:2:3:3:3:3:3:0:0:0:0:0:0:0:0:0:1:0:1:0:1:0:1:0:0:1:1:0:0:0:0:0:18:,19,0.126666666667,1.0,

Q,0,19,explore:3:3:3:3:3:3:3:3:3:3:3:3:3:3:3:3:3:3:3:3:3:3:3:3:3:0:0:0:0:0:0:0:0:0:0:0:0:0:0:1:0:0:0:0:0:0:0:0:0:0:18:,24,14.361328125,1.0,
Q,0,19,explore:3:3:3:3:3:3:3:3:3:3:3:3:3:3:3:3:3:3:3:3:3:3:3:3:3:0:0:0:0:0:0:0:0:0:0:0:0:0:0:1:0:0:0:0:0:0:0:0:0:0:18:,19,65.53125,1.0,
Q,0,19,explore:3:3:3:3:3:3:3:3:3:3:3:3:3:3:3:3:3:3:3:3:3:3:3:3:3:0:0:0:0:0:0:0:0:0:0:0:0:0:0:1:0:0:0:0:0:0:0:0:0:0:18:,12,0.0,1.0,
Q,0,19,explore:3:3:3:3:3:3:3:3:3:3:3:3:3:3:3:3:3:3:3:3:3:3:3:3:3:0:0:0:0:0:0:0:0:0:0:0:0:0:0:1:0:0:0:0:0:0:0:0:0:0:18:,22,34.125,1.0,
Q,0,19,explore:3:3:3:3:3:3:3:3:3:3:3:3:3:3:3:3:3:3:3:3:3:3:3:3:3:0:0:0:0:0:0:0:0:0:0:0:0:0:0:1:0:0:0:0:0:0:0:0:0:0:18:,7,0.0,1.0,


Q,0,20,explore:3:3:3:3:3:3:3:3:3:3:3:3:3:3:2:3:3:3:3:3:3:3:3:3:3:0:0:0:0:0:0:0:0:0:0:0:0:0:0:1:0:0:0:0:0:0:0:0:0:0:19:,8,0.00833333333333,1.0,
Q,0,20,explore:3:3:3:3:3:3:3:3:3:3:3:3:3:3:2:3:3:3:3:3:3:3:3:3:3:0:0:0:0:0:0:0:0:0:0:0:0:0:0:1:0:0:0:0:0:0:0:0:0:0:19:,12,2.25,1.0,
Q,0,20,explore:3:3:3:3:3:3:3:3:3:3:3:3:3:3:2:3:3:3:3:3:3:3:3:3:3:0:0:0:0:0:0:0:0:0:0:0:0:0:0:1:0:0:0:0:0:0:0:0:0:0:19:,2,0.0,1.0,
Q,0,20,explore:3:3:3:3:3:3:3:3:3:3:3:3:3:3:2:3:3:3:3:3:3:3:3:3:3:0:0:0:0:0:0:0:0:0:0:0:0:0:0:1:0:0:0:0:0:0:0:0:0:0:19:,20,57.0,1.0,

Q,0,20,explore:3:3:3:3:3:3:3:3:3:3:3:3:3:3:2:3:3:3:3:3:3:3:3:3:3:0:0:0:0:0:0:0:0:0:1:0:1:0:1:0:1:0:0:1:1:0:0:0:0:0:19:,2,0.0,1.0,
Q,0,20,explore:3:3:3:3:3:3:3:3:3:3:3:3:3:3:2:3:3:3:3:3:3:3:3:3:3:0:0:0:0:0:0:0:0:0:1:0:1:0:1:0:1:0:0:1:1:0:0:0:0:0:19:,5,3.5625,1.0,
Q,0,20,explore:3:3:3:3:3:3:3:3:3:3:3:3:3:3:2:3:3:3:3:3:3:3:3:3:3:0:0:0:0:0:0:0:0:0:1:0:1:0:1:0:1:0:0:1:1:0:0:0:0:0:19:,10,0.0,1.0,
Q,0,20,explore:3:3:3:3:3:3:3:3:3:3:3:3:3:3:2:3:3:3:3:3:3:3:3:3:3:0:0:0:0:0:0:0:0:0:1:0:1:0:1:0:1:0:0:1:1:0:0:0:0:0:19:,20,0.301328125,1.0,
Q,0,20,explore:3:3:3:3:3:3:3:3:3:3:3:3:3:3:2:3:3:3:3:3:3:3:3:3:3:0:0:0:0:0:0:0:0:0:1:0:1:0:1:0:1:0:0:1:1:0:0:0:0:0:19:,21,6.5625,1.0,
Q,0,20,explore:3:3:3:3:3:3:3:3:3:3:3:3:3:3:2:3:3:3:3:3:3:3:3:3:3:0:0:0:0:0:0:0:0:0:1:0:1:0:1:0:1:0:0:1:1:0:0:0:0:0:19:,26,0.4453125,1.0,

Q,0,20,explore:3:3:3:3:3:3:3:3:3:3:3:2:3:3:2:2:3:3:2:2:3:3:3:3:3:0:0:0:0:0:0:0:0:0:1:0:1:0:1:0:1:0:0:1:1:0:0:0:0:0:19:,20,0.126666666667,1.0,
Q,0,20,explore:3:3:3:3:3:3:3:3:3:3:3:2:3:3:2:2:3:3:2:2:3:3:3:3:3:0:0:0:0:0:0:0:0:0:1:0:1:0:1:0:1:0:0:1:1:0:0:0:0:0:19:,14,0.0,1.0,

Q,0,20,explore:3:3:3:3:3:3:3:3:3:3:3:3:3:3:2:3:3:3:2:3:3:3:3:3:3:0:0:0:0:0:0:0:0:0:1:0:1:0:1:0:1:0:0:1:1:0:0:0:0:0:19:,16,0.19,1.0,
Q,0,20,explore:3:3:3:3:3:3:3:3:3:3:3:3:3:3:2:3:3:3:2:3:3:3:3:3:3:0:0:0:0:0:0:0:0:0:1:0:1:0:1:0:1:0:0:1:1:0:0:0:0:0:19:,20,0.19,1.0,

Q,0,20,explore:3:3:3:3:3:3:3:3:3:3:3:3:3:3:2:2:3:3:2:2:3:3:3:3:3:0:0:0:0:0:0:0:0:0:1:0:1:0:1:0:1:0:0:1:1:0:0:0:0:0:19:,3,0.0,1.0,
Q,0,20,explore:3:3:3:3:3:3:3:3:3:3:3:3:3:3:2:2:3:3:2:2:3:3:3:3:3:0:0:0:0:0:0:0:0:0:1:0:1:0:1:0:1:0:0:1:1:0:0:0:0:0:19:,20,0.126666666667,1.0,

Q,0,20,explore:3:3:3:3:3:3:3:3:3:3:3:3:3:3:3:3:3:3:3:3:3:3:3:3:3:0:0:0:0:0:0:0:0:0:0:0:0:0:0:1:0:0:0:0:0:0:0:0:0:0:19:,17,3.5625,1.0,
Q,0,20,explore:3:3:3:3:3:3:3:3:3:3:3:3:3:3:3:3:3:3:3:3:3:3:3:3:3:0:0:0:0:0:0:0:0:0:0:0:0:0:0:1:0:0:0:0:0:0:0:0:0:0:19:,10,0.0,1.0,
Q,0,20,explore:3:3:3:3:3:3:3:3:3:3:3:3:3:3:3:3:3:3:3:3:3:3:3:3:3:0:0:0:0:0:0:0:0:0:0:0:0:0:0:1:0:0:0:0:0:0:0:0:0:0:19:,3,2.625,1.0,
Q,0,20,explore:3:3:3:3:3:3:3:3:3:3:3:3:3:3:3:3:3:3:3:3:3:3:3:3:3:0:0:0:0:0:0:0:0:0:0:0:0:0:0:1:0:0:0:0:0:0:0:0:0:0:19:,20,57.0,1.0,
Q,0,20,explore:3:3:3:3:3:3:3:3:3:3:3:3:3:3:3:3:3:3:3:3:3:3:3:3:3:0:0:0:0:0:0:0:0:0:0:0:0:0:0:1:0:0:0:0:0:0:0:0:0:0:19:,15,0.1246484375,1.0,


Q,0,21,explore:3:3:3:3:3:3:3:3:3:3:3:2:3:3:2:2:3:3:2:2:3:3:3:3:3:0:0:0:0:0:0:0:0:0:1:0:1:0:1:0:1:0:0:1:1:0:0:0:0:0:20:,11,0.0,1.0,
Q,0,21,explore:3:3:3:3:3:3:3:3:3:3:3:2:3:3:2:2:3:3:2:2:3:3:3:3:3:0:0:0:0:0:0:0:0:0:1:0:1:0:1:0:1:0:0:1:1:0:0:0:0:0:20:,21,57.0,1.0,

Q,0,21,explore:3:3:3:3:3:3:3:3:3:3:3:3:3:3:2:3:3:3:3:3:3:3:3:3:3:0:0:0:0:0:0:0:0:0:1:0:1:0:1:0:1:0:0:1:1:0:0:0:0:0:20:,21,57.0,1.0,


Q,0,22,explore:3:3:3:3:3:3:3:3:3:3:3:3:3:3:3:3:3:3:3:3:3:3:3:3:3:0:0:0:0:0:0:0:0:0:0:0:0:0:0:1:0:0:0:0:0:0:0:0:0:0:21:,5,0.0,1.0,
Q,0,22,explore:3:3:3:3:3:3:3:3:3:3:3:3:3:3:3:3:3:3:3:3:3:3:3:3:3:0:0:0:0:0:0:0:0:0:0:0:0:0:0:1:0:0:0:0:0:0:0:0:0:0:21:,22,57.0,1.0,


Q,0,23,explore:3:3:3:3:3:3:3:3:3:3:3:3:3:3:2:3:3:3:3:3:3:3:3:3:3:0:0:0:0:0:0:0:0:0:1:0:1:0:1:0:1:0:0:1:1:0:0:0:0:0:22:,23,57.0,1.0,

Q,0,23,explore:3:3:3:3:3:3:3:3:3:3:3:3:3:3:3:3:3:3:3:3:3:3:3:3:3:0:0:0:0:0:0:0:0:0:0:0:0:0:0:1:0:0:0:0:0:0:0:0:0:0:22:,23,57.0,1.0,


Q,0,24,explore:3:3:3:3:3:3:3:3:3:3:3:2:3:2:2:2:3:3:2:2:3:3:3:3:3:0:0:0:0:0:0:0:0:0:1:0:1:0:1:0:1:0:0:1:1:0:0:0:0:0:23:,24,57.0,1.0,

Q,0,24,explore:3:3:3:3:3:3:3:3:3:3:3:3:3:3:3:3:3:3:3:3:3:3:3:3:3:0:0:0:0:0:0:0:0:0:0:0:0:0:0:1:0:0:0:0:0:0:0:0:0:0:23:,24,57.4453125,1.0,
Q,0,24,explore:3:3:3:3:3:3:3:3:3:3:3:3:3:3:3:3:3:3:3:3:3:3:3:3:3:0:0:0:0:0:0:0:0:0:0:0:0:0:0:1:0:0:0:0:0:0:0:0:0:0:23:,22,3.5625,1.0,

Q,0,24,explore:3:3:3:3:3:3:3:3:3:3:3:3:3:3:2:2:3:3:2:3:3:3:3:3:3:0:0:0:0:0:0:0:0:0:1:0:1:0:1:0:1:0:0:1:1:0:0:0:0:0:23:,24,60.0703125,1.0,
Q,0,24,explore:3:3:3:3:3:3:3:3:3:3:3:3:3:3:2:2:3:3:2:3:3:3:3:3:3:0:0:0:0:0:0:0:0:0:1:0:1:0:1:0:1:0:0:1:1:0:0:0:0:0:23:,25,24.5625,1.0,


Q,0,25,explore:3:3:3:3:3:3:3:3:3:3:3:3:3:3:2:2:3:3:2:3:3:3:3:3:3:0:0:0:0:0:0:0:0:0:1:0:1:0:1:0:1:0:0:1:1:0:0:0:0:0:24:,25,57.0,1.0,
