


Q,0,0,explore:3:3:3:3:3:3:3:3:3:3:3:3:3:3:1:3:3:3:3:3:3:3:3:3:3:0:0:0:0:0:0:0:0:0:0:0:0:0:0:0:0:0:0:0:0:0:0:0:0:0:14:,0,0.0,1.0,
Q,0,0,explore:3:3:3:3:3:3:3:3:3:3:3:3:3:3:1:3:3:3:3:3:3:3:3:3:3:0:0:0:0:0:0:0:0:0:0:0:0:0:0:0:0:0:0:0:0:0:0:0:0:0:14:,2,0.0,1.0,
Q,0,0,explore:3:3:3:3:3:3:3:3:3:3:3:3:3:3:1:3:3:3:3:3:3:3:3:3:3:0:0:0:0:0:0:0:0:0:0:0:0:0:0:0:0:0:0:0:0:0:0:0:0:0:14:,11,0.0,1.0,
Q,0,0,explore:3:3:3:3:3:3:3:3:3:3:3:3:3:3:1:3:3:3:3:3:3:3:3:3:3:0:0:0:0:0:0:0:0:0:0:0:0:0:0:0:0:0:0:0:0:0:0:0:0:0:14:,16,0.0,1.0,
Q,0,0,explore:3:3:3:3:3:3:3:3:3:3:3:3:3:3:1:3:3:3:3:3:3:3:3:3:3:0:0:0:0:0:0:0:0:0:0:0:0:0:0:0:0:0:0:0:0:0:0:0:0:0:14:,22,0.0,1.0,
Q,0,0,explore:3:3:3:3:3:3:3:3:3:3:3:3:3:3:1:3:3:3:3:3:3:3:3:3:3:0:0:0:0:0:0:0:0:0:0:0:0:0:0:0:0:0:0:0:0:0:0:0:0:0:14:,24,0.0,1.0,


Q,0,10,explore:3:3:3:3:3:3:3:3:3:3:3:3:3:3:1:3:3:3:3:3:3:3:3:3:3:0:0:0:0:0:0:0:0:0:1:0:0:0:0:0:0:0:0:0:0:0:0:0:0:1:14:,0,0.0,1.0,
Q,0,10,explore:3:3:3:3:3:3:3:3:3:3:3:3:3:3:1:3:3:3:3:3:3:3:3:3:3:0:0:0:0:0:0:0:0:0:1:0:0:0:0:0:0:0:0:0:0:0:0:0:0:1:14:,1,0.0,2.0,
Q,0,10,explore:3:3:3:3:3:3:3:3:3:3:3:3:3:3:1:3:3:3:3:3:3:3:3:3:3:0:0:0:0:0:0:0:0:0:1:0:0:0:0:0:0:0:0:0:0:0:0:0:0:1:14:,2,0.0,1.0,
Q,0,10,explore:3:3:3:3:3:3:3:3:3:3:3:3:3:3:1:3:3:3:3:3:3:3:3:3:3:0:0:0:0:0:0:0:0:0:1:0:0:0:0:0:0:0:0:0:0:0:0:0:0:1:14:,3,0.0,1.0,
Q,0,10,explore:3:3:3:3:3:3:3:3:3:3:3:3:3:3:1:3:3:3:3:3:3:3:3:3:3:0:0:0:0:0:0:0:0:0:1:0:0:0:0:0:0:0:0:0:0:0:0:0:0:1:14:,4,0.0,1.0,
Q,0,10,explore:3:3:3:3:3:3:3:3:3:3:3:3:3:3:1:3:3:3:3:3:3:3:3:3:3:0:0:0:0:0:0:0:0:0:1:0:0:0:0:0:0:0:0:0:0:0:0:0:0:1:14:,5,0.0,1.0,
Q,0,10,explore:3:3:3:3:3:3:3:3:3:3:3:3:3:3:1:3:3:3:3:3:3:3:3:3:3:0:0:0:0:0:0:0:0:0:1:0:0:0:0:0:0:0:0:0:0:0:0:0:0:1:14:,6,0.0,1.0,
Q,0,10,explore:3:3:3:3:3:3:3:3:3:3:3:3:3:3:1:3:3:3:3:3:3:3:3:3:3:0:0:0:0:0:0:0:0:0:1:0:0:0:0:0:0:0:0:0:0:0:0:0:0:1:14:,7,0.0,2.0,
Q,0,10,explore:3:3:3:3:3:3:3:3:3:3:3:3:3:3:1:3:3:3:3:3:3:3:3:3:3:0:0:0:0:0:0:0:0:0:1:0:0:0:0:0:0:0:0:0:0:0:0:0:0:1:14:,8,0.0,1.0,
Q,0,10,explore:3:3:3:3:3:3:3:3:3:3:3:3:3:3:1:3:3:3:3:3:3:3:3:3:3:0:0:0:0:0:0:0:0:0:1:0:0:0:0:0:0:0:0:0:0:0:0:0:0:1:14:,9,0.0,1.0,
Q,0,10,explore:3:3:3:3:3:3:3:3:3:3:3:3:3:3:1:3:3:3:3:3:3:3:3:3:3:0:0:0:0:0:0:0:0:0:1:0:0:0:0:0:0:0:0:0:0:0:0:0:0:1:14:,10,0.0,1.0,
Q,0,10,explore:3:3:3:3:3:3:3:3:3:3:3:3:3:3:1:3:3:3:3:3:3:3:3:3:3:0:0:0:0:0:0:0:0:0:1:0:0:0:0:0:0:0:0:0:0:0:0:0:0:1:14:,11,0.0,1.0,
Q,0,10,explore:3:3:3:3:3:3:3:3:3:3:3:3:3:3:1:3:3:3:3:3:3:3:3:3:3:0:0:0:0:0:0:0:0:0:1:0:0:0:0:0:0:0:0:0:0:0:0:0:0:1:14:,12,0.0,1.0,
Q,0,10,explore:3:3:3:3:3:3:3:3:3:3:3:3:3:3:1:3:3:3:3:3:3:3:3:3:3:0:0:0:0:0:0:0:0:0:1:0:0:0:0:0:0:0:0:0:0:0:0:0:0:1:14:,13,0.0,1.0,
Q,0,10,explore:3:3:3:3:3:3:3:3:3:3:3:3:3:3:1:3:3:3:3:3:3:3:3:3:3:0:0:0:0:0:0:0:0:0:1:0:0:0:0:0:0:0:0:0:0:0:0:0:0:1:14:,14,0.0,2.0,
Q,0,10,explore:3:3:3:3:3:3:3:3:3:3:3:3:3:3:1:3:3:3:3:3:3:3:3:3:3:0:0:0:0:0:0:0:0:0:1:0:0:0:0:0:0:0:0:0:0:0:0:0:0:1:14:,15,5.0,2.0,
Q,0,10,explore:3:3:3:3:3:3:3:3:3:3:3:3:3:3:1:3:3:3:3:3:3:3:3:3:3:0:0:0:0:0:0:0:0:0:1:0:0:0:0:0:0:0:0:0:0:0:0:0:0:1:14:,16,0.0,2.0,
Q,0,10,explore:3:3:3:3:3:3:3:3:3:3:3:3:3:3:1:3:3:3:3:3:3:3:3:3:3:0:0:0:0:0:0:0:0:0:1:0:0:0:0:0:0:0:0:0:0:0:0:0:0:1:14:,17,0.0,1.0,
Q,0,10,explore:3:3:3:3:3:3:3:3:3:3:3:3:3:3:1:3:3:3:3:3:3:3:3:3:3:0:0:0:0:0:0:0:0:0:1:0:0:0:0:0:0:0:0:0:0:0:0:0:0:1:14:,18,0.0,1.0,
Q,0,10,explore:3:3:3:3:3:3:3:3:3:3:3:3:3:3:1:3:3:3:3:3:3:3:3:3:3:0:0:0:0:0:0:0:0:0:1:0:0:0:0:0:0:0:0:0:0:0:0:0:0:1:14:,19,0.0,1.0,
Q,0,10,explore:3:3:3:3:3:3:3:3:3:3:3:3:3:3:1:3:3:3:3:3:3:3:3:3:3:0:0:0:0:0:0:0:0:0:1:0:0:0:0:0:0:0:0:0:0:0:0:0:0:1:14:,20,0.0,2.0,
Q,0,10,explore:3:3:3:3:3:3:3:3:3:3:3:3:3:3:1:3:3:3:3:3:3:3:3:3:3:0:0:0:0:0:0:0:0:0:1:0:0:0:0:0:0:0:0:0:0:0:0:0:0:1:14:,21,2.375,2.0,
Q,0,10,explore:3:3:3:3:3:3:3:3:3:3:3:3:3:3:1:3:3:3:3:3:3:3:3:3:3:0:0:0:0:0:0:0:0:0:1:0:0:0:0:0:0:0:0:0:0:0:0:0:0:1:14:,22,0.0,1.0,
Q,0,10,explore:3:3:3:3:3:3:3:3:3:3:3:3:3:3:1:3:3:3:3:3:3:3:3:3:3:0:0:0:0:0:0:0:0:0:1:0:0:0:0:0:0:0:0:0:0:0:0:0:0:1:14:,23,0.0,2.0,
Q,0,10,explore:3:3:3:3:3:3:3:3:3:3:3:3:3:3:1:3:3:3:3:3:3:3:3:3:3:0:0:0:0:0:0:0:0:0:1:0:0:0:0:0:0:0:0:0:0:0:0:0:0:1:14:,24,0.0,1.0,
Q,0,10,explore:3:3:3:3:3:3:3:3:3:3:3:3:3:3:1:3:3:3:3:3:3:3:3:3:3:0:0:0:0:0:0:0:0:0:1:0:0:0:0:0:0:0:0:0:0:0:0:0:0:1:14:,25,2.375,2.0,
Q,0,10,explore:3:3:3:3:3:3:3:3:3:3:3:3:3:3:1:3:3:3:3:3:3:3:3:3:3:0:0:0:0:0:0:0:0:0:1:0:0:0:0:0:0:0:0:0:0:0:0:0:0:1:14:,26,0.0,1.0,

Q,0,10,explore:3:3:3:3:3:3:3:3:3:3:3:3:3:3:1:3:3:3:3:3:3:3:3:3:3:0:0:0:0:0:0:0:0:0:1:0:0:0:0:0:0:0:0:0:0:0:0:0:0:0:9:,0,0.95,1.0,
Q,0,10,explore:3:3:3:3:3:3:3:3:3:3:3:3:3:3:1:3:3:3:3:3:3:3:3:3:3:0:0:0:0:0:0:0:0:0:1:0:0:0:0:0:0:0:0:0:0:0:0:0:0:0:9:,1,0.95,1.0,
Q,0,10,explore:3:3:3:3:3:3:3:3:3:3:3:3:3:3:1:3:3:3:3:3:3:3:3:3:3:0:0:0:0:0:0:0:0:0:1:0:0:0:0:0:0:0:0:0:0:0:0:0:0:0:9:,3,0.0,1.0,
Q,0,10,explore:3:3:3:3:3:3:3:3:3:3:3:3:3:3:1:3:3:3:3:3:3:3:3:3:3:0:0:0:0:0:0:0:0:0:1:0:0:0:0:0:0:0:0:0:0:0:0:0:0:0:9:,4,5.14425,1.0,
Q,0,10,explore:3:3:3:3:3:3:3:3:3:3:3:3:3:3:1:3:3:3:3:3:3:3:3:3:3:0:0:0:0:0:0:0:0:0:1:0:0:0:0:0:0:0:0:0:0:0:0:0:0:0:9:,5,0.0,1.0,
Q,0,10,explore:3:3:3:3:3:3:3:3:3:3:3:3:3:3:1:3:3:3:3:3:3:3:3:3:3:0:0:0:0:0:0:0:0:0:1:0:0:0:0:0:0:0:0:0:0:0:0:0:0:0:9:,8,5.415,1.0,
Q,0,10,explore:3:3:3:3:3:3:3:3:3:3:3:3:3:3:1:3:3:3:3:3:3:3:3:3:3:0:0:0:0:0:0:0:0:0:1:0:0:0:0:0:0:0:0:0:0:0:0:0:0:0:9:,10,5.26425,1.0,
Q,0,10,explore:3:3:3:3:3:3:3:3:3:3:3:3:3:3:1:3:3:3:3:3:3:3:3:3:3:0:0:0:0:0:0:0:0:0:1:0:0:0:0:0:0:0:0:0:0:0:0:0:0:0:9:,11,9.0,1.0,
Q,0,10,explore:3:3:3:3:3:3:3:3:3:3:3:3:3:3:1:3:3:3:3:3:3:3:3:3:3:0:0:0:0:0:0:0:0:0:1:0:0:0:0:0:0:0:0:0:0:0:0:0:0:0:9:,12,0.0,1.0,
Q,0,10,explore:3:3:3:3:3:3:3:3:3:3:3:3:3:3:1:3:3:3:3:3:3:3:3:3:3:0:0:0:0:0:0:0:0:0:1:0:0:0:0:0:0:0:0:0:0:0:0:0:0:0:9:,13,0.0,1.0,
Q,0,10,explore:3:3:3:3:3:3:3:3:3:3:3:3:3:3:1:3:3:3:3:3:3:3:3:3:3:0:0:0:0:0:0:0:0:0:1:0:0:0:0:0:0:0:0:0:0:0:0:0:0:0:9:,14,6.0,1.0,
Q,0,10,explore:3:3:3:3:3:3:3:3:3:3:3:3:3:3:1:3:3:3:3:3:3:3:3:3:3:0:0:0:0:0:0:0:0:0:1:0:0:0:0:0:0:0:0:0:0:0:0:0:0:0:9:,15,1.0,1.0,
Q,0,10,explore:3:3:3:3:3:3:3:3:3:3:3:3:3:3:1:3:3:3:3:3:3:3:3:3:3:0:0:0:0:0:0:0:0:0:1:0:0:0:0:0:0:0:0:0:0:0:0:0:0:0:9:,16,9.0,1.0,
Q,0,10,explore:3:3:3:3:3:3:3:3:3:3:3:3:3:3:1:3:3:3:3:3:3:3:3:3:3:0:0:0:0:0:0:0:0:0:1:0:0:0:0:0:0:0:0:0:0:0:0:0:0:0:9:,17,0.0,1.0,
Q,0,10,explore:3:3:3:3:3:3:3:3:3:3:3:3:3:3:1:3:3:3:3:3:3:3:3:3:3:0:0:0:0:0:0:0:0:0:1:0:0:0:0:0:0:0:0:0:0:0:0:0:0:0:9:,18,0.0,1.0,
Q,0,10,explore:3:3:3:3:3:3:3:3:3:3:3:3:3:3:1:3:3:3:3:3:3:3:3:3:3:0:0:0:0:0:0:0:0:0:1:0:0:0:0:0:0:0:0:0:0:0:0:0:0:0:9:,19,0.0,1.0,
Q,0,10,explore:3:3:3:3:3:3:3:3:3:3:3:3:3:3:1:3:3:3:3:3:3:3:3:3:3:0:0:0:0:0:0:0:0:0:1:0:0:0:0:0:0:0:0:0:0:0:0:0:0:0:9:,21,0.0,1.0,
Q,0,10,explore:3:3:3:3:3:3:3:3:3:3:3:3:3:3:1:3:3:3:3:3:3:3:3:3:3:0:0:0:0:0:0:0:0:0:1:0:0:0:0:0:0:0:0:0:0:0:0:0:0:0:9:,23,0.0,1.0,
Q,0,10,explore:3:3:3:3:3:3:3:3:3:3:3:3:3:3:1:3:3:3:3:3:3:3:3:3:3:0:0:0:0:0:0:0:0:0:1:0:0:0:0:0:0:0:0:0:0:0:0:0:0:0:9:,25,0.0,1.0,
Q,0,10,explore:3:3:3:3:3:3:3:3:3:3:3:3:3:3:1:3:3:3:3:3:3:3:3:3:3:0:0:0:0:0:0:0:0:0:1:0:0:0:0:0:0:0:0:0:0:0:0:0:0:0:9:,26,0.0,1.0,

Q,0,10,explore:3:3:3:3:3:3:3:3:3:3:3:3:3:3:1:3:3:3:3:3:3:3:3:3:3:0:0:0:0:0:0:0:0:0:0:0:0:0:0:0:0:0:0:0:0:0:0:0:0:0:14:,0,0.0,5.0,
Q,0,10,explore:3:3:3:3:3:3:3:3:3:3:3:3:3:3:1:3:3:3:3:3:3:3:3:3:3:0:0:0:0:0:0:0:0:0:0:0:0:0:0:0:0:0:0:0:0:0:0:0:0:0:14:,1,0.0,1.0,
Q,0,10,explore:3:3:3:3:3:3:3:3:3:3:3:3:3:3:1:3:3:3:3:3:3:3:3:3:3:0:0:0:0:0:0:0:0:0:0:0:0:0:0:0:0:0:0:0:0:0:0:0:0:0:14:,2,0.0,1.0,
Q,0,10,explore:3:3:3:3:3:3:3:3:3:3:3:3:3:3:1:3:3:3:3:3:3:3:3:3:3:0:0:0:0:0:0:0:0:0:0:0:0:0:0:0:0:0:0:0:0:0:0:0:0:0:14:,3,0.0,1.0,
Q,0,10,explore:3:3:3:3:3:3:3:3:3:3:3:3:3:3:1:3:3:3:3:3:3:3:3:3:3:0:0:0:0:0:0:0:0:0:0:0:0:0:0:0:0:0:0:0:0:0:0:0:0:0:14:,7,0.0,1.0,
Q,0,10,explore:3:3:3:3:3:3:3:3:3:3:3:3:3:3:1:3:3:3:3:3:3:3:3:3:3:0:0:0:0:0:0:0:0:0:0:0:0:0:0:0:0:0:0:0:0:0:0:0:0:0:14:,10,0.0,1.0,
Q,0,10,explore:3:3:3:3:3:3:3:3:3:3:3:3:3:3:1:3:3:3:3:3:3:3:3:3:3:0:0:0:0:0:0:0:0:0:0:0:0:0:0:0:0:0:0:0:0:0:0:0:0:0:14:,12,0.0,1.0,
Q,0,10,explore:3:3:3:3:3:3:3:3:3:3:3:3:3:3:1:3:3:3:3:3:3:3:3:3:3:0:0:0:0:0:0:0:0:0:0:0:0:0:0:0:0:0:0:0:0:0:0:0:0:0:14:,13,0.0,1.0,
Q,0,10,explore:3:3:3:3:3:3:3:3:3:3:3:3:3:3:1:3:3:3:3:3:3:3:3:3:3:0:0:0:0:0:0:0:0:0:0:0:0:0:0:0:0:0:0:0:0:0:0:0:0:0:14:,16,0.0,1.0,
Q,0,10,explore:3:3:3:3:3:3:3:3:3:3:3:3:3:3:1:3:3:3:3:3:3:3:3:3:3:0:0:0:0:0:0:0:0:0:0:0:0:0:0:0:0:0:0:0:0:0:0:0:0:0:14:,17,0.0,1.0,
Q,0,10,explore:3:3:3:3:3:3:3:3:3:3:3:3:3:3:1:3:3:3:3:3:3:3:3:3:3:0:0:0:0:0:0:0:0:0:0:0:0:0:0:0:0:0:0:0:0:0:0:0:0:0:14:,18,0.0,1.0,
Q,0,10,explore:3:3:3:3:3:3:3:3:3:3:3:3:3:3:1:3:3:3:3:3:3:3:3:3:3:0:0:0:0:0:0:0:0:0:0:0:0:0:0:0:0:0:0:0:0:0:0:0:0:0:14:,19,0.0,1.0,
Q,0,10,explore:3:3:3:3:3:3:3:3:3:3:3:3:3:3:1:3:3:3:3:3:3:3:3:3:3:0:0:0:0:0:0:0:0:0:0:0:0:0:0:0:0:0:0:0:0:0:0:0:0:0:14:,20,0.0,1.0,
Q,0,10,explore:3:3:3:3:3:3:3:3:3:3:3:3:3:3:1:3:3:3:3:3:3:3:3:3:3:0:0:0:0:0:0:0:0:0:0:0:0:0:0:0:0:0:0:0:0:0:0:0:0:0:14:,21,0.0,1.0,

Q,0,10,explore:3:3:3:3:3:3:3:3:3:3:3:3:3:3:1:3:3:3:3:3:3:3:3:3:3:0:0:0:0:0:0:0:0:0:1:0:0:0:0:0:0:0:0:0:0:0:0:0:0:0:14:,0,0.0,1.0,
Q,0,10,explore:3:3:3:3:3:3:3:3:3:3:3:3:3:3:1:3:3:3:3:3:3:3:3:3:3:0:0:0:0:0:0:0:0:0:1:0:0:0:0:0:0:0:0:0:0:0:0:0:0:0:14:,1,9.774075,1.0,
Q,0,10,explore:3:3:3:3:3:3:3:3:3:3:3:3:3:3:1:3:3:3:3:3:3:3:3:3:3:0:0:0:0:0:0:0:0:0:1:0:0:0:0:0:0:0:0:0:0:0:0:0:0:0:14:,2,8.38004755312,1.0,
Q,0,10,explore:3:3:3:3:3:3:3:3:3:3:3:3:3:3:1:3:3:3:3:3:3:3:3:3:3:0:0:0:0:0:0:0:0:0:1:0:0:0:0:0:0:0:0:0:0:0:0:0:0:0:14:,3,0.0,1.0,
Q,0,10,explore:3:3:3:3:3:3:3:3:3:3:3:3:3:3:1:3:3:3:3:3:3:3:3:3:3:0:0:0:0:0:0:0:0:0:1:0:0:0:0:0:0:0:0:0:0:0:0:0:0:0:14:,4,7.18484327086,1.0,
Q,0,10,explore:3:3:3:3:3:3:3:3:3:3:3:3:3:3:1:3:3:3:3:3:3:3:3:3:3:0:0:0:0:0:0:0:0:0:1:0:0:0:0:0:0:0:0:0:0:0:0:0:0:0:14:,5,0.0,1.0,
Q,0,10,explore:3:3:3:3:3:3:3:3:3:3:3:3:3:3:1:3:3:3:3:3:3:3:3:3:3:0:0:0:0:0:0:0:0:0:1:0:0:0:0:0:0:0:0:0:0:0:0:0:0:0:14:,7,0.0,1.0,
Q,0,10,explore:3:3:3:3:3:3:3:3:3:3:3:3:3:3:1:3:3:3:3:3:3:3:3:3:3:0:0:0:0:0:0:0:0:0:1:0:0:0:0:0:0:0:0:0:0:0:0:0:0:0:14:,9,20.1379346962,1.0,
Q,0,10,explore:3:3:3:3:3:3:3:3:3:3:3:3:3:3:1:3:3:3:3:3:3:3:3:3:3:0:0:0:0:0:0:0:0:0:1:0:0:0:0:0:0:0:0:0:0:0:0:0:0:0:14:,10,7.21484327086,1.0,
Q,0,10,explore:3:3:3:3:3:3:3:3:3:3:3:3:3:3:1:3:3:3:3:3:3:3:3:3:3:0:0:0:0:0:0:0:0:0:1:0:0:0:0:0:0:0:0:0:0:0:0:0:0:0:14:,12,0.0,1.0,
Q,0,10,explore:3:3:3:3:3:3:3:3:3:3:3:3:3:3:1:3:3:3:3:3:3:3:3:3:3:0:0:0:0:0:0:0:0:0:1:0:0:0:0:0:0:0:0:0:0:0:0:0:0:0:14:,13,0.0,1.0,
Q,0,10,explore:3:3:3:3:3:3:3:3:3:3:3:3:3:3:1:3:3:3:3:3:3:3:3:3:3:0:0:0:0:0:0:0:0:0:1:0:0:0:0:0:0:0:0:0:0:0:0:0:0:0:14:,14,9.49168648047,1.0,
Q,0,10,explore:3:3:3:3:3:3:3:3:3:3:3:3:3:3:1:3:3:3:3:3:3:3:3:3:3:0:0:0:0:0:0:0:0:0:1:0:0:0:0:0:0:0:0:0:0:0:0:0:0:0:14:,15,5.0,1.0,
Q,0,10,explore:3:3:3:3:3:3:3:3:3:3:3:3:3:3:1:3:3:3:3:3:3:3:3:3:3:0:0:0:0:0:0:0:0:0:1:0:0:0:0:0:0:0:0:0:0:0:0:0:0:0:14:,16,4.07253125,1.0,
Q,0,10,explore:3:3:3:3:3:3:3:3:3:3:3:3:3:3:1:3:3:3:3:3:3:3:3:3:3:0:0:0:0:0:0:0:0:0:1:0:0:0:0:0:0:0:0:0:0:0:0:0:0:0:14:,17,0.0,1.0,
Q,0,10,explore:3:3:3:3:3:3:3:3:3:3:3:3:3:3:1:3:3:3:3:3:3:3:3:3:3:0:0:0:0:0:0:0:0:0:1:0:0:0:0:0:0:0:0:0:0:0:0:0:0:0:14:,18,0.0,1.0,
Q,0,10,explore:3:3:3:3:3:3:3:3:3:3:3:3:3:3:1:3:3:3:3:3:3:3:3:3:3:0:0:0:0:0:0:0:0:0:1:0:0:0:0:0:0:0:0:0:0:0:0:0:0:0:14:,21,0.0,1.0,
Q,0,10,explore:3:3:3:3:3:3:3:3:3:3:3:3:3:3:1:3:3:3:3:3:3:3:3:3:3:0:0:0:0:0:0:0:0:0:1:0:0:0:0:0:0:0:0:0:0:0:0:0:0:0:14:,22,0.0,1.0,
Q,0,10,explore:3:3:3:3:3:3:3:3:3:3:3:3:3:3:1:3:3:3:3:3:3:3:3:3:3:0:0:0:0:0:0:0:0:0:1:0:0:0:0:0:0:0:0:0:0:0:0:0:0:0:14:,23,0.0,1.0,
Q,0,10,explore:3:3:3:3:3:3:3:3:3:3:3:3:3:3:1:3:3:3:3:3:3:3:3:3:3:0:0:0:0:0:0:0:0:0:1:0:0:0:0:0:0:0:0:0:0:0:0:0:0:0:14:,25,0.0,1.0,
Q,0,10,explore:3:3:3:3:3:3:3:3:3:3:3:3:3:3:1:3:3:3:3:3:3:3:3:3:3:0:0:0:0:0:0:0:0:0:1:0:0:0:0:0:0:0:0:0:0:0:0:0:0:0:14:,26,7.5629929167,1.0,


Q,0,11,explore:3:3:3:3:3:3:3:3:3:3:3:3:3:3:1:3:3:3:3:3:3:3:3:3:3:0:0:0:0:0:0:0:0:0:1:0:0:0:0:0:0:0:0:0:0:0:0:0:0:0:10:,17,8.56624704862,1.0,
Q,0,11,explore:3:3:3:3:3:3:3:3:3:3:3:3:3:3:1:3:3:3:3:3:3:3:3:3:3:0:0:0:0:0:0:0:0:0:1:0:0:0:0:0:0:0:0:0:0:0:0:0:0:0:10:,2,0.0,1.0,
Q,0,11,explore:3:3:3:3:3:3:3:3:3:3:3:3:3:3:1:3:3:3:3:3:3:3:3:3:3:0:0:0:0:0:0:0:0:0:1:0:0:0:0:0:0:0:0:0:0:0:0:0:0:0:10:,11,20.1379346962,1.0,
Q,0,11,explore:3:3:3:3:3:3:3:3:3:3:3:3:3:3:1:3:3:3:3:3:3:3:3:3:3:0:0:0:0:0:0:0:0:0:1:0:0:0:0:0:0:0:0:0:0:0:0:0:0:0:10:,1,0.0,1.0,


Q,0,14,explore:3:3:3:3:3:3:3:3:3:3:3:3:3:3:1:3:3:3:3:3:3:3:3:3:3:0:0:0:0:0:0:0:0:0:1:0:0:0:0:0:0:0:0:0:0:0:0:0:0:0:13:,2,0.0,1.0,
Q,0,14,explore:3:3:3:3:3:3:3:3:3:3:3:3:3:3:1:3:3:3:3:3:3:3:3:3:3:0:0:0:0:0:0:0:0:0:1:0:0:0:0:0:0:0:0:0:0:0:0:0:0:0:13:,3,0.0,1.0,
Q,0,14,explore:3:3:3:3:3:3:3:3:3:3:3:3:3:3:1:3:3:3:3:3:3:3:3:3:3:0:0:0:0:0:0:0:0:0:1:0:0:0:0:0:0:0:0:0:0:0:0:0:0:0:13:,14,12.0,1.0,
