


Q,0,10,explore:3:3:3:3:3:3:3:3:3:3:3:3:3:3:1:3:3:3:3:3:3:3:3:3:3:0:0:0:0:0:0:0:0:0:1:0:0:0:0:1:0:0:0:0:0:0:0:0:0:1:14:,0,0.0,2.0,
Q,0,10,explore:3:3:3:3:3:3:3:3:3:3:3:3:3:3:1:3:3:3:3:3:3:3:3:3:3:0:0:0:0:0:0:0:0:0:1:0:0:0:0:1:0:0:0:0:0:0:0:0:0:1:14:,1,0.0,2.0,
Q,0,10,explore:3:3:3:3:3:3:3:3:3:3:3:3:3:3:1:3:3:3:3:3:3:3:3:3:3:0:0:0:0:0:0:0:0:0:1:0:0:0:0:1:0:0:0:0:0:0:0:0:0:1:14:,2,0.0,2.0,
Q,0,10,explore:3:3:3:3:3:3:3:3:3:3:3:3:3:3:1:3:3:3:3:3:3:3:3:3:3:0:0:0:0:0:0:0:0:0:1:0:0:0:0:1:0:0:0:0:0:0:0:0:0:1:14:,3,0.0,2.0,
Q,0,10,explore:3:3:3:3:3:3:3:3:3:3:3:3:3:3:1:3:3:3:3:3:3:3:3:3:3:0:0:0:0:0:0:0:0:0:1:0:0:0:0:1:0:0:0:0:0:0:0:0:0:1:14:,4,0.0,1.0,
Q,0,10,explore:3:3:3:3:3:3:3:3:3:3:3:3:3:3:1:3:3:3:3:3:3:3:3:3:3:0:0:0:0:0:0:0:0:0:1:0:0:0:0:1:0:0:0:0:0:0:0:0:0:1:14:,5,0.0,1.0,
Q,0,10,explore:3:3:3:3:3:3:3:3:3:3:3:3:3:3:1:3:3:3:3:3:3:3:3:3:3:0:0:0:0:0:0:0:0:0:1:0:0:0:0:1:0:0:0:0:0:0:0:0:0:1:14:,6,0.0,1.0,
Q,0,10,explore:3:3:3:3:3:3:3:3:3:3:3:3:3:3:1:3:3:3:3:3:3:3:3:3:3:0:0:0:0:0:0:0:0:0:1:0:0:0:0:1:0:0:0:0:0:0:0:0:0:1:14:,7,0.0166666666667,2.0,
Q,0,10,explore:3:3:3:3:3:3:3:3:3:3:3:3:3:3:1:3:3:3:3:3:3:3:3:3:3:0:0:0:0:0:0:0:0:0:1:0:0:0:0:1:0:0:0:0:0:0:0:0:0:1:14:,8,0.0,1.0,
Q,0,10,explore:3:3:3:3:3:3:3:3:3:3:3:3:3:3:1:3:3:3:3:3:3:3:3:3:3:0:0:0:0:0:0:0:0:0:1:0:0:0:0:1:0:0:0:0:0:0:0:0:0:1:14:,9,0.0,1.0,
Q,0,10,explore:3:3:3:3:3:3:3:3:3:3:3:3:3:3:1:3:3:3:3:3:3:3:3:3:3:0:0:0:0:0:0:0:0:0:1:0:0:0:0:1:0:0:0:0:0:0:0:0:0:1:14:,10,0.0,2.0,
Q,0,10,explore:3:3:3:3:3:3:3:3:3:3:3:3:3:3:1:3:3:3:3:3:3:3:3:3:3:0:0:0:0:0:0:0:0:0:1:0:0:0:0:1:0:0:0:0:0:0:0:0:0:1:14:,11,0.0,1.0,
Q,0,10,explore:3:3:3:3:3:3:3:3:3:3:3:3:3:3:1:3:3:3:3:3:3:3:3:3:3:0:0:0:0:0:0:0:0:0:1:0:0:0:0:1:0:0:0:0:0:0:0:0:0:1:14:,12,0.0,1.0,
Q,0,10,explore:3:3:3:3:3:3:3:3:3:3:3:3:3:3:1:3:3:3:3:3:3:3:3:3:3:0:0:0:0:0:0:0:0:0:1:0:0:0:0:1:0:0:0:0:0:0:0:0:0:1:14:,13,0.0,1.0,
Q,0,10,explore:3:3:3:3:3:3:3:3:3:3:3:3:3:3:1:3:3:3:3:3:3:3:3:3:3:0:0:0:0:0:0:0:0:0:1:0:0:0:0:1:0:0:0:0:0:0:0:0:0:1:14:,14,0.0,2.0,
Q,0,10,explore:3:3:3:3:3:3:3:3:3:3:3:3:3:3:1:3:3:3:3:3:3:3:3:3:3:0:0:0:0:0:0:0:0:0:1:0:0:0:0:1:0:0:0:0:0:0:0:0:0:1:14:,15,0.0166666666667,2.0,
Q,0,10,explore:3:3:3:3:3:3:3:3:3:3:3:3:3:3:1:3:3:3:3:3:3:3:3:3:3:0:0:0:0:0:0:0:0:0:1:0:0:0:0:1:0:0:0:0:0:0:0:0:0:1:14:,16,0.0,1.0,
Q,0,10,explore:3:3:3:3:3:3:3:3:3:3:3:3:3:3:1:3:3:3:3:3:3:3:3:3:3:0:0:0:0:0:0:0:0:0:1:0:0:0:0:1:0:0:0:0:0:0:0:0:0:1:14:,17,0.0,1.0,
Q,0,10,explore:3:3:3:3:3:3:3:3:3:3:3:3:3:3:1:3:3:3:3:3:3:3:3:3:3:0:0:0:0:0:0:0:0:0:1:0:0:0:0:1:0:0:0:0:0:0:0:0:0:1:14:,18,0.0,2.0,
Q,0,10,explore:3:3:3:3:3:3:3:3:3:3:3:3:3:3:1:3:3:3:3:3:3:3:3:3:3:0:0:0:0:0:0:0:0:0:1:0:0:0:0:1:0:0:0:0:0:0:0:0:0:1:14:,19,0.0,2.0,
Q,0,10,explore:3:3:3:3:3:3:3:3:3:3:3:3:3:3:1:3:3:3:3:3:3:3:3:3:3:0:0:0:0:0:0:0:0:0:1:0:0:0:0:1:0:0:0:0:0:0:0:0:0:1:14:,20,0.0,2.0,
Q,0,10,explore:3:3:3:3:3:3:3:3:3:3:3:3:3:3:1:3:3:3:3:3:3:3:3:3:3:0:0:0:0:0:0:0:0:0:1:0:0:0:0:1:0:0:0:0:0:0:0:0:0:1:14:,21,0.0,2.0,
Q,0,10,explore:3:3:3:3:3:3:3:3:3:3:3:3:3:3:1:3:3:3:3:3:3:3:3:3:3:0:0:0:0:0:0:0:0:0:1:0:0:0:0:1:0:0:0:0:0:0:0:0:0:1:14:,22,0.0,2.0,
Q,0,10,explore:3:3:3:3:3:3:3:3:3:3:3:3:3:3:1:3:3:3:3:3:3:3:3:3:3:0:0:0:0:0:0:0:0:0:1:0:0:0:0:1:0:0:0:0:0:0:0:0:0:1:14:,23,0.0,1.0,
Q,0,10,explore:3:3:3:3:3:3:3:3:3:3:3:3:3:3:1:3:3:3:3:3:3:3:3:3:3:0:0:0:0:0:0:0:0:0:1:0:0:0:0:1:0:0:0:0:0:0:0:0:0:1:14:,24,0.0,1.0,
Q,0,10,explore:3:3:3:3:3:3:3:3:3:3:3:3:3:3:1:3:3:3:3:3:3:3:3:3:3:0:0:0:0:0:0:0:0:0:1:0:0:0:0:1:0:0:0:0:0:0:0:0:0:1:14:,25,0.0,2.0,
Q,0,10,explore:3:3:3:3:3:3:3:3:3:3:3:3:3:3:1:3:3:3:3:3:3:3:3:3:3:0:0:0:0:0:0:0:0:0:1:0:0:0:0:1:0:0:0:0:0:0:0:0:0:1:14:,26,0.0,2.0,

Q,0,10,explore:3:3:3:3:3:3:3:3:3:2:3:3:3:2:0:3:3:3:3:3:3:3:3:3:3:0:0:0:0:0:0:0:0:0:1:0:0:0:1:0:0:0:0:0:1:0:0:0:0:0:9:,0,0.0,2.0,
Q,0,10,explore:3:3:3:3:3:3:3:3:3:2:3:3:3:2:0:3:3:3:3:3:3:3:3:3:3:0:0:0:0:0:0:0:0:0:1:0:0:0:1:0:0:0:0:0:1:0:0:0:0:0:9:,1,0.0,1.0,
Q,0,10,explore:3:3:3:3:3:3:3:3:3:2:3:3:3:2:0:3:3:3:3:3:3:3:3:3:3:0:0:0:0:0:0:0:0:0:1:0:0:0:1:0:0:0:0:0:1:0:0:0:0:0:9:,2,0.0,1.0,
Q,0,10,explore:3:3:3:3:3:3:3:3:3:2:3:3:3:2:0:3:3:3:3:3:3:3:3:3:3:0:0:0:0:0:0:0:0:0:1:0:0:0:1:0:0:0:0:0:1:0:0:0:0:0:9:,3,0.0,1.0,
Q,0,10,explore:3:3:3:3:3:3:3:3:3:2:3:3:3:2:0:3:3:3:3:3:3:3:3:3:3:0:0:0:0:0:0:0:0:0:1:0:0:0:1:0:0:0:0:0:1:0:0:0:0:0:9:,4,0.0,1.0,
Q,0,10,explore:3:3:3:3:3:3:3:3:3:2:3:3:3:2:0:3:3:3:3:3:3:3:3:3:3:0:0:0:0:0:0:0:0:0:1:0:0:0:1:0:0:0:0:0:1:0:0:0:0:0:9:,5,0.0,1.0,
Q,0,10,explore:3:3:3:3:3:3:3:3:3:2:3:3:3:2:0:3:3:3:3:3:3:3:3:3:3:0:0:0:0:0:0:0:0:0:1:0:0:0:1:0:0:0:0:0:1:0:0:0:0:0:9:,6,0.0,1.0,
Q,0,10,explore:3:3:3:3:3:3:3:3:3:2:3:3:3:2:0:3:3:3:3:3:3:3:3:3:3:0:0:0:0:0:0:0:0:0:1:0:0:0:1:0:0:0:0:0:1:0:0:0:0:0:9:,7,0.0,1.0,
Q,0,10,explore:3:3:3:3:3:3:3:3:3:2:3:3:3:2:0:3:3:3:3:3:3:3:3:3:3:0:0:0:0:0:0:0:0:0:1:0:0:0:1:0:0:0:0:0:1:0:0:0:0:0:9:,8,0.0,1.0,
Q,0,10,explore:3:3:3:3:3:3:3:3:3:2:3:3:3:2:0:3:3:3:3:3:3:3:3:3:3:0:0:0:0:0:0:0:0:0:1:0:0:0:1:0:0:0:0:0:1:0:0:0:0:0:9:,9,0.0,1.0,
Q,0,10,explore:3:3:3:3:3:3:3:3:3:2:3:3:3:2:0:3:3:3:3:3:3:3:3:3:3:0:0:0:0:0:0:0:0:0:1:0:0:0:1:0:0:0:0:0:1:0:0:0:0:0:9:,10,0.0266666666667,2.0,
Q,0,10,explore:3:3:3:3:3:3:3:3:3:2:3:3:3:2:0:3:3:3:3:3:3:3:3:3:3:0:0:0:0:0:0:0:0:0:1:0:0:0:1:0:0:0:0:0:1:0:0:0:0:0:9:,11,0.0,2.0,
Q,0,10,explore:3:3:3:3:3:3:3:3:3:2:3:3:3:2:0:3:3:3:3:3:3:3:3:3:3:0:0:0:0:0:0:0:0:0:1:0:0:0:1:0:0:0:0:0:1:0:0:0:0:0:9:,12,0.026136,1.0,
Q,0,10,explore:3:3:3:3:3:3:3:3:3:2:3:3:3:2:0:3:3:3:3:3:3:3:3:3:3:0:0:0:0:0:0:0:0:0:1:0:0:0:1:0:0:0:0:0:1:0:0:0:0:0:9:,13,0.0,1.0,
Q,0,10,explore:3:3:3:3:3:3:3:3:3:2:3:3:3:2:0:3:3:3:3:3:3:3:3:3:3:0:0:0:0:0:0:0:0:0:1:0:0:0:1:0:0:0:0:0:1:0:0:0:0:0:9:,14,0.0,1.0,
Q,0,10,explore:3:3:3:3:3:3:3:3:3:2:3:3:3:2:0:3:3:3:3:3:3:3:3:3:3:0:0:0:0:0:0:0:0:0:1:0:0:0:1:0:0:0:0:0:1:0:0:0:0:0:9:,15,0.0,1.0,
Q,0,10,explore:3:3:3:3:3:3:3:3:3:2:3:3:3:2:0:3:3:3:3:3:3:3:3:3:3:0:0:0:0:0:0:0:0:0:1:0:0:0:1:0:0:0:0:0:1:0:0:0:0:0:9:,16,0.0,1.0,
Q,0,10,explore:3:3:3:3:3:3:3:3:3:2:3:3:3:2:0:3:3:3:3:3:3:3:3:3:3:0:0:0:0:0:0:0:0:0:1:0:0:0:1:0:0:0:0:0:1:0:0:0:0:0:9:,17,0.0,1.0,
Q,0,10,explore:3:3:3:3:3:3:3:3:3:2:3:3:3:2:0:3:3:3:3:3:3:3:3:3:3:0:0:0:0:0:0:0:0:0:1:0:0:0:1:0:0:0:0:0:1:0:0:0:0:0:9:,18,0.0,1.0,
Q,0,10,explore:3:3:3:3:3:3:3:3:3:2:3:3:3:2:0:3:3:3:3:3:3:3:3:3:3:0:0:0:0:0:0:0:0:0:1:0:0:0:1:0:0:0:0:0:1:0:0:0:0:0:9:,19,0.0,1.0,
Q,0,10,explore:3:3:3:3:3:3:3:3:3:2:3:3:3:2:0:3:3:3:3:3:3:3:3:3:3:0:0:0:0:0:0:0:0:0:1:0:0:0:1:0:0:0:0:0:1:0:0:0:0:0:9:,20,0.0,1.0,
Q,0,10,explore:3:3:3:3:3:3:3:3:3:2:3:3:3:2:0:3:3:3:3:3:3:3:3:3:3:0:0:0:0:0:0:0:0:0:1:0:0:0:1:0:0:0:0:0:1:0:0:0:0:0:9:,21,0.0,1.0,
Q,0,10,explore:3:3:3:3:3:3:3:3:3:2:3:3:3:2:0:3:3:3:3:3:3:3:3:3:3:0:0:0:0:0:0:0:0:0:1:0:0:0:1:0:0:0:0:0:1:0:0:0:0:0:9:,22,0.0,1.0,
Q,0,10,explore:3:3:3:3:3:3:3:3:3:2:3:3:3:2:0:3:3:3:3:3:3:3:3:3:3:0:0:0:0:0:0:0:0:0:1:0:0:0:1:0:0:0:0:0:1:0:0:0:0:0:9:,23,0.02587464,1.0,
Q,0,10,explore:3:3:3:3:3:3:3:3:3:2:3:3:3:2:0:3:3:3:3:3:3:3:3:3:3:0:0:0:0:0:0:0:0:0:1:0:0:0:1:0:0:0:0:0:1:0:0:0:0:0:9:,24,0.0,1.0,
Q,0,10,explore:3:3:3:3:3:3:3:3:3:2:3:3:3:2:0:3:3:3:3:3:3:3:3:3:3:0:0:0:0:0:0:0:0:0:1:0:0:0:1:0:0:0:0:0:1:0:0:0:0:0:9:,25,0.02587464,1.0,
Q,0,10,explore:3:3:3:3:3:3:3:3:3:2:3:3:3:2:0:3:3:3:3:3:3:3:3:3:3:0:0:0:0:0:0:0:0:0:1:0:0:0:1:0:0:0:0:0:1:0:0:0:0:0:9:,26,0.0,1.0,

Q,0,10,explore:3:3:3:3:3:3:3:3:3:3:3:3:3:3:1:3:3:3:3:3:3:3:3:3:3:0:0:0:0:0:0:0:0:0:1:1:0:0:1:0:0:0:0:0:1:0:0:0:0:0:14:,0,0.0,1.0,
Q,0,10,explore:3:3:3:3:3:3:3:3:3:3:3:3:3:3:1:3:3:3:3:3:3:3:3:3:3:0:0:0:0:0:0:0:0:0:1:1:0:0:1:0:0:0:0:0:1:0:0:0:0:0:14:,1,0.0,1.0,
Q,0,10,explore:3:3:3:3:3:3:3:3:3:3:3:3:3:3:1:3:3:3:3:3:3:3:3:3:3:0:0:0:0:0:0:0:0:0:1:1:0:0:1:0:0:0:0:0:1:0:0:0:0:0:14:,3,0.0,1.0,
Q,0,10,explore:3:3:3:3:3:3:3:3:3:3:3:3:3:3:1:3:3:3:3:3:3:3:3:3:3:0:0:0:0:0:0:0:0:0:1:1:0:0:1:0:0:0:0:0:1:0:0:0:0:0:14:,5,0.0,1.0,
Q,0,10,explore:3:3:3:3:3:3:3:3:3:3:3:3:3:3:1:3:3:3:3:3:3:3:3:3:3:0:0:0:0:0:0:0:0:0:1:1:0:0:1:0:0:0:0:0:1:0:0:0:0:0:14:,6,0.0,1.0,
Q,0,10,explore:3:3:3:3:3:3:3:3:3:3:3:3:3:3:1:3:3:3:3:3:3:3:3:3:3:0:0:0:0:0:0:0:0:0:1:1:0:0:1:0:0:0:0:0:1:0:0:0:0:0:14:,8,0.0,1.0,
Q,0,10,explore:3:3:3:3:3:3:3:3:3:3:3:3:3:3:1:3:3:3:3:3:3:3:3:3:3:0:0:0:0:0:0:0:0:0:1:1:0:0:1:0:0:0:0:0:1:0:0:0:0:0:14:,9,0.0,1.0,
Q,0,10,explore:3:3:3:3:3:3:3:3:3:3:3:3:3:3:1:3:3:3:3:3:3:3:3:3:3:0:0:0:0:0:0:0:0:0:1:1:0:0:1:0:0:0:0:0:1:0:0:0:0:0:14:,10,0.0,1.0,
Q,0,10,explore:3:3:3:3:3:3:3:3:3:3:3:3:3:3:1:3:3:3:3:3:3:3:3:3:3:0:0:0:0:0:0:0:0:0:1:1:0:0:1:0:0:0:0:0:1:0:0:0:0:0:14:,11,0.0,1.0,
Q,0,10,explore:3:3:3:3:3:3:3:3:3:3:3:3:3:3:1:3:3:3:3:3:3:3:3:3:3:0:0:0:0:0:0:0:0:0:1:1:0:0:1:0:0:0:0:0:1:0:0:0:0:0:14:,14,0.0,1.0,
Q,0,10,explore:3:3:3:3:3:3:3:3:3:3:3:3:3:3:1:3:3:3:3:3:3:3:3:3:3:0:0:0:0:0:0:0:0:0:1:1:0:0:1:0:0:0:0:0:1:0:0:0:0:0:14:,16,0.0,1.0,
Q,0,10,explore:3:3:3:3:3:3:3:3:3:3:3:3:3:3:1:3:3:3:3:3:3:3:3:3:3:0:0:0:0:0:0:0:0:0:1:1:0:0:1:0:0:0:0:0:1:0:0:0:0:0:14:,17,0.0,1.0,
Q,0,10,explore:3:3:3:3:3:3:3:3:3:3:3:3:3:3:1:3:3:3:3:3:3:3:3:3:3:0:0:0:0:0:0:0:0:0:1:1:0:0:1:0:0:0:0:0:1:0:0:0:0:0:14:,19,0.0,1.0,
Q,0,10,explore:3:3:3:3:3:3:3:3:3:3:3:3:3:3:1:3:3:3:3:3:3:3:3:3:3:0:0:0:0:0:0:0:0:0:1:1:0:0:1:0:0:0:0:0:1:0:0:0:0:0:14:,20,0.0,1.0,
Q,0,10,explore:3:3:3:3:3:3:3:3:3:3:3:3:3:3:1:3:3:3:3:3:3:3:3:3:3:0:0:0:0:0:0:0:0:0:1:1:0:0:1:0:0:0:0:0:1:0:0:0:0:0:14:,21,0.0,1.0,
Q,0,10,explore:3:3:3:3:3:3:3:3:3:3:3:3:3:3:1:3:3:3:3:3:3:3:3:3:3:0:0:0:0:0:0:0:0:0:1:1:0:0:1:0:0:0:0:0:1:0:0:0:0:0:14:,23,0.0,1.0,
Q,0,10,explore:3:3:3:3:3:3:3:3:3:3:3:3:3:3:1:3:3:3:3:3:3:3:3:3:3:0:0:0:0:0:0:0:0:0:1:1:0:0:1:0:0:0:0:0:1:0:0:0:0:0:14:,24,0.0,1.0,
Q,0,10,explore:3:3:3:3:3:3:3:3:3:3:3:3:3:3:1:3:3:3:3:3:3:3:3:3:3:0:0:0:0:0:0:0:0:0:1:1:0:0:1:0:0:0:0:0:1:0:0:0:0:0:14:,25,0.0,1.0,

Q,0,10,explore:3:3:3:3:3:3:3:3:3:3:3:3:3:2:0:3:3:3:3:3:3:3:3:3:3:0:0:0:0:0:0:0:0:0:1:0:0:0:0:1:0:0:0:0:0:0:0:0:0:1:9:,2,0.0,1.0,
Q,0,10,explore:3:3:3:3:3:3:3:3:3:3:3:3:3:2:0:3:3:3:3:3:3:3:3:3:3:0:0:0:0:0:0:0:0:0:1:0:0:0:0:1:0:0:0:0:0:0:0:0:0:1:9:,6,0.0,1.0,
Q,0,10,explore:3:3:3:3:3:3:3:3:3:3:3:3:3:2:0:3:3:3:3:3:3:3:3:3:3:0:0:0:0:0:0:0:0:0:1:0:0:0:0:1:0:0:0:0:0:0:0:0:0:1:9:,9,0.0,1.0,
Q,0,10,explore:3:3:3:3:3:3:3:3:3:3:3:3:3:2:0:3:3:3:3:3:3:3:3:3:3:0:0:0:0:0:0:0:0:0:1:0:0:0:0:1:0:0:0:0:0:0:0:0:0:1:9:,10,0.04,1.0,
Q,0,10,explore:3:3:3:3:3:3:3:3:3:3:3:3:3:2:0:3:3:3:3:3:3:3:3:3:3:0:0:0:0:0:0:0:0:0:1:0:0:0:0:1:0:0:0:0:0:0:0:0:0:1:9:,12,0.0,1.0,
Q,0,10,explore:3:3:3:3:3:3:3:3:3:3:3:3:3:2:0:3:3:3:3:3:3:3:3:3:3:0:0:0:0:0:0:0:0:0:1:0:0:0:0:1:0:0:0:0:0:0:0:0:0:1:9:,13,0.0,1.0,
Q,0,10,explore:3:3:3:3:3:3:3:3:3:3:3:3:3:2:0:3:3:3:3:3:3:3:3:3:3:0:0:0:0:0:0:0:0:0:1:0:0:0:0:1:0:0:0:0:0:0:0:0:0:1:9:,17,0.0,1.0,
Q,0,10,explore:3:3:3:3:3:3:3:3:3:3:3:3:3:2:0:3:3:3:3:3:3:3:3:3:3:0:0:0:0:0:0:0:0:0:1:0:0:0:0:1:0:0:0:0:0:0:0:0:0:1:9:,20,0.0,1.0,
Q,0,10,explore:3:3:3:3:3:3:3:3:3:3:3:3:3:2:0:3:3:3:3:3:3:3:3:3:3:0:0:0:0:0:0:0:0:0:1:0:0:0:0:1:0:0:0:0:0:0:0:0:0:1:9:,21,0.0,1.0,
Q,0,10,explore:3:3:3:3:3:3:3:3:3:3:3:3:3:2:0:3:3:3:3:3:3:3:3:3:3:0:0:0:0:0:0:0:0:0:1:0:0:0:0:1:0:0:0:0:0:0:0:0:0:1:9:,22,0.0,1.0,
Q,0,10,explore:3:3:3:3:3:3:3:3:3:3:3:3:3:2:0:3:3:3:3:3:3:3:3:3:3:0:0:0:0:0:0:0:0:0:1:0:0:0:0:1:0:0:0:0:0:0:0:0:0:1:9:,23,0.0,1.0,
Q,0,10,explore:3:3:3:3:3:3:3:3:3:3:3:3:3:2:0:3:3:3:3:3:3:3:3:3:3:0:0:0:0:0:0:0:0:0:1:0:0:0:0:1:0:0:0:0:0:0:0:0:0:1:9:,26,0.0,1.0,

Q,0,10,explore:3:3:3:3:3:3:3:3:3:3:3:3:3:3:0:3:3:3:3:3:3:3:3:3:3:0:0:0:0:0:0:0:0:0:1:0:0:0:0:1:0:0:0:0:0:0:0:0:0:1:14:,0,0.0,2.0,
Q,0,10,explore:3:3:3:3:3:3:3:3:3:3:3:3:3:3:0:3:3:3:3:3:3:3:3:3:3:0:0:0:0:0:0:0:0:0:1:0:0:0:0:1:0:0:0:0:0:0:0:0:0:1:14:,1,15.9709734409,2.0,
Q,0,10,explore:3:3:3:3:3:3:3:3:3:3:3:3:3:3:0:3:3:3:3:3:3:3:3:3:3:0:0:0:0:0:0:0:0:0:1:0:0:0:0:1:0:0:0:0:0:0:0:0:0:1:14:,2,0.0,1.0,
Q,0,10,explore:3:3:3:3:3:3:3:3:3:3:3:3:3:3:0:3:3:3:3:3:3:3:3:3:3:0:0:0:0:0:0:0:0:0:1:0:0:0:0:1:0:0:0:0:0:0:0:0:0:1:14:,3,1.4122202241,2.0,
Q,0,10,explore:3:3:3:3:3:3:3:3:3:3:3:3:3:3:0:3:3:3:3:3:3:3:3:3:3:0:0:0:0:0:0:0:0:0:1:0:0:0:0:1:0:0:0:0:0:0:0:0:0:1:14:,4,0.0,1.0,
Q,0,10,explore:3:3:3:3:3:3:3:3:3:3:3:3:3:3:0:3:3:3:3:3:3:3:3:3:3:0:0:0:0:0:0:0:0:0:1:0:0:0:0:1:0:0:0:0:0:0:0:0:0:1:14:,5,0.0,1.0,
Q,0,10,explore:3:3:3:3:3:3:3:3:3:3:3:3:3:3:0:3:3:3:3:3:3:3:3:3:3:0:0:0:0:0:0:0:0:0:1:0:0:0:0:1:0:0:0:0:0:0:0:0:0:1:14:,6,0.0,1.0,
Q,0,10,explore:3:3:3:3:3:3:3:3:3:3:3:3:3:3:0:3:3:3:3:3:3:3:3:3:3:0:0:0:0:0:0:0:0:0:1:0:0:0:0:1:0:0:0:0:0:0:0:0:0:1:14:,7,0.0,1.0,
Q,0,10,explore:3:3:3:3:3:3:3:3:3:3:3:3:3:3:0:3:3:3:3:3:3:3:3:3:3:0:0:0:0:0:0:0:0:0:1:0:0:0:0:1:0:0:0:0:0:0:0:0:0:1:14:,8,15.8993952414,2.0,
Q,0,10,explore:3:3:3:3:3:3:3:3:3:3:3:3:3:3:0:3:3:3:3:3:3:3:3:3:3:0:0:0:0:0:0:0:0:0:1:0:0:0:0:1:0:0:0:0:0:0:0:0:0:1:14:,9,0.0,2.0,
Q,0,10,explore:3:3:3:3:3:3:3:3:3:3:3:3:3:3:0:3:3:3:3:3:3:3:3:3:3:0:0:0:0:0:0:0:0:0:1:0:0:0:0:1:0:0:0:0:0:0:0:0:0:1:14:,10,0.0,1.0,
Q,0,10,explore:3:3:3:3:3:3:3:3:3:3:3:3:3:3:0:3:3:3:3:3:3:3:3:3:3:0:0:0:0:0:0:0:0:0:1:0:0:0:0:1:0:0:0:0:0:0:0:0:0:1:14:,11,13.2482790749,2.0,
Q,0,10,explore:3:3:3:3:3:3:3:3:3:3:3:3:3:3:0:3:3:3:3:3:3:3:3:3:3:0:0:0:0:0:0:0:0:0:1:0:0:0:0:1:0:0:0:0:0:0:0:0:0:1:14:,12,0.0,1.0,
Q,0,10,explore:3:3:3:3:3:3:3:3:3:3:3:3:3:3:0:3:3:3:3:3:3:3:3:3:3:0:0:0:0:0:0:0:0:0:1:0:0:0:0:1:0:0:0:0:0:0:0:0:0:1:14:,13,0.0,1.0,
Q,0,10,explore:3:3:3:3:3:3:3:3:3:3:3:3:3:3:0:3:3:3:3:3:3:3:3:3:3:0:0:0:0:0:0:0:0:0:1:0:0:0:0:1:0:0:0:0:0:0:0:0:0:1:14:,14,6.01864130696,2.0,
Q,0,10,explore:3:3:3:3:3:3:3:3:3:3:3:3:3:3:0:3:3:3:3:3:3:3:3:3:3:0:0:0:0:0:0:0:0:0:1:0:0:0:0:1:0:0:0:0:0:0:0:0:0:1:14:,15,1.4746604202,2.0,
Q,0,10,explore:3:3:3:3:3:3:3:3:3:3:3:3:3:3:0:3:3:3:3:3:3:3:3:3:3:0:0:0:0:0:0:0:0:0:1:0:0:0:0:1:0:0:0:0:0:0:0:0:0:1:14:,16,0.0,1.0,
Q,0,10,explore:3:3:3:3:3:3:3:3:3:3:3:3:3:3:0:3:3:3:3:3:3:3:3:3:3:0:0:0:0:0:0:0:0:0:1:0:0:0:0:1:0:0:0:0:0:0:0:0:0:1:14:,17,0.0,1.0,
Q,0,10,explore:3:3:3:3:3:3:3:3:3:3:3:3:3:3:0:3:3:3:3:3:3:3:3:3:3:0:0:0:0:0:0:0:0:0:1:0:0:0:0:1:0:0:0:0:0:0:0:0:0:1:14:,18,0.0,2.0,
Q,0,10,explore:3:3:3:3:3:3:3:3:3:3:3:3:3:3:0:3:3:3:3:3:3:3:3:3:3:0:0:0:0:0:0:0:0:0:1:0:0:0:0:1:0:0:0:0:0:0:0:0:0:1:14:,19,1.4122202241,2.0,
Q,0,10,explore:3:3:3:3:3:3:3:3:3:3:3:3:3:3:0:3:3:3:3:3:3:3:3:3:3:0:0:0:0:0:0:0:0:0:1:0:0:0:0:1:0:0:0:0:0:0:0:0:0:1:14:,20,0.0,1.0,
Q,0,10,explore:3:3:3:3:3:3:3:3:3:3:3:3:3:3:0:3:3:3:3:3:3:3:3:3:3:0:0:0:0:0:0:0:0:0:1:0:0:0:0:1:0:0:0:0:0:0:0:0:0:1:14:,21,0.0,1.0,
Q,0,10,explore:3:3:3:3:3:3:3:3:3:3:3:3:3:3:0:3:3:3:3:3:3:3:3:3:3:0:0:0:0:0:0:0:0:0:1:0:0:0:0:1:0:0:0:0:0:0:0:0:0:1:14:,22,15.8551080379,2.0,
Q,0,10,explore:3:3:3:3:3:3:3:3:3:3:3:3:3:3:0:3:3:3:3:3:3:3:3:3:3:0:0:0:0:0:0:0:0:0:1:0:0:0:0:1:0:0:0:0:0:0:0:0:0:1:14:,23,0.0,1.0,
Q,0,10,explore:3:3:3:3:3:3:3:3:3:3:3:3:3:3:0:3:3:3:3:3:3:3:3:3:3:0:0:0:0:0:0:0:0:0:1:0:0:0:0:1:0:0:0:0:0:0:0:0:0:1:14:,24,0.0,2.0,
Q,0,10,explore:3:3:3:3:3:3:3:3:3:3:3:3:3:3:0:3:3:3:3:3:3:3:3:3:3:0:0:0:0:0:0:0:0:0:1:0:0:0:0:1:0:0:0:0:0:0:0:0:0:1:14:,25,0.0,1.0,
Q,0,10,explore:3:3:3:3:3:3:3:3:3:3:3:3:3:3:0:3:3:3:3:3:3:3:3:3:3:0:0:0:0:0:0:0:0:0:1:0:0:0:0:1:0:0:0:0:0:0:0:0:0:1:14:,26,0.0,1.0,

Q,0,10,explore:3:3:3:3:3:3:3:3:3:3:3:3:3:3:0:3:3:3:3:3:3:3:3:3:3:0:0:0:0:0:0:0:0:0:1:0:0:0:0:1:0:0:0:0:0:0:0:0:0:1:9:,0,0.0,1.0,
Q,0,10,explore:3:3:3:3:3:3:3:3:3:3:3:3:3:3:0:3:3:3:3:3:3:3:3:3:3:0:0:0:0:0:0:0:0:0:1:0:0:0:0:1:0:0:0:0:0:0:0:0:0:1:9:,1,0.0,1.0,
Q,0,10,explore:3:3:3:3:3:3:3:3:3:3:3:3:3:3:0:3:3:3:3:3:3:3:3:3:3:0:0:0:0:0:0:0:0:0:1:0:0:0:0:1:0:0:0:0:0:0:0:0:0:1:9:,2,2.9403,2.0,
Q,0,10,explore:3:3:3:3:3:3:3:3:3:3:3:3:3:3:0:3:3:3:3:3:3:3:3:3:3:0:0:0:0:0:0:0:0:0:1:0:0:0:0:1:0:0:0:0:0:0:0:0:0:1:9:,3,6.0,2.0,
Q,0,10,explore:3:3:3:3:3:3:3:3:3:3:3:3:3:3:0:3:3:3:3:3:3:3:3:3:3:0:0:0:0:0:0:0:0:0:1:0:0:0:0:1:0:0:0:0:0:0:0:0:0:1:9:,4,0.0,1.0,
Q,0,10,explore:3:3:3:3:3:3:3:3:3:3:3:3:3:3:0:3:3:3:3:3:3:3:3:3:3:0:0:0:0:0:0:0:0:0:1:0:0:0:0:1:0:0:0:0:0:0:0:0:0:1:9:,5,0.0,1.0,
Q,0,10,explore:3:3:3:3:3:3:3:3:3:3:3:3:3:3:0:3:3:3:3:3:3:3:3:3:3:0:0:0:0:0:0:0:0:0:1:0:0:0:0:1:0:0:0:0:0:0:0:0:0:1:9:,6,0.0,1.0,
Q,0,10,explore:3:3:3:3:3:3:3:3:3:3:3:3:3:3:0:3:3:3:3:3:3:3:3:3:3:0:0:0:0:0:0:0:0:0:1:0:0:0:0:1:0:0:0:0:0:0:0:0:0:1:9:,7,0.0,1.0,
Q,0,10,explore:3:3:3:3:3:3:3:3:3:3:3:3:3:3:0:3:3:3:3:3:3:3:3:3:3:0:0:0:0:0:0:0:0:0:1:0:0:0:0:1:0:0:0:0:0:0:0:0:0:1:9:,8,0.0,2.0,
Q,0,10,explore:3:3:3:3:3:3:3:3:3:3:3:3:3:3:0:3:3:3:3:3:3:3:3:3:3:0:0:0:0:0:0:0:0:0:1:0:0:0:0:1:0:0:0:0:0:0:0:0:0:1:9:,9,0.0,1.0,
Q,0,10,explore:3:3:3:3:3:3:3:3:3:3:3:3:3:3:0:3:3:3:3:3:3:3:3:3:3:0:0:0:0:0:0:0:0:0:1:0:0:0:0:1:0:0:0:0:0:0:0:0:0:1:9:,10,0.04,2.0,
Q,0,10,explore:3:3:3:3:3:3:3:3:3:3:3:3:3:3:0:3:3:3:3:3:3:3:3:3:3:0:0:0:0:0:0:0:0:0:1:0:0:0:0:1:0:0:0:0:0:0:0:0:0:1:9:,11,3.0,2.0,
Q,0,10,explore:3:3:3:3:3:3:3:3:3:3:3:3:3:3:0:3:3:3:3:3:3:3:3:3:3:0:0:0:0:0:0:0:0:0:1:0:0:0:0:1:0:0:0:0:0:0:0:0:0:1:9:,12,0.014122202241,2.0,
Q,0,10,explore:3:3:3:3:3:3:3:3:3:3:3:3:3:3:0:3:3:3:3:3:3:3:3:3:3:0:0:0:0:0:0:0:0:0:1:0:0:0:0:1:0:0:0:0:0:0:0:0:0:1:9:,13,0.0,1.0,
Q,0,10,explore:3:3:3:3:3:3:3:3:3:3:3:3:3:3:0:3:3:3:3:3:3:3:3:3:3:0:0:0:0:0:0:0:0:0:1:0:0:0:0:1:0:0:0:0:0:0:0:0:0:1:9:,14,3.014554485,2.0,
Q,0,10,explore:3:3:3:3:3:3:3:3:3:3:3:3:3:3:0:3:3:3:3:3:3:3:3:3:3:0:0:0:0:0:0:0:0:0:1:0:0:0:0:1:0:0:0:0:0:0:0:0:0:1:9:,15,0.0,1.0,
Q,0,10,explore:3:3:3:3:3:3:3:3:3:3:3:3:3:3:0:3:3:3:3:3:3:3:3:3:3:0:0:0:0:0:0:0:0:0:1:0:0:0:0:1:0:0:0:0:0:0:0:0:0:1:9:,16,2.910897,2.0,
Q,0,10,explore:3:3:3:3:3:3:3:3:3:3:3:3:3:3:0:3:3:3:3:3:3:3:3:3:3:0:0:0:0:0:0:0:0:0:1:0:0:0:0:1:0:0:0:0:0:0:0:0:0:1:9:,17,0.0,1.0,
Q,0,10,explore:3:3:3:3:3:3:3:3:3:3:3:3:3:3:0:3:3:3:3:3:3:3:3:3:3:0:0:0:0:0:0:0:0:0:1:0:0:0:0:1:0:0:0:0:0:0:0:0:0:1:9:,18,0.0,2.0,
Q,0,10,explore:3:3:3:3:3:3:3:3:3:3:3:3:3:3:0:3:3:3:3:3:3:3:3:3:3:0:0:0:0:0:0:0:0:0:1:0:0:0:0:1:0:0:0:0:0:0:0:0:0:1:9:,19,2.910897,2.0,
Q,0,10,explore:3:3:3:3:3:3:3:3:3:3:3:3:3:3:0:3:3:3:3:3:3:3:3:3:3:0:0:0:0:0:0:0:0:0:1:0:0:0:0:1:0:0:0:0:0:0:0:0:0:1:9:,20,0.0,1.0,
Q,0,10,explore:3:3:3:3:3:3:3:3:3:3:3:3:3:3:0:3:3:3:3:3:3:3:3:3:3:0:0:0:0:0:0:0:0:0:1:0:0:0:0:1:0:0:0:0:0:0:0:0:0:1:9:,21,0.0,1.0,
Q,0,10,explore:3:3:3:3:3:3:3:3:3:3:3:3:3:3:0:3:3:3:3:3:3:3:3:3:3:0:0:0:0:0:0:0:0:0:1:0:0:0:0:1:0:0:0:0:0:0:0:0:0:1:9:,22,0.014554485,2.0,
Q,0,10,explore:3:3:3:3:3:3:3:3:3:3:3:3:3:3:0:3:3:3:3:3:3:3:3:3:3:0:0:0:0:0:0:0:0:0:1:0:0:0:0:1:0:0:0:0:0:0:0:0:0:1:9:,23,0.0,1.0,
Q,0,10,explore:3:3:3:3:3:3:3:3:3:3:3:3:3:3:0:3:3:3:3:3:3:3:3:3:3:0:0:0:0:0:0:0:0:0:1:0:0:0:0:1:0:0:0:0:0:0:0:0:0:1:9:,24,0.0,2.0,
Q,0,10,explore:3:3:3:3:3:3:3:3:3:3:3:3:3:3:0:3:3:3:3:3:3:3:3:3:3:0:0:0:0:0:0:0:0:0:1:0:0:0:0:1:0:0:0:0:0:0:0:0:0:1:9:,25,0.0,1.0,
Q,0,10,explore:3:3:3:3:3:3:3:3:3:3:3:3:3:3:0:3:3:3:3:3:3:3:3:3:3:0:0:0:0:0:0:0:0:0:1:0:0:0:0:1:0:0:0:0:0:0:0:0:0:1:9:,26,0.0,1.0,


Q,0,11,explore:3:3:3:3:3:3:3:3:3:3:3:3:3:3:0:3:3:3:3:3:3:3:3:3:3:0:0:0:0:0:0:0:0:0:1:0:0:0:0:1:0:0:0:0:0:0:0:0:0:1:10:,4,0.02910897,1.0,
Q,0,11,explore:3:3:3:3:3:3:3:3:3:3:3:3:3:3:0:3:3:3:3:3:3:3:3:3:3:0:0:0:0:0:0:0:0:0:1:0:0:0:0:1:0:0:0:0:0:0:0:0:0:1:10:,9,0.028529701497,1.0,
Q,0,11,explore:3:3:3:3:3:3:3:3:3:3:3:3:3:3:0:3:3:3:3:3:3:3:3:3:3:0:0:0:0:0:0:0:0:0:1:0:0:0:0:1:0:0:0:0:0:0:0:0:0:1:10:,10,0.03,1.0,
Q,0,11,explore:3:3:3:3:3:3:3:3:3:3:3:3:3:3:0:3:3:3:3:3:3:3:3:3:3:0:0:0:0:0:0:0:0:0:1:0:0:0:0:1:0:0:0:0:0:0:0:0:0:1:10:,11,12.0,1.0,
Q,0,11,explore:3:3:3:3:3:3:3:3:3:3:3:3:3:3:0:3:3:3:3:3:3:3:3:3:3:0:0:0:0:0:0:0:0:0:1:0:0:0:0:1:0:0:0:0:0:0:0:0:0:1:10:,12,0.0,1.0,
Q,0,11,explore:3:3:3:3:3:3:3:3:3:3:3:3:3:3:0:3:3:3:3:3:3:3:3:3:3:0:0:0:0:0:0:0:0:0:1:0:0:0:0:1:0:0:0:0:0:0:0:0:0:1:10:,16,0.0,1.0,
Q,0,11,explore:3:3:3:3:3:3:3:3:3:3:3:3:3:3:0:3:3:3:3:3:3:3:3:3:3:0:0:0:0:0:0:0:0:0:1:0:0:0:0:1:0:0:0:0:0:0:0:0:0:1:10:,20,0.0,1.0,
Q,0,11,explore:3:3:3:3:3:3:3:3:3:3:3:3:3:3:0:3:3:3:3:3:3:3:3:3:3:0:0:0:0:0:0:0:0:0:1:0:0:0:0:1:0:0:0:0:0:0:0:0:0:1:10:,21,0.028244404482,1.0,


Q,0,14,explore:3:3:3:3:3:3:3:3:3:3:3:3:3:3:0:3:3:3:3:3:3:3:3:3:3:0:0:0:0:0:0:0:0:0:1:0:0:0:0:1:0:0:0:0:0:0:0:0:0:1:13:,1,0.0,1.0,
Q,0,14,explore:3:3:3:3:3:3:3:3:3:3:3:3:3:3:0:3:3:3:3:3:3:3:3:3:3:0:0:0:0:0:0:0:0:0:1:0:0:0:0:1:0:0:0:0:0:0:0:0:0:1:13:,2,0.0,1.0,
Q,0,14,explore:3:3:3:3:3:3:3:3:3:3:3:3:3:3:0:3:3:3:3:3:3:3:3:3:3:0:0:0:0:0:0:0:0:0:1:0:0:0:0:1:0:0:0:0:0:0:0:0:0:1:13:,4,0.0,1.0,
Q,0,14,explore:3:3:3:3:3:3:3:3:3:3:3:3:3:3:0:3:3:3:3:3:3:3:3:3:3:0:0:0:0:0:0:0:0:0:1:0:0:0:0:1:0:0:0:0:0:0:0:0:0:1:13:,7,0.0,1.0,
Q,0,14,explore:3:3:3:3:3:3:3:3:3:3:3:3:3:3:0:3:3:3:3:3:3:3:3:3:3:0:0:0:0:0:0:0:0:0:1:0:0:0:0:1:0:0:0:0:0:0:0:0:0:1:13:,9,0.0,1.0,
Q,0,14,explore:3:3:3:3:3:3:3:3:3:3:3:3:3:3:0:3:3:3:3:3:3:3:3:3:3:0:0:0:0:0:0:0:0:0:1:0:0:0:0:1:0:0:0:0:0:0:0:0:0:1:13:,10,0.03,1.0,
Q,0,14,explore:3:3:3:3:3:3:3:3:3:3:3:3:3:3:0:3:3:3:3:3:3:3:3:3:3:0:0:0:0:0:0:0:0:0:1:0:0:0:0:1:0:0:0:0:0:0:0:0:0:1:13:,12,0.0,1.0,
Q,0,14,explore:3:3:3:3:3:3:3:3:3:3:3:3:3:3:0:3:3:3:3:3:3:3:3:3:3:0:0:0:0:0:0:0:0:0:1:0:0:0:0:1:0:0:0:0:0:0:0:0:0:1:13:,14,12.0,1.0,
Q,0,14,explore:3:3:3:3:3:3:3:3:3:3:3:3:3:3:0:3:3:3:3:3:3:3:3:3:3:0:0:0:0:0:0:0:0:0:1:0:0:0:0:1:0:0:0:0:0:0:0:0:0:1:13:,20,0.0,1.0,
Q,0,14,explore:3:3:3:3:3:3:3:3:3:3:3:3:3:3:0:3:3:3:3:3:3:3:3:3:3:0:0:0:0:0:0:0:0:0:1:0:0:0:0:1:0:0:0:0:0:0:0:0:0:1:13:,22,0.029403,1.0,


Q,0,15,explore:3:3:3:3:3:3:3:3:3:3:3:3:3:3:3:3:3:3:3:3:3:3:3:3:3:0:0:0:0:0:0:0:0:0:1:1:0:0:1:0:0:0:0:0:1:0:0:0:0:0:14:,0,0.0,2.0,
Q,0,15,explore:3:3:3:3:3:3:3:3:3:3:3:3:3:3:3:3:3:3:3:3:3:3:3:3:3:0:0:0:0:0:0:0:0:0:1:1:0:0:1:0:0:0:0:0:1:0:0:0:0:0:14:,1,0.0,2.0,
Q,0,15,explore:3:3:3:3:3:3:3:3:3:3:3:3:3:3:3:3:3:3:3:3:3:3:3:3:3:0:0:0:0:0:0:0:0:0:1:1:0:0:1:0:0:0:0:0:1:0:0:0:0:0:14:,2,0.0,2.0,
Q,0,15,explore:3:3:3:3:3:3:3:3:3:3:3:3:3:3:3:3:3:3:3:3:3:3:3:3:3:0:0:0:0:0:0:0:0:0:1:1:0:0:1:0:0:0:0:0:1:0:0:0:0:0:14:,3,0.0,2.0,
Q,0,15,explore:3:3:3:3:3:3:3:3:3:3:3:3:3:3:3:3:3:3:3:3:3:3:3:3:3:0:0:0:0:0:0:0:0:0:1:1:0:0:1:0:0:0:0:0:1:0:0:0:0:0:14:,4,0.0,2.0,
Q,0,15,explore:3:3:3:3:3:3:3:3:3:3:3:3:3:3:3:3:3:3:3:3:3:3:3:3:3:0:0:0:0:0:0:0:0:0:1:1:0:0:1:0:0:0:0:0:1:0:0:0:0:0:14:,5,0.0,2.0,
Q,0,15,explore:3:3:3:3:3:3:3:3:3:3:3:3:3:3:3:3:3:3:3:3:3:3:3:3:3:0:0:0:0:0:0:0:0:0:1:1:0:0:1:0:0:0:0:0:1:0:0:0:0:0:14:,6,0.0,2.0,
Q,0,15,explore:3:3:3:3:3:3:3:3:3:3:3:3:3:3:3:3:3:3:3:3:3:3:3:3:3:0:0:0:0:0:0:0:0:0:1:1:0:0:1:0:0:0:0:0:1:0:0:0:0:0:14:,7,0.0,2.0,
Q,0,15,explore:3:3:3:3:3:3:3:3:3:3:3:3:3:3:3:3:3:3:3:3:3:3:3:3:3:0:0:0:0:0:0:0:0:0:1:1:0:0:1:0:0:0:0:0:1:0:0:0:0:0:14:,8,0.0,2.0,
Q,0,15,explore:3:3:3:3:3:3:3:3:3:3:3:3:3:3:3:3:3:3:3:3:3:3:3:3:3:0:0:0:0:0:0:0:0:0:1:1:0:0:1:0:0:0:0:0:1:0:0:0:0:0:14:,9,0.0,2.0,
Q,0,15,explore:3:3:3:3:3:3:3:3:3:3:3:3:3:3:3:3:3:3:3:3:3:3:3:3:3:0:0:0:0:0:0:0:0:0:1:1:0:0:1:0:0:0:0:0:1:0:0:0:0:0:14:,10,0.0,2.0,
Q,0,15,explore:3:3:3:3:3:3:3:3:3:3:3:3:3:3:3:3:3:3:3:3:3:3:3:3:3:0:0:0:0:0:0:0:0:0:1:1:0:0:1:0:0:0:0:0:1:0:0:0:0:0:14:,11,0.0,2.0,
Q,0,15,explore:3:3:3:3:3:3:3:3:3:3:3:3:3:3:3:3:3:3:3:3:3:3:3:3:3:0:0:0:0:0:0:0:0:0:1:1:0:0:1:0:0:0:0:0:1:0:0:0:0:0:14:,12,0.0,2.0,
Q,0,15,explore:3:3:3:3:3:3:3:3:3:3:3:3:3:3:3:3:3:3:3:3:3:3:3:3:3:0:0:0:0:0:0:0:0:0:1:1:0:0:1:0:0:0:0:0:1:0:0:0:0:0:14:,13,7.35075,2.0,
Q,0,15,explore:3:3:3:3:3:3:3:3:3:3:3:3:3:3:3:3:3:3:3:3:3:3:3:3:3:0:0:0:0:0:0:0:0:0:1:1:0:0:1:0:0:0:0:0:1:0:0:0:0:0:14:,14,0.0,2.0,
Q,0,15,explore:3:3:3:3:3:3:3:3:3:3:3:3:3:3:3:3:3:3:3:3:3:3:3:3:3:0:0:0:0:0:0:0:0:0:1:1:0:0:1:0:0:0:0:0:1:0:0:0:0:0:14:,15,15.0,2.0,
Q,0,15,explore:3:3:3:3:3:3:3:3:3:3:3:3:3:3:3:3:3:3:3:3:3:3:3:3:3:0:0:0:0:0:0:0:0:0:1:1:0:0:1:0:0:0:0:0:1:0:0:0:0:0:14:,16,0.0,2.0,
Q,0,15,explore:3:3:3:3:3:3:3:3:3:3:3:3:3:3:3:3:3:3:3:3:3:3:3:3:3:0:0:0:0:0:0:0:0:0:1:1:0:0:1:0:0:0:0:0:1:0:0:0:0:0:14:,17,7.2772425,2.0,
Q,0,15,explore:3:3:3:3:3:3:3:3:3:3:3:3:3:3:3:3:3:3:3:3:3:3:3:3:3:0:0:0:0:0:0:0:0:0:1:1:0:0:1:0:0:0:0:0:1:0:0:0:0:0:14:,18,0.0,2.0,
Q,0,15,explore:3:3:3:3:3:3:3:3:3:3:3:3:3:3:3:3:3:3:3:3:3:3:3:3:3:0:0:0:0:0:0:0:0:0:1:1:0:0:1:0:0:0:0:0:1:0:0:0:0:0:14:,19,0.0,2.0,
Q,0,15,explore:3:3:3:3:3:3:3:3:3:3:3:3:3:3:3:3:3:3:3:3:3:3:3:3:3:0:0:0:0:0:0:0:0:0:1:1:0:0:1:0:0:0:0:0:1:0:0:0:0:0:14:,20,0.0,2.0,
Q,0,15,explore:3:3:3:3:3:3:3:3:3:3:3:3:3:3:3:3:3:3:3:3:3:3:3:3:3:0:0:0:0:0:0:0:0:0:1:1:0:0:1:0:0:0:0:0:1:0:0:0:0:0:14:,21,0.0,2.0,
Q,0,15,explore:3:3:3:3:3:3:3:3:3:3:3:3:3:3:3:3:3:3:3:3:3:3:3:3:3:0:0:0:0:0:0:0:0:0:1:1:0:0:1:0:0:0:0:0:1:0:0:0:0:0:14:,22,0.0,2.0,
Q,0,15,explore:3:3:3:3:3:3:3:3:3:3:3:3:3:3:3:3:3:3:3:3:3:3:3:3:3:0:0:0:0:0:0:0:0:0:1:1:0:0:1:0:0:0:0:0:1:0:0:0:0:0:14:,23,0.0,2.0,
Q,0,15,explore:3:3:3:3:3:3:3:3:3:3:3:3:3:3:3:3:3:3:3:3:3:3:3:3:3:0:0:0:0:0:0:0:0:0:1:1:0:0:1:0:0:0:0:0:1:0:0:0:0:0:14:,24,7.2772425,2.0,
Q,0,15,explore:3:3:3:3:3:3:3:3:3:3:3:3:3:3:3:3:3:3:3:3:3:3:3:3:3:0:0:0:0:0:0:0:0:0:1:1:0:0:1:0:0:0:0:0:1:0:0:0:0:0:14:,25,0.0,2.0,
Q,0,15,explore:3:3:3:3:3:3:3:3:3:3:3:3:3:3:3:3:3:3:3:3:3:3:3:3:3:0:0:0:0:0:0:0:0:0:1:1:0:0:1:0:0:0:0:0:1:0:0:0:0:0:14:,26,0.0,2.0,

Q,0,15,explore:3:3:3:3:3:3:3:3:3:3:3:3:3:3:2:3:3:3:3:3:3:3:3:3:3:0:0:0:0:0:0:0:0:0:1:1:0:0:1:0:0:0:0:0:1:0:0:0:0:0:14:,0,0.0,1.0,
Q,0,15,explore:3:3:3:3:3:3:3:3:3:3:3:3:3:3:2:3:3:3:3:3:3:3:3:3:3:0:0:0:0:0:0:0:0:0:1:1:0:0:1:0:0:0:0:0:1:0:0:0:0:0:14:,1,0.0,1.0,
Q,0,15,explore:3:3:3:3:3:3:3:3:3:3:3:3:3:3:2:3:3:3:3:3:3:3:3:3:3:0:0:0:0:0:0:0:0:0:1:1:0:0:1:0:0:0:0:0:1:0:0:0:0:0:14:,2,0.0,1.0,
Q,0,15,explore:3:3:3:3:3:3:3:3:3:3:3:3:3:3:2:3:3:3:3:3:3:3:3:3:3:0:0:0:0:0:0:0:0:0:1:1:0:0:1:0:0:0:0:0:1:0:0:0:0:0:14:,3,0.0,2.0,
Q,0,15,explore:3:3:3:3:3:3:3:3:3:3:3:3:3:3:2:3:3:3:3:3:3:3:3:3:3:0:0:0:0:0:0:0:0:0:1:1:0:0:1:0:0:0:0:0:1:0:0:0:0:0:14:,4,0.0,1.0,
Q,0,15,explore:3:3:3:3:3:3:3:3:3:3:3:3:3:3:2:3:3:3:3:3:3:3:3:3:3:0:0:0:0:0:0:0:0:0:1:1:0:0:1:0:0:0:0:0:1:0:0:0:0:0:14:,5,0.0,2.0,
Q,0,15,explore:3:3:3:3:3:3:3:3:3:3:3:3:3:3:2:3:3:3:3:3:3:3:3:3:3:0:0:0:0:0:0:0:0:0:1:1:0:0:1:0:0:0:0:0:1:0:0:0:0:0:14:,6,0.0,1.0,
Q,0,15,explore:3:3:3:3:3:3:3:3:3:3:3:3:3:3:2:3:3:3:3:3:3:3:3:3:3:0:0:0:0:0:0:0:0:0:1:1:0:0:1:0:0:0:0:0:1:0:0:0:0:0:14:,7,0.0,2.0,
Q,0,15,explore:3:3:3:3:3:3:3:3:3:3:3:3:3:3:2:3:3:3:3:3:3:3:3:3:3:0:0:0:0:0:0:0:0:0:1:1:0:0:1:0:0:0:0:0:1:0:0:0:0:0:14:,8,0.0,1.0,
Q,0,15,explore:3:3:3:3:3:3:3:3:3:3:3:3:3:3:2:3:3:3:3:3:3:3:3:3:3:0:0:0:0:0:0:0:0:0:1:1:0:0:1:0:0:0:0:0:1:0:0:0:0:0:14:,9,0.0,1.0,
Q,0,15,explore:3:3:3:3:3:3:3:3:3:3:3:3:3:3:2:3:3:3:3:3:3:3:3:3:3:0:0:0:0:0:0:0:0:0:1:1:0:0:1:0:0:0:0:0:1:0:0:0:0:0:14:,10,0.0,1.0,
Q,0,15,explore:3:3:3:3:3:3:3:3:3:3:3:3:3:3:2:3:3:3:3:3:3:3:3:3:3:0:0:0:0:0:0:0:0:0:1:1:0:0:1:0:0:0:0:0:1:0:0:0:0:0:14:,11,0.0,1.0,
Q,0,15,explore:3:3:3:3:3:3:3:3:3:3:3:3:3:3:2:3:3:3:3:3:3:3:3:3:3:0:0:0:0:0:0:0:0:0:1:1:0:0:1:0:0:0:0:0:1:0:0:0:0:0:14:,12,0.0,1.0,
Q,0,15,explore:3:3:3:3:3:3:3:3:3:3:3:3:3:3:2:3:3:3:3:3:3:3:3:3:3:0:0:0:0:0:0:0:0:0:1:1:0:0:1:0:0:0:0:0:1:0:0:0:0:0:14:,13,0.0,1.0,
Q,0,15,explore:3:3:3:3:3:3:3:3:3:3:3:3:3:3:2:3:3:3:3:3:3:3:3:3:3:0:0:0:0:0:0:0:0:0:1:1:0:0:1:0:0:0:0:0:1:0:0:0:0:0:14:,14,0.0,1.0,
Q,0,15,explore:3:3:3:3:3:3:3:3:3:3:3:3:3:3:2:3:3:3:3:3:3:3:3:3:3:0:0:0:0:0:0:0:0:0:1:1:0:0:1:0:0:0:0:0:1:0:0:0:0:0:14:,15,10.0,2.0,
Q,0,15,explore:3:3:3:3:3:3:3:3:3:3:3:3:3:3:2:3:3:3:3:3:3:3:3:3:3:0:0:0:0:0:0:0:0:0:1:1:0:0:1:0:0:0:0:0:1:0:0:0:0:0:14:,16,4.851495,2.0,
Q,0,15,explore:3:3:3:3:3:3:3:3:3:3:3:3:3:3:2:3:3:3:3:3:3:3:3:3:3:0:0:0:0:0:0:0:0:0:1:1:0:0:1:0:0:0:0:0:1:0:0:0:0:0:14:,17,0.0,1.0,
Q,0,15,explore:3:3:3:3:3:3:3:3:3:3:3:3:3:3:2:3:3:3:3:3:3:3:3:3:3:0:0:0:0:0:0:0:0:0:1:1:0:0:1:0:0:0:0:0:1:0:0:0:0:0:14:,18,0.0,1.0,
Q,0,15,explore:3:3:3:3:3:3:3:3:3:3:3:3:3:3:2:3:3:3:3:3:3:3:3:3:3:0:0:0:0:0:0:0:0:0:1:1:0:0:1:0:0:0:0:0:1:0:0:0:0:0:14:,19,0.0,2.0,
Q,0,15,explore:3:3:3:3:3:3:3:3:3:3:3:3:3:3:2:3:3:3:3:3:3:3:3:3:3:0:0:0:0:0:0:0:0:0:1:1:0:0:1:0:0:0:0:0:1:0:0:0:0:0:14:,20,4.9005,2.0,
Q,0,15,explore:3:3:3:3:3:3:3:3:3:3:3:3:3:3:2:3:3:3:3:3:3:3:3:3:3:0:0:0:0:0:0:0:0:0:1:1:0:0:1:0:0:0:0:0:1:0:0:0:0:0:14:,21,0.0,2.0,
Q,0,15,explore:3:3:3:3:3:3:3:3:3:3:3:3:3:3:2:3:3:3:3:3:3:3:3:3:3:0:0:0:0:0:0:0:0:0:1:1:0:0:1:0:0:0:0:0:1:0:0:0:0:0:14:,22,4.851495,2.0,
Q,0,15,explore:3:3:3:3:3:3:3:3:3:3:3:3:3:3:2:3:3:3:3:3:3:3:3:3:3:0:0:0:0:0:0:0:0:0:1:1:0:0:1:0:0:0:0:0:1:0:0:0:0:0:14:,23,0.0,1.0,
Q,0,15,explore:3:3:3:3:3:3:3:3:3:3:3:3:3:3:2:3:3:3:3:3:3:3:3:3:3:0:0:0:0:0:0:0:0:0:1:1:0:0:1:0:0:0:0:0:1:0:0:0:0:0:14:,24,0.0,1.0,
Q,0,15,explore:3:3:3:3:3:3:3:3:3:3:3:3:3:3:2:3:3:3:3:3:3:3:3:3:3:0:0:0:0:0:0:0:0:0:1:1:0:0:1:0:0:0:0:0:1:0:0:0:0:0:14:,25,0.0,1.0,
Q,0,15,explore:3:3:3:3:3:3:3:3:3:3:3:3:3:3:2:3:3:3:3:3:3:3:3:3:3:0:0:0:0:0:0:0:0:0:1:1:0:0:1:0:0:0:0:0:1:0:0:0:0:0:14:,26,0.0,1.0,
