


Q,0,0,explore:3:3:3:3:3:3:3:3:3:3:3:3:3:3:1:3:3:3:3:3:3:3:3:3:3:0:0:0:0:0:0:0:0:0:0:0:0:0:0:0:0:0:0:0:0:0:0:0:0:0:14:,0,0.0,1.0,
Q,0,0,explore:3:3:3:3:3:3:3:3:3:3:3:3:3:3:1:3:3:3:3:3:3:3:3:3:3:0:0:0:0:0:0:0:0:0:0:0:0:0:0:0:0:0:0:0:0:0:0:0:0:0:14:,1,0.0,1.0,
Q,0,0,explore:3:3:3:3:3:3:3:3:3:3:3:3:3:3:1:3:3:3:3:3:3:3:3:3:3:0:0:0:0:0:0:0:0:0:0:0:0:0:0:0:0:0:0:0:0:0:0:0:0:0:14:,2,0.0,1.0,
Q,0,0,explore:3:3:3:3:3:3:3:3:3:3:3:3:3:3:1:3:3:3:3:3:3:3:3:3:3:0:0:0:0:0:0:0:0:0:0:0:0:0:0:0:0:0:0:0:0:0:0:0:0:0:14:,11,0.0,1.0,
Q,0,0,explore:3:3:3:3:3:3:3:3:3:3:3:3:3:3:1:3:3:3:3:3:3:3:3:3:3:0:0:0:0:0:0:0:0:0:0:0:0:0:0:0:0:0:0:0:0:0:0:0:0:0:14:,13,0.0,1.0,
Q,0,0,explore:3:3:3:3:3:3:3:3:3:3:3:3:3:3:1:3:3:3:3:3:3:3:3:3:3:0:0:0:0:0:0:0:0:0:0:0:0:0:0:0:0:0:0:0:0:0:0:0:0:0:14:,21,0.0,1.0,


Q,0,10,explore:3:3:3:3:3:3:3:3:3:3:3:3:3:3:1:3:3:3:3:3:3:3:3:3:3:0:0:0:0:0:0:0:0:0:1:0:0:0:0:0:0:0:0:0:0:0:0:0:0:1:14:,0,0.0,1.0,
Q,0,10,explore:3:3:3:3:3:3:3:3:3:3:3:3:3:3:1:3:3:3:3:3:3:3:3:3:3:0:0:0:0:0:0:0:0:0:1:0:0:0:0:0:0:0:0:0:0:0:0:0:0:1:14:,1,0.0,1.0,
Q,0,10,explore:3:3:3:3:3:3:3:3:3:3:3:3:3:3:1:3:3:3:3:3:3:3:3:3:3:0:0:0:0:0:0:0:0:0:1:0:0:0:0:0:0:0:0:0:0:0:0:0:0:1:14:,2,0.0,1.0,
Q,0,10,explore:3:3:3:3:3:3:3:3:3:3:3:3:3:3:1:3:3:3:3:3:3:3:3:3:3:0:0:0:0:0:0:0:0:0:1:0:0:0:0:0:0:0:0:0:0:0:0:0:0:1:14:,3,0.0,1.0,
Q,0,10,explore:3:3:3:3:3:3:3:3:3:3:3:3:3:3:1:3:3:3:3:3:3:3:3:3:3:0:0:0:0:0:0:0:0:0:1:0:0:0:0:0:0:0:0:0:0:0:0:0:0:1:14:,4,0.0,1.0,
Q,0,10,explore:3:3:3:3:3:3:3:3:3:3:3:3:3:3:1:3:3:3:3:3:3:3:3:3:3:0:0:0:0:0:0:0:0:0:1:0:0:0:0:0:0:0:0:0:0:0:0:0:0:1:14:,5,0.0,1.0,
Q,0,10,explore:3:3:3:3:3:3:3:3:3:3:3:3:3:3:1:3:3:3:3:3:3:3:3:3:3:0:0:0:0:0:0:0:0:0:1:0:0:0:0:0:0:0:0:0:0:0:0:0:0:1:14:,6,0.0,1.0,
Q,0,10,explore:3:3:3:3:3:3:3:3:3:3:3:3:3:3:1:3:3:3:3:3:3:3:3:3:3:0:0:0:0:0:0:0:0:0:1:0:0:0:0:0:0:0:0:0:0:0:0:0:0:1:14:,7,0.0,1.0,
Q,0,10,explore:3:3:3:3:3:3:3:3:3:3:3:3:3:3:1:3:3:3:3:3:3:3:3:3:3:0:0:0:0:0:0:0:0:0:1:0:0:0:0:0:0:0:0:0:0:0:0:0:0:1:14:,8,0.0,1.0,
Q,0,10,explore:3:3:3:3:3:3:3:3:3:3:3:3:3:3:1:3:3:3:3:3:3:3:3:3:3:0:0:0:0:0:0:0:0:0:1:0:0:0:0:0:0:0:0:0:0:0:0:0:0:1:14:,9,25.1096026875,1.0,
Q,0,10,explore:3:3:3:3:3:3:3:3:3:3:3:3:3:3:1:3:3:3:3:3:3:3:3:3:3:0:0:0:0:0:0:0:0:0:1:0:0:0:0:0:0:0:0:0:0:0:0:0:0:1:14:,10,0.0,1.0,
Q,0,10,explore:3:3:3:3:3:3:3:3:3:3:3:3:3:3:1:3:3:3:3:3:3:3:3:3:3:0:0:0:0:0:0:0:0:0:1:0:0:0:0:0:0:0:0:0:0:0:0:0:0:1:14:,11,22.2885,1.0,
Q,0,10,explore:3:3:3:3:3:3:3:3:3:3:3:3:3:3:1:3:3:3:3:3:3:3:3:3:3:0:0:0:0:0:0:0:0:0:1:0:0:0:0:0:0:0:0:0:0:0:0:0:0:1:14:,12,0.0,1.0,
Q,0,10,explore:3:3:3:3:3:3:3:3:3:3:3:3:3:3:1:3:3:3:3:3:3:3:3:3:3:0:0:0:0:0:0:0:0:0:1:0:0:0:0:0:0:0:0:0:0:0:0:0:0:1:14:,13,20.11537125,1.0,
Q,0,10,explore:3:3:3:3:3:3:3:3:3:3:3:3:3:3:1:3:3:3:3:3:3:3:3:3:3:0:0:0:0:0:0:0:0:0:1:0:0:0:0:0:0:0:0:0:0:0:0:0:0:1:14:,14,25.1096026875,1.0,
Q,0,10,explore:3:3:3:3:3:3:3:3:3:3:3:3:3:3:1:3:3:3:3:3:3:3:3:3:3:0:0:0:0:0:0:0:0:0:1:0:0:0:0:0:0:0:0:0:0:0:0:0:0:1:14:,16,0.0,1.0,
Q,0,10,explore:3:3:3:3:3:3:3:3:3:3:3:3:3:3:1:3:3:3:3:3:3:3:3:3:3:0:0:0:0:0:0:0:0:0:1:0:0:0:0:0:0:0:0:0:0:0:0:0:0:1:14:,17,0.0,1.0,
Q,0,10,explore:3:3:3:3:3:3:3:3:3:3:3:3:3:3:1:3:3:3:3:3:3:3:3:3:3:0:0:0:0:0:0:0:0:0:1:0:0:0:0:0:0:0:0:0:0:0:0:0:0:1:14:,18,0.0,1.0,
Q,0,10,explore:3:3:3:3:3:3:3:3:3:3:3:3:3:3:1:3:3:3:3:3:3:3:3:3:3:0:0:0:0:0:0:0:0:0:1:0:0:0:0:0:0:0:0:0:0:0:0:0:0:1:14:,19,0.0,1.0,
Q,0,10,explore:3:3:3:3:3:3:3:3:3:3:3:3:3:3:1:3:3:3:3:3:3:3:3:3:3:0:0:0:0:0:0:0:0:0:1:0:0:0:0:0:0:0:0:0:0:0:0:0:0:1:14:,20,0.0,1.0,
Q,0,10,explore:3:3:3:3:3:3:3:3:3:3:3:3:3:3:1:3:3:3:3:3:3:3:3:3:3:0:0:0:0:0:0:0:0:0:1:0:0:0:0:0:0:0:0:0:0:0:0:0:0:1:14:,21,0.0,1.0,
Q,0,10,explore:3:3:3:3:3:3:3:3:3:3:3:3:3:3:1:3:3:3:3:3:3:3:3:3:3:0:0:0:0:0:0:0:0:0:1:0:0:0:0:0:0:0:0:0:0:0:0:0:0:1:14:,22,0.0,1.0,
Q,0,10,explore:3:3:3:3:3:3:3:3:3:3:3:3:3:3:1:3:3:3:3:3:3:3:3:3:3:0:0:0:0:0:0:0:0:0:1:0:0:0:0:0:0:0:0:0:0:0:0:0:0:1:14:,23,0.0,1.0,
Q,0,10,explore:3:3:3:3:3:3:3:3:3:3:3:3:3:3:1:3:3:3:3:3:3:3:3:3:3:0:0:0:0:0:0:0:0:0:1:0:0:0:0:0:0:0:0:0:0:0:0:0:0:1:14:,24,0.0,1.0,
Q,0,10,explore:3:3:3:3:3:3:3:3:3:3:3:3:3:3:1:3:3:3:3:3:3:3:3:3:3:0:0:0:0:0:0:0:0:0:1:0:0:0:0:0:0:0:0:0:0:0:0:0:0:1:14:,25,0.0,1.0,
Q,0,10,explore:3:3:3:3:3:3:3:3:3:3:3:3:3:3:1:3:3:3:3:3:3:3:3:3:3:0:0:0:0:0:0:0:0:0:1:0:0:0:0:0:0:0:0:0:0:0:0:0:0:1:14:,26,0.0,1.0,

Q,0,10,explore:3:3:3:3:3:3:3:3:3:3:3:3:3:3:1:3:3:3:3:3:3:3:3:3:3:0:0:0:0:0:0:0:0:0:1:0:0:0:1:0:0:0:0:0:0:0:0:0:0:1:14:,0,0.0,2.0,
Q,0,10,explore:3:3:3:3:3:3:3:3:3:3:3:3:3:3:1:3:3:3:3:3:3:3:3:3:3:0:0:0:0:0:0:0:0:0:1:0:0:0:1:0:0:0:0:0:0:0:0:0:0:1:14:,1,0.0,1.0,
Q,0,10,explore:3:3:3:3:3:3:3:3:3:3:3:3:3:3:1:3:3:3:3:3:3:3:3:3:3:0:0:0:0:0:0:0:0:0:1:0:0:0:1:0:0:0:0:0:0:0:0:0:0:1:14:,2,0.0,1.0,
Q,0,10,explore:3:3:3:3:3:3:3:3:3:3:3:3:3:3:1:3:3:3:3:3:3:3:3:3:3:0:0:0:0:0:0:0:0:0:1:0:0:0:1:0:0:0:0:0:0:0:0:0:0:1:14:,3,0.0,1.0,
Q,0,10,explore:3:3:3:3:3:3:3:3:3:3:3:3:3:3:1:3:3:3:3:3:3:3:3:3:3:0:0:0:0:0:0:0:0:0:1:0:0:0:1:0:0:0:0:0:0:0:0:0:0:1:14:,4,0.0,2.0,
Q,0,10,explore:3:3:3:3:3:3:3:3:3:3:3:3:3:3:1:3:3:3:3:3:3:3:3:3:3:0:0:0:0:0:0:0:0:0:1:0:0:0:1:0:0:0:0:0:0:0:0:0:0:1:14:,5,0.0,1.0,
Q,0,10,explore:3:3:3:3:3:3:3:3:3:3:3:3:3:3:1:3:3:3:3:3:3:3:3:3:3:0:0:0:0:0:0:0:0:0:1:0:0:0:1:0:0:0:0:0:0:0:0:0:0:1:14:,6,0.0,2.0,
Q,0,10,explore:3:3:3:3:3:3:3:3:3:3:3:3:3:3:1:3:3:3:3:3:3:3:3:3:3:0:0:0:0:0:0:0:0:0:1:0:0:0:1:0:0:0:0:0:0:0:0:0:0:1:14:,7,0.0,1.0,
Q,0,10,explore:3:3:3:3:3:3:3:3:3:3:3:3:3:3:1:3:3:3:3:3:3:3:3:3:3:0:0:0:0:0:0:0:0:0:1:0:0:0:1:0:0:0:0:0:0:0:0:0:0:1:14:,8,1.83772972656,2.0,
Q,0,10,explore:3:3:3:3:3:3:3:3:3:3:3:3:3:3:1:3:3:3:3:3:3:3:3:3:3:0:0:0:0:0:0:0:0:0:1:0:0:0:1:0:0:0:0:0:0:0:0:0:0:1:14:,9,0.0,1.0,
Q,0,10,explore:3:3:3:3:3:3:3:3:3:3:3:3:3:3:1:3:3:3:3:3:3:3:3:3:3:0:0:0:0:0:0:0:0:0:1:0:0:0:1:0:0:0:0:0:0:0:0:0:0:1:14:,10,0.0,1.0,
Q,0,10,explore:3:3:3:3:3:3:3:3:3:3:3:3:3:3:1:3:3:3:3:3:3:3:3:3:3:0:0:0:0:0:0:0:0:0:1:0:0:0:1:0:0:0:0:0:0:0:0:0:0:1:14:,11,1.93445234375,2.0,
Q,0,10,explore:3:3:3:3:3:3:3:3:3:3:3:3:3:3:1:3:3:3:3:3:3:3:3:3:3:0:0:0:0:0:0:0:0:0:1:0:0:0:1:0:0:0:0:0:0:0:0:0:0:1:14:,12,0.0,1.0,
Q,0,10,explore:3:3:3:3:3:3:3:3:3:3:3:3:3:3:1:3:3:3:3:3:3:3:3:3:3:0:0:0:0:0:0:0:0:0:1:0:0:0:1:0:0:0:0:0:0:0:0:0:0:1:14:,13,0.0,1.0,
Q,0,10,explore:3:3:3:3:3:3:3:3:3:3:3:3:3:3:1:3:3:3:3:3:3:3:3:3:3:0:0:0:0:0:0:0:0:0:1:0:0:0:1:0:0:0:0:0:0:0:0:0:0:1:14:,14,0.0,1.0,
Q,0,10,explore:3:3:3:3:3:3:3:3:3:3:3:3:3:3:1:3:3:3:3:3:3:3:3:3:3:0:0:0:0:0:0:0:0:0:1:0:0:0:1:0:0:0:0:0:0:0:0:0:0:1:14:,15,5.58772972656,2.0,
Q,0,10,explore:3:3:3:3:3:3:3:3:3:3:3:3:3:3:1:3:3:3:3:3:3:3:3:3:3:0:0:0:0:0:0:0:0:0:1:0:0:0:1:0:0:0:0:0:0:0:0:0:0:1:14:,16,0.0,2.0,
Q,0,10,explore:3:3:3:3:3:3:3:3:3:3:3:3:3:3:1:3:3:3:3:3:3:3:3:3:3:0:0:0:0:0:0:0:0:0:1:0:0:0:1:0:0:0:0:0:0:0:0:0:0:1:14:,17,0.0,1.0,
Q,0,10,explore:3:3:3:3:3:3:3:3:3:3:3:3:3:3:1:3:3:3:3:3:3:3:3:3:3:0:0:0:0:0:0:0:0:0:1:0:0:0:1:0:0:0:0:0:0:0:0:0:0:1:14:,18,0.0,1.0,
Q,0,10,explore:3:3:3:3:3:3:3:3:3:3:3:3:3:3:1:3:3:3:3:3:3:3:3:3:3:0:0:0:0:0:0:0:0:0:1:0:0:0:1:0:0:0:0:0:0:0:0:0:0:1:14:,19,0.0,2.0,
Q,0,10,explore:3:3:3:3:3:3:3:3:3:3:3:3:3:3:1:3:3:3:3:3:3:3:3:3:3:0:0:0:0:0:0:0:0:0:1:0:0:0:1:0:0:0:0:0:0:0:0:0:0:1:14:,20,0.0,1.0,
Q,0,10,explore:3:3:3:3:3:3:3:3:3:3:3:3:3:3:1:3:3:3:3:3:3:3:3:3:3:0:0:0:0:0:0:0:0:0:1:0:0:0:1:0:0:0:0:0:0:0:0:0:0:1:14:,21,0.0,1.0,
Q,0,10,explore:3:3:3:3:3:3:3:3:3:3:3:3:3:3:1:3:3:3:3:3:3:3:3:3:3:0:0:0:0:0:0:0:0:0:1:0:0:0:1:0:0:0:0:0:0:0:0:0:0:1:14:,22,2.1434375,2.0,
Q,0,10,explore:3:3:3:3:3:3:3:3:3:3:3:3:3:3:1:3:3:3:3:3:3:3:3:3:3:0:0:0:0:0:0:0:0:0:1:0:0:0:1:0:0:0:0:0:0:0:0:0:0:1:14:,23,0.0,1.0,
Q,0,10,explore:3:3:3:3:3:3:3:3:3:3:3:3:3:3:1:3:3:3:3:3:3:3:3:3:3:0:0:0:0:0:0:0:0:0:1:0:0:0:1:0:0:0:0:0:0:0:0:0:0:1:14:,24,0.0,1.0,
Q,0,10,explore:3:3:3:3:3:3:3:3:3:3:3:3:3:3:1:3:3:3:3:3:3:3:3:3:3:0:0:0:0:0:0:0:0:0:1:0:0:0:1:0:0:0:0:0:0:0:0:0:0:1:14:,25,0.0,1.0,
Q,0,10,explore:3:3:3:3:3:3:3:3:3:3:3:3:3:3:1:3:3:3:3:3:3:3:3:3:3:0:0:0:0:0:0:0:0:0:1:0:0:0:1:0:0:0:0:0:0:0:0:0:0:1:14:,26,0.0,1.0,

Q,0,10,explore:3:3:3:3:3:3:3:3:3:3:3:3:3:3:1:3:3:3:3:3:3:3:3:3:3:0:0:0:0:0:0:0:0:0:1:0:0:0:0:0:0:0:0:0:0:0:0:0:0:0:9:,0,0.0,1.0,
Q,0,10,explore:3:3:3:3:3:3:3:3:3:3:3:3:3:3:1:3:3:3:3:3:3:3:3:3:3:0:0:0:0:0:0:0:0:0:1:0:0:0:0:0:0:0:0:0:0:0:0:0:0:0:9:,1,0.0,1.0,
Q,0,10,explore:3:3:3:3:3:3:3:3:3:3:3:3:3:3:1:3:3:3:3:3:3:3:3:3:3:0:0:0:0:0:0:0:0:0:1:0:0:0:0:0:0:0:0:0:0:0:0:0:0:0:9:,3,0.0,1.0,
Q,0,10,explore:3:3:3:3:3:3:3:3:3:3:3:3:3:3:1:3:3:3:3:3:3:3:3:3:3:0:0:0:0:0:0:0:0:0:1:0:0:0:0:0:0:0:0:0:0:0:0:0:0:0:9:,4,0.0,1.0,
Q,0,10,explore:3:3:3:3:3:3:3:3:3:3:3:3:3:3:1:3:3:3:3:3:3:3:3:3:3:0:0:0:0:0:0:0:0:0:1:0:0:0:0:0:0:0:0:0:0:0:0:0:0:0:9:,5,10.2885,1.0,
Q,0,10,explore:3:3:3:3:3:3:3:3:3:3:3:3:3:3:1:3:3:3:3:3:3:3:3:3:3:0:0:0:0:0:0:0:0:0:1:0:0:0:0:0:0:0:0:0:0:0:0:0:0:0:9:,6,0.0,1.0,
Q,0,10,explore:3:3:3:3:3:3:3:3:3:3:3:3:3:3:1:3:3:3:3:3:3:3:3:3:3:0:0:0:0:0:0:0:0:0:1:0:0:0:0:0:0:0:0:0:0:0:0:0:0:0:9:,7,0.0,1.0,
Q,0,10,explore:3:3:3:3:3:3:3:3:3:3:3:3:3:3:1:3:3:3:3:3:3:3:3:3:3:0:0:0:0:0:0:0:0:0:1:0:0:0:0:0:0:0:0:0:0:0:0:0:0:0:9:,8,0.0,1.0,
Q,0,10,explore:3:3:3:3:3:3:3:3:3:3:3:3:3:3:1:3:3:3:3:3:3:3:3:3:3:0:0:0:0:0:0:0:0:0:1:0:0:0:0:0:0:0:0:0:0:0:0:0:0:0:9:,9,0.0,1.0,
Q,0,10,explore:3:3:3:3:3:3:3:3:3:3:3:3:3:3:1:3:3:3:3:3:3:3:3:3:3:0:0:0:0:0:0:0:0:0:1:0:0:0:0:0:0:0:0:0:0:0:0:0:0:0:9:,10,10.4085,1.0,
Q,0,10,explore:3:3:3:3:3:3:3:3:3:3:3:3:3:3:1:3:3:3:3:3:3:3:3:3:3:0:0:0:0:0:0:0:0:0:1:0:0:0:0:0:0:0:0:0:0:0:0:0:0:0:9:,11,0.0,1.0,
Q,0,10,explore:3:3:3:3:3:3:3:3:3:3:3:3:3:3:1:3:3:3:3:3:3:3:3:3:3:0:0:0:0:0:0:0:0:0:1:0:0:0:0:0:0:0:0:0:0:0:0:0:0:0:9:,12,0.0,1.0,
Q,0,10,explore:3:3:3:3:3:3:3:3:3:3:3:3:3:3:1:3:3:3:3:3:3:3:3:3:3:0:0:0:0:0:0:0:0:0:1:0:0:0:0:0:0:0:0:0:0:0:0:0:0:0:9:,13,0.0,1.0,
Q,0,10,explore:3:3:3:3:3:3:3:3:3:3:3:3:3:3:1:3:3:3:3:3:3:3:3:3:3:0:0:0:0:0:0:0:0:0:1:0:0:0:0:0:0:0:0:0:0:0:0:0:0:0:9:,14,3.0,1.0,
Q,0,10,explore:3:3:3:3:3:3:3:3:3:3:3:3:3:3:1:3:3:3:3:3:3:3:3:3:3:0:0:0:0:0:0:0:0:0:1:0:0:0:0:0:0:0:0:0:0:0:0:0:0:0:9:,15,0.0,1.0,
Q,0,10,explore:3:3:3:3:3:3:3:3:3:3:3:3:3:3:1:3:3:3:3:3:3:3:3:3:3:0:0:0:0:0:0:0:0:0:1:0:0:0:0:0:0:0:0:0:0:0:0:0:0:0:9:,16,0.0,1.0,
Q,0,10,explore:3:3:3:3:3:3:3:3:3:3:3:3:3:3:1:3:3:3:3:3:3:3:3:3:3:0:0:0:0:0:0:0:0:0:1:0:0:0:0:0:0:0:0:0:0:0:0:0:0:0:9:,17,0.0,1.0,
Q,0,10,explore:3:3:3:3:3:3:3:3:3:3:3:3:3:3:1:3:3:3:3:3:3:3:3:3:3:0:0:0:0:0:0:0:0:0:1:0:0:0:0:0:0:0:0:0:0:0:0:0:0:0:9:,18,0.0,1.0,
Q,0,10,explore:3:3:3:3:3:3:3:3:3:3:3:3:3:3:1:3:3:3:3:3:3:3:3:3:3:0:0:0:0:0:0:0:0:0:1:0:0:0:0:0:0:0:0:0:0:0:0:0:0:0:9:,19,0.0,1.0,
Q,0,10,explore:3:3:3:3:3:3:3:3:3:3:3:3:3:3:1:3:3:3:3:3:3:3:3:3:3:0:0:0:0:0:0:0:0:0:1:0:0:0:0:0:0:0:0:0:0:0:0:0:0:0:9:,20,0.0,1.0,
Q,0,10,explore:3:3:3:3:3:3:3:3:3:3:3:3:3:3:1:3:3:3:3:3:3:3:3:3:3:0:0:0:0:0:0:0:0:0:1:0:0:0:0:0:0:0:0:0:0:0:0:0:0:0:9:,21,0.0,1.0,
Q,0,10,explore:3:3:3:3:3:3:3:3:3:3:3:3:3:3:1:3:3:3:3:3:3:3:3:3:3:0:0:0:0:0:0:0:0:0:1:0:0:0:0:0:0:0:0:0:0:0:0:0:0:0:9:,22,0.0,1.0,
Q,0,10,explore:3:3:3:3:3:3:3:3:3:3:3:3:3:3:1:3:3:3:3:3:3:3:3:3:3:0:0:0:0:0:0:0:0:0:1:0:0:0:0:0:0:0:0:0:0:0:0:0:0:0:9:,23,0.0,1.0,
Q,0,10,explore:3:3:3:3:3:3:3:3:3:3:3:3:3:3:1:3:3:3:3:3:3:3:3:3:3:0:0:0:0:0:0:0:0:0:1:0:0:0:0:0:0:0:0:0:0:0:0:0:0:0:9:,24,0.0,1.0,
Q,0,10,explore:3:3:3:3:3:3:3:3:3:3:3:3:3:3:1:3:3:3:3:3:3:3:3:3:3:0:0:0:0:0:0:0:0:0:1:0:0:0:0:0:0:0:0:0:0:0:0:0:0:0:9:,25,10.83,1.0,
Q,0,10,explore:3:3:3:3:3:3:3:3:3:3:3:3:3:3:1:3:3:3:3:3:3:3:3:3:3:0:0:0:0:0:0:0:0:0:1:0:0:0:0:0:0:0:0:0:0:0:0:0:0:0:9:,26,0.0,1.0,

Q,0,10,explore:3:3:3:3:3:3:3:3:3:3:3:3:3:3:1:3:3:3:3:3:3:3:3:3:3:0:0:0:0:0:0:0:0:0:1:0:0:0:0:0:0:0:0:0:0:0:0:0:0:1:9:,2,0.0,1.0,
Q,0,10,explore:3:3:3:3:3:3:3:3:3:3:3:3:3:3:1:3:3:3:3:3:3:3:3:3:3:0:0:0:0:0:0:0:0:0:1:0:0:0:0:0:0:0:0:0:0:0:0:0:0:1:9:,4,12.0,1.0,
Q,0,10,explore:3:3:3:3:3:3:3:3:3:3:3:3:3:3:1:3:3:3:3:3:3:3:3:3:3:0:0:0:0:0:0:0:0:0:1:0:0:0:0:0:0:0:0:0:0:0:0:0:0:1:9:,7,0.0,1.0,
Q,0,10,explore:3:3:3:3:3:3:3:3:3:3:3:3:3:3:1:3:3:3:3:3:3:3:3:3:3:0:0:0:0:0:0:0:0:0:1:0:0:0:0:0:0:0:0:0:0:0:0:0:0:1:9:,10,0.12,1.0,
Q,0,10,explore:3:3:3:3:3:3:3:3:3:3:3:3:3:3:1:3:3:3:3:3:3:3:3:3:3:0:0:0:0:0:0:0:0:0:1:0:0:0:0:0:0:0:0:0:0:0:0:0:0:1:9:,13,0.0,1.0,
Q,0,10,explore:3:3:3:3:3:3:3:3:3:3:3:3:3:3:1:3:3:3:3:3:3:3:3:3:3:0:0:0:0:0:0:0:0:0:1:0:0:0:0:0:0:0:0:0:0:0:0:0:0:1:9:,16,0.0,1.0,
Q,0,10,explore:3:3:3:3:3:3:3:3:3:3:3:3:3:3:1:3:3:3:3:3:3:3:3:3:3:0:0:0:0:0:0:0:0:0:1:0:0:0:0:0:0:0:0:0:0:0:0:0:0:1:9:,22,0.0,1.0,
Q,0,10,explore:3:3:3:3:3:3:3:3:3:3:3:3:3:3:1:3:3:3:3:3:3:3:3:3:3:0:0:0:0:0:0:0:0:0:1:0:0:0:0:0:0:0:0:0:0:0:0:0:0:1:9:,26,0.0,1.0,

Q,0,10,explore:3:3:3:3:3:3:3:3:3:3:3:3:3:3:1:3:3:3:3:3:3:3:3:3:3:0:0:0:0:0:0:0:0:0:0:0:0:0:0:0:0:0:0:0:0:0:0:0:0:0:14:,0,0.0,5.0,
Q,0,10,explore:3:3:3:3:3:3:3:3:3:3:3:3:3:3:1:3:3:3:3:3:3:3:3:3:3:0:0:0:0:0:0:0:0:0:0:0:0:0:0:0:0:0:0:0:0:0:0:0:0:0:14:,4,0.0,1.0,


Q,0,11,explore:3:3:3:3:3:3:3:3:3:3:3:3:3:3:1:3:3:3:3:3:3:3:3:3:3:0:0:0:0:0:0:0:0:0:1:0:0:0:0:0:0:0:0:0:0:0:0:0:0:1:10:,19,0.0,1.0,
Q,0,11,explore:3:3:3:3:3:3:3:3:3:3:3:3:3:3:1:3:3:3:3:3:3:3:3:3:3:0:0:0:0:0:0:0:0:0:1:0:0:0:0:0:0:0:0:0:0:0:0:0:0:1:10:,11,12.0,1.0,
Q,0,11,explore:3:3:3:3:3:3:3:3:3:3:3:3:3:3:1:3:3:3:3:3:3:3:3:3:3:0:0:0:0:0:0:0:0:0:1:0:0:0:0:0:0:0:0:0:0:0:0:0:0:1:10:,6,0.0,1.0,
Q,0,11,explore:3:3:3:3:3:3:3:3:3:3:3:3:3:3:1:3:3:3:3:3:3:3:3:3:3:0:0:0:0:0:0:0:0:0:1:0:0:0:0:0:0:0:0:0:0:0:0:0:0:1:10:,7,0.0,1.0,


Q,0,14,explore:3:3:3:3:3:3:3:3:3:3:3:3:3:3:1:3:3:3:3:3:3:3:3:3:3:0:0:0:0:0:0:0:0:0:1:0:0:0:0:0:0:0:0:0:0:0:0:0:0:1:13:,0,0.0,1.0,
Q,0,14,explore:3:3:3:3:3:3:3:3:3:3:3:3:3:3:1:3:3:3:3:3:3:3:3:3:3:0:0:0:0:0:0:0:0:0:1:0:0:0:0:0:0:0:0:0:0:0:0:0:0:1:13:,1,0.0,1.0,
Q,0,14,explore:3:3:3:3:3:3:3:3:3:3:3:3:3:3:1:3:3:3:3:3:3:3:3:3:3:0:0:0:0:0:0:0:0:0:1:0:0:0:0:0:0:0:0:0:0:0:0:0:0:1:13:,3,0.0,1.0,
Q,0,14,explore:3:3:3:3:3:3:3:3:3:3:3:3:3:3:1:3:3:3:3:3:3:3:3:3:3:0:0:0:0:0:0:0:0:0:1:0:0:0:0:0:0:0:0:0:0:0:0:0:0:1:13:,9,0.0,1.0,
Q,0,14,explore:3:3:3:3:3:3:3:3:3:3:3:3:3:3:1:3:3:3:3:3:3:3:3:3:3:0:0:0:0:0:0:0:0:0:1:0:0:0:0:0:0:0:0:0:0:0:0:0:0:1:13:,12,0.0,1.0,
Q,0,14,explore:3:3:3:3:3:3:3:3:3:3:3:3:3:3:1:3:3:3:3:3:3:3:3:3:3:0:0:0:0:0:0:0:0:0:1:0:0:0:0:0:0:0:0:0:0:0:0:0:0:1:13:,14,12.0,1.0,
Q,0,14,explore:3:3:3:3:3:3:3:3:3:3:3:3:3:3:1:3:3:3:3:3:3:3:3:3:3:0:0:0:0:0:0:0:0:0:1:0:0:0:0:0:0:0:0:0:0:0:0:0:0:1:13:,20,0.0,1.0,
Q,0,14,explore:3:3:3:3:3:3:3:3:3:3:3:3:3:3:1:3:3:3:3:3:3:3:3:3:3:0:0:0:0:0:0:0:0:0:1:0:0:0:0:0:0:0:0:0:0:0:0:0:0:1:13:,21,0.0,1.0,
Q,0,14,explore:3:3:3:3:3:3:3:3:3:3:3:3:3:3:1:3:3:3:3:3:3:3:3:3:3:0:0:0:0:0:0:0:0:0:1:0:0:0:0:0:0:0:0:0:0:0:0:0:0:1:13:,22,0.0,1.0,
Q,0,14,explore:3:3:3:3:3:3:3:3:3:3:3:3:3:3:1:3:3:3:3:3:3:3:3:3:3:0:0:0:0:0:0:0:0:0:1:0:0:0:0:0:0:0:0:0:0:0:0:0:0:1:13:,23,0.0,1.0,

Q,0,14,explore:3:3:3:3:3:3:3:3:3:3:3:3:3:3:1:3:3:3:3:3:3:3:3:3:3:0:0:0:0:0:0:0:0:0:1:0:0:0:0:0:0:0:0:0:0:0:0:0:0:0:13:,0,0.0,1.0,
Q,0,14,explore:3:3:3:3:3:3:3:3:3:3:3:3:3:3:1:3:3:3:3:3:3:3:3:3:3:0:0:0:0:0:0:0:0:0:1:0:0:0:0:0:0:0:0:0:0:0:0:0:0:0:13:,5,0.0,1.0,
Q,0,14,explore:3:3:3:3:3:3:3:3:3:3:3:3:3:3:1:3:3:3:3:3:3:3:3:3:3:0:0:0:0:0:0:0:0:0:1:0:0:0:0:0:0:0:0:0:0:0:0:0:0:0:13:,7,0.0,1.0,
Q,0,14,explore:3:3:3:3:3:3:3:3:3:3:3:3:3:3:1:3:3:3:3:3:3:3:3:3:3:0:0:0:0:0:0:0:0:0:1:0:0:0:0:0:0:0:0:0:0:0:0:0:0:0:13:,12,0.0,1.0,
Q,0,14,explore:3:3:3:3:3:3:3:3:3:3:3:3:3:3:1:3:3:3:3:3:3:3:3:3:3:0:0:0:0:0:0:0:0:0:1:0:0:0:0:0:0:0:0:0:0:0:0:0:0:0:13:,13,0.0,1.0,
Q,0,14,explore:3:3:3:3:3:3:3:3:3:3:3:3:3:3:1:3:3:3:3:3:3:3:3:3:3:0:0:0:0:0:0:0:0:0:1:0:0:0:0:0:0:0:0:0:0:0:0:0:0:0:13:,14,12.0,1.0,
Q,0,14,explore:3:3:3:3:3:3:3:3:3:3:3:3:3:3:1:3:3:3:3:3:3:3:3:3:3:0:0:0:0:0:0:0:0:0:1:0:0:0:0:0:0:0:0:0:0:0:0:0:0:0:13:,19,0.0,1.0,
Q,0,14,explore:3:3:3:3:3:3:3:3:3:3:3:3:3:3:1:3:3:3:3:3:3:3:3:3:3:0:0:0:0:0:0:0:0:0:1:0:0:0:0:0:0:0:0:0:0:0:0:0:0:0:13:,21,0.0,1.0,
Q,0,14,explore:3:3:3:3:3:3:3:3:3:3:3:3:3:3:1:3:3:3:3:3:3:3:3:3:3:0:0:0:0:0:0:0:0:0:1:0:0:0:0:0:0:0:0:0:0:0:0:0:0:0:13:,24,0.0,1.0,
Q,0,14,explore:3:3:3:3:3:3:3:3:3:3:3:3:3:3:1:3:3:3:3:3:3:3:3:3:3:0:0:0:0:0:0:0:0:0:1:0:0:0:0:0:0:0:0:0:0:0:0:0:0:0:13:,25,0.0,1.0,
