


Q,0,2,explore:3:3:3:3:3:3:3:3:3:3:3:3:3:3:2:2:3:3:2:2:3:3:3:3:3:0:0:0:0:0:0:1:0:0:1:0:1:0:1:0:0:0:0:1:1:0:0:0:0:0:1:,2,57.015,1.0,
Q,0,2,explore:3:3:3:3:3:3:3:3:3:3:3:3:3:3:2:2:3:3:2:2:3:3:3:3:3:0:0:0:0:0:0:1:0:0:1:0:1:0:1:0:0:0:0:1:1:0:0:0:0:0:1:,14,0.12,1.0,

Q,0,2,explore:3:3:3:3:3:3:3:3:3:3:3:3:3:3:3:3:3:3:3:3:3:3:3:3:3:0:0:0:0:0:0:0:0:0:0:1:0:0:0:1:0:0:0:1:0:0:0:0:0:0:1:,2,57.0009375,1.0,
Q,0,2,explore:3:3:3:3:3:3:3:3:3:3:3:3:3:3:3:3:3:3:3:3:3:3:3:3:3:0:0:0:0:0:0:0:0:0:0:1:0:0:0:1:0:0:0:1:0:0:0:0:0:0:1:,12,14.25,1.0,
Q,0,2,explore:3:3:3:3:3:3:3:3:3:3:3:3:3:3:3:3:3:3:3:3:3:3:3:3:3:0:0:0:0:0:0:0:0:0:0:1:0:0:0:1:0:0:0:1:0:0:0:0:0:0:1:,21,0.0075,1.0,

Q,0,2,explore:3:3:3:3:3:3:3:3:3:3:3:3:3:3:2:3:3:3:3:3:3:3:3:3:3:0:0:0:0:0:0:0:0:0:0:1:0:0:0:1:0:0:0:1:0:0:0:0:0:0:1:,2,57.0,1.0,
Q,0,2,explore:3:3:3:3:3:3:3:3:3:3:3:3:3:3:2:3:3:3:3:3:3:3:3:3:3:0:0:0:0:0:0:0:0:0:0:1:0:0:0:1:0:0:0:1:0:0:0:0:0:0:1:,23,0.0,1.0,


Q,0,3,explore:3:3:3:3:3:3:3:3:3:3:3:3:3:3:3:3:3:3:3:3:3:3:3:3:3:0:0:0:0:0:0:0:0:0:0:1:0:0:0:1:0:0:0:1:0:0:0:0:0:0:2:,8,0.0,1.0,
Q,0,3,explore:3:3:3:3:3:3:3:3:3:3:3:3:3:3:3:3:3:3:3:3:3:3:3:3:3:0:0:0:0:0:0:0:0:0:0:1:0:0:0:1:0:0:0:1:0:0:0:0:0:0:2:,17,6.75,1.0,
Q,0,3,explore:3:3:3:3:3:3:3:3:3:3:3:3:3:3:3:3:3:3:3:3:3:3:3:3:3:0:0:0:0:0:0:0:0:0:0:1:0:0:0:1:0:0:0:1:0:0:0:0:0:0:2:,3,57.0,1.0,
Q,0,3,explore:3:3:3:3:3:3:3:3:3:3:3:3:3:3:3:3:3:3:3:3:3:3:3:3:3:0:0:0:0:0:0:0:0:0:0:1:0:0:0:1:0:0:0:1:0:0:0:0:0:0:2:,11,2.6953125,1.0,


Q,0,4,explore:3:3:3:3:3:3:3:3:3:3:3:3:3:3:3:3:3:3:3:3:3:3:3:3:3:0:0:0:0:0:0:0:0:0:0:1:0:0:0:1:0:0:0:1:0:0:0:0:0:0:3:,3,37.125,1.0,
Q,0,4,explore:3:3:3:3:3:3:3:3:3:3:3:3:3:3:3:3:3:3:3:3:3:3:3:3:3:0:0:0:0:0:0:0:0:0:0:1:0:0:0:1:0:0:0:1:0:0:0:0:0:0:3:,4,66.28125,1.0,

Q,0,4,explore:3:3:3:3:3:3:3:3:3:3:3:3:3:3:2:3:3:3:3:3:3:3:3:3:3:0:0:0:0:0:0:0:0:0:0:1:0:0:0:1:0:0:0:1:0:0:0:0:0:0:3:,4,57.4453125,1.0,
Q,0,4,explore:3:3:3:3:3:3:3:3:3:3:3:3:3:3:2:3:3:3:3:3:3:3:3:3:3:0:0:0:0:0:0:0:0:0:0:1:0:0:0:1:0:0:0:1:0:0:0:0:0:0:3:,22,3.5625,1.0,


Q,0,6,explore:3:3:3:3:3:3:3:3:3:3:3:3:3:3:2:2:3:3:2:2:3:3:3:3:3:0:0:0:0:0:0:1:0:0:1:0:1:0:1:0:0:0:0:1:1:0:0:0:0:0:5:,12,0.0,1.0,
Q,0,6,explore:3:3:3:3:3:3:3:3:3:3:3:3:3:3:2:2:3:3:2:2:3:3:3:3:3:0:0:0:0:0:0:1:0:0:1:0:1:0:1:0:0:0:0:1:1:0:0:0:0:0:5:,6,57.0,1.0,

Q,0,6,explore:3:3:3:3:3:3:3:3:3:3:3:3:3:3:2:3:3:3:3:3:3:3:3:3:3:0:0:0:0:0:0:0:0:0:0:1:0:0:0:1:0:0:0:1:0:0:0:0:0:0:5:,5,7.125,1.0,
Q,0,6,explore:3:3:3:3:3:3:3:3:3:3:3:3:3:3:2:3:3:3:3:3:3:3:3:3:3:0:0:0:0:0:0:0:0:0:0:1:0:0:0:1:0:0:0:1:0:0:0:0:0:0:5:,6,58.78125,1.0,

Q,0,6,explore:3:3:3:3:3:3:3:3:3:3:3:3:3:3:2:3:3:3:2:3:3:3:3:3:3:0:0:0:0:0:0:1:0:0:1:0:1:0:1:0:0:0:0:1:1:0:0:0:0:0:5:,18,0.0,1.0,
Q,0,6,explore:3:3:3:3:3:3:3:3:3:3:3:3:3:3:2:3:3:3:2:3:3:3:3:3:3:0:0:0:0:0:0:1:0:0:1:0:1:0:1:0:0:0:0:1:1:0:0:0:0:0:5:,6,57.0,1.0,


Q,0,7,explore:3:3:3:3:3:3:3:3:3:3:3:3:3:3:3:3:3:3:3:3:3:3:3:3:3:0:0:0:0:0:0:0:0:0:0:1:0:0:0:1:0:0:0:1:0:0:0:0:0:0:6:,7,57.0,1.0,

Q,0,7,explore:3:3:3:3:3:3:3:3:3:3:3:3:3:3:2:3:3:3:2:3:3:3:3:3:3:0:0:0:0:0:0:1:0:0:1:0:1:0:1:0:0:0:0:1:1:0:0:0:0:0:6:,7,0.19,1.0,

Q,0,7,explore:3:3:3:3:3:3:3:3:3:3:3:3:3:3:2:3:3:3:3:3:3:3:3:3:3:0:0:0:0:0:0:0:0:0:0:1:0:0:0:1:0:0:0:1:0:0:0:0:0:0:6:,19,0.1640625,1.0,
Q,0,7,explore:3:3:3:3:3:3:3:3:3:3:3:3:3:3:2:3:3:3:3:3:3:3:3:3:3:0:0:0:0:0:0:0:0:0:0:1:0:0:0:1:0:0:0:1:0:0:0:0:0:0:6:,7,57.041015625,1.0,


Q,0,8,explore:3:3:3:3:3:3:3:3:3:3:3:3:3:3:2:3:3:3:3:3:3:3:3:3:3:0:0:0:0:0:0:0:0:0:0:1:0:0:0:1:0:0:0:1:0:0:0:0:0:0:7:,8,57.0,1.0,
Q,0,8,explore:3:3:3:3:3:3:3:3:3:3:3:3:3:3:2:3:3:3:3:3:3:3:3:3:3:0:0:0:0:0:0:0:0:0:0:1:0:0:0:1:0:0:0:1:0:0:0:0:0:0:7:,19,0.0,1.0,
Q,0,8,explore:3:3:3:3:3:3:3:3:3:3:3:3:3:3:2:3:3:3:3:3:3:3:3:3:3:0:0:0:0:0:0:0:0:0:0:1:0:0:0:1:0:0:0:1:0:0:0:0:0:0:7:,15,0.0,1.0,

Q,0,8,explore:3:3:3:3:3:3:3:3:3:3:3:3:3:3:3:3:3:3:3:3:3:3:3:3:3:0:0:0:0:0:0:0:0:0:1:1:1:0:0:0:1:0:0:1:1:0:0:0:0:0:7:,8,57.0,1.0,
Q,0,8,explore:3:3:3:3:3:3:3:3:3:3:3:3:3:3:3:3:3:3:3:3:3:3:3:3:3:0:0:0:0:0:0:0:0:0:1:1:1:0:0:0:1:0:0:1:1:0:0:0:0:0:7:,6,0.0,1.0,

Q,0,8,explore:3:3:3:3:3:3:3:3:3:3:3:3:3:3:2:2:3:3:2:2:3:3:3:3:3:0:0:0:0:0:0:1:0:0:1:0:1:0:1:0:0:0:0:1:1:0:0:0:0:0:7:,8,57.4453125,1.0,
Q,0,8,explore:3:3:3:3:3:3:3:3:3:3:3:3:3:3:2:2:3:3:2:2:3:3:3:3:3:0:0:0:0:0:0:1:0:0:1:0:1:0:1:0:0:0:0:1:1:0:0:0:0:0:7:,15,3.5625,1.0,


Q,0,9,explore:3:3:3:3:3:3:3:3:3:3:3:3:3:3:2:3:3:3:3:3:3:3:3:3:3:0:0:0:0:0:0:0:0:0:0:1:0:0:0:1:0:0:0:1:0:0:0:0:0:0:8:,0,0.0,1.0,
Q,0,9,explore:3:3:3:3:3:3:3:3:3:3:3:3:3:3:2:3:3:3:3:3:3:3:3:3:3:0:0:0:0:0:0:0:0:0:0:1:0:0:0:1:0:0:0:1:0:0:0:0:0:0:8:,9,57.0,1.0,


Q,0,10,explore:3:3:3:3:3:3:3:3:3:3:3:3:3:3:2:3:3:3:2:3:3:3:3:3:3:0:0:0:0:0:0:1:0:0:1:0:1:0:1:0:0:0:0:1:1:0:0:0:0:0:9:,0,3.375,1.0,
Q,0,10,explore:3:3:3:3:3:3:3:3:3:3:3:3:3:3:2:3:3:3:2:3:3:3:3:3:3:0:0:0:0:0:0:1:0:0:1:0:1:0:1:0:0:0:0:1:1:0:0:0:0:0:9:,9,0.011875,1.0,
Q,0,10,explore:3:3:3:3:3:3:3:3:3:3:3:3:3:3:2:3:3:3:2:3:3:3:3:3:3:0:0:0:0:0:0:1:0:0:1:0:1:0:1:0:0:0:0:1:1:0:0:0:0:0:9:,10,0.19,1.0,
Q,0,10,explore:3:3:3:3:3:3:3:3:3:3:3:3:3:3:2:3:3:3:2:3:3:3:3:3:3:0:0:0:0:0:0:1:0:0:1:0:1:0:1:0:0:0:0:1:1:0:0:0:0:0:9:,19,0.0,1.0,

Q,0,10,explore:3:3:3:3:3:3:3:3:3:3:3:3:3:3:3:3:3:3:3:3:3:3:3:3:3:0:0:0:0:0:0:0:0:0:1:1:1:0:0:0:1:0:0:1:1:0:0:0:0:0:9:,25,0.098671875,1.0,
Q,0,10,explore:3:3:3:3:3:3:3:3:3:3:3:3:3:3:3:3:3:3:3:3:3:3:3:3:3:0:0:0:0:0:0:0:0:0:1:1:1:0:0:0:1:0:0:1:1:0:0:0:0:0:9:,10,0.2393359375,1.0,
Q,0,10,explore:3:3:3:3:3:3:3:3:3:3:3:3:3:3:3:3:3:3:3:3:3:3:3:3:3:0:0:0:0:0:0:0:0:0:1:1:1:0:0:0:1:0:0:1:1:0:0:0:0:0:9:,15,30.000078125,1.0,

Q,0,10,explore:3:3:3:3:3:3:3:3:3:3:3:3:3:3:3:3:3:3:3:3:3:3:3:3:3:0:0:0:0:0:0:0:0:0:0:1:0:0:0:1:0:0:0:1:0:0:0:0:0:0:9:,10,57.0,1.0,
Q,0,10,explore:3:3:3:3:3:3:3:3:3:3:3:3:3:3:3:3:3:3:3:3:3:3:3:3:3:0:0:0:0:0:0:0:0:0:0:1:0:0:0:1:0:0:0:1:0:0:0:0:0:0:9:,14,40.8369140625,1.0,
Q,0,10,explore:3:3:3:3:3:3:3:3:3:3:3:3:3:3:3:3:3:3:3:3:3:3:3:3:3:0:0:0:0:0:0:0:0:0:0:1:0:0:0:1:0:0:0:1:0:0:0:0:0:0:9:,5,3.375,1.0,
Q,0,10,explore:3:3:3:3:3:3:3:3:3:3:3:3:3:3:3:3:3:3:3:3:3:3:3:3:3:0:0:0:0:0:0:0:0:0:0:1:0:0:0:1:0:0:0:1:0:0:0:0:0:0:9:,22,0.0,1.0,
Q,0,10,explore:3:3:3:3:3:3:3:3:3:3:3:3:3:3:3:3:3:3:3:3:3:3:3:3:3:0:0:0:0:0:0:0:0:0:0:1:0:0:0:1:0:0:0:1:0:0:0:0:0:0:9:,7,21.5625,1.0,

Q,0,10,explore:3:3:3:3:3:3:3:3:3:3:3:3:3:3:2:2:3:3:2:2:3:3:3:3:3:0:0:0:0:0:0:1:0:0:1:0:1:0:1:0:0:0:0:1:1:0:0:0:0:0:9:,0,0.001484375,1.0,
Q,0,10,explore:3:3:3:3:3:3:3:3:3:3:3:3:3:3:2:2:3:3:2:2:3:3:3:3:3:0:0:0:0:0:0:1:0:0:1:0:1:0:1:0:0:0:0:1:1:0:0:0:0:0:9:,10,0.19037109375,1.0,
Q,0,10,explore:3:3:3:3:3:3:3:3:3:3:3:3:3:3:2:2:3:3:2:2:3:3:3:3:3:0:0:0:0:0:0:1:0:0:1:0:1:0:1:0:0:0:0:1:1:0:0:0:0:0:9:,21,0.0,1.0,

Q,0,10,explore:3:3:3:3:3:3:3:3:3:3:3:3:3:3:2:3:3:3:3:3:3:3:3:3:3:0:0:0:0:0:0:0:0:0:0:1:0:0:0:1:0:0:0:1:0:0:0:0:0:0:9:,10,57.0,1.0,
Q,0,10,explore:3:3:3:3:3:3:3:3:3:3:3:3:3:3:2:3:3:3:3:3:3:3:3:3:3:0:0:0:0:0:0:0:0:0:0:1:0:0:0:1:0:0:0:1:0:0:0:0:0:0:9:,13,0.0,1.0,
Q,0,10,explore:3:3:3:3:3:3:3:3:3:3:3:3:3:3:2:3:3:3:3:3:3:3:3:3:3:0:0:0:0:0:0:0:0:0:0:1:0:0:0:1:0:0:0:1:0:0:0:0:0:0:9:,22,0.0,1.0,
Q,0,10,explore:3:3:3:3:3:3:3:3:3:3:3:3:3:3:2:3:3:3:3:3:3:3:3:3:3:0:0:0:0:0:0:0:0:0:0:1:0:0:0:1:0:0:0:1:0:0:0:0:0:0:9:,21,0.0,1.0,


Q,0,11,explore:3:3:3:3:3:3:3:3:3:3:3:3:3:3:3:3:3:3:3:3:3:3:3:3:3:0:0:0:0:0:0:0:0:0:1:1:1:0:0:0:1:0:0:1:1:0:0:0:0:0:10:,19,1.78125,1.0,
Q,0,11,explore:3:3:3:3:3:3:3:3:3:3:3:3:3:3:3:3:3:3:3:3:3:3:3:3:3:0:0:0:0:0:0:0:0:0:1:1:1:0:0:0:1:0:0:1:1:0:0:0:0:0:10:,16,0.15,1.0,
Q,0,11,explore:3:3:3:3:3:3:3:3:3:3:3:3:3:3:3:3:3:3:3:3:3:3:3:3:3:0:0:0:0:0:0:0:0:0:1:1:1:0:0:0:1:0:0:1:1:0:0:0:0:0:10:,11,1.080625,1.0,
Q,0,11,explore:3:3:3:3:3:3:3:3:3:3:3:3:3:3:3:3:3:3:3:3:3:3:3:3:3:0:0:0:0:0:0:0:0:0:1:1:1:0:0:0:1:0:0:1:1:0:0:0:0:0:10:,21,2.4375,1.0,
Q,0,11,explore:3:3:3:3:3:3:3:3:3:3:3:3:3:3:3:3:3:3:3:3:3:3:3:3:3:0:0:0:0:0:0:0:0:0:1:1:1:0:0:0:1:0:0:1:1:0:0:0:0:0:10:,24,0.0,1.0,

Q,0,11,explore:3:3:3:3:3:3:3:3:3:3:3:3:3:3:2:2:3:3:2:2:3:3:3:3:3:0:0:0:0:0:0:1:0:0:1:0:1:0:1:0:0:0:0:1:1:0:0:0:0:0:10:,2,0.095185546875,1.0,
Q,0,11,explore:3:3:3:3:3:3:3:3:3:3:3:3:3:3:2:2:3:3:2:2:3:3:3:3:3:0:0:0:0:0:0:1:0:0:1:0:1:0:1:0:0:0:0:1:1:0:0:0:0:0:10:,5,7.126875,1.0,
Q,0,11,explore:3:3:3:3:3:3:3:3:3:3:3:3:3:3:2:2:3:3:2:2:3:3:3:3:3:0:0:0:0:0:0:1:0:0:1:0:1:0:1:0:0:0:0:1:1:0:0:0:0:0:10:,6,44.25,1.0,
Q,0,11,explore:3:3:3:3:3:3:3:3:3:3:3:3:3:3:2:2:3:3:2:2:3:3:3:3:3:0:0:0:0:0:0:1:0:0:1:0:1:0:1:0:0:0:0:1:1:0:0:0:0:0:10:,11,57.0,1.0,
Q,0,11,explore:3:3:3:3:3:3:3:3:3:3:3:3:3:3:2:2:3:3:2:2:3:3:3:3:3:0:0:0:0:0:0:1:0:0:1:0:1:0:1:0:0:0:0:1:1:0:0:0:0:0:10:,17,0.01,1.0,
Q,0,11,explore:3:3:3:3:3:3:3:3:3:3:3:3:3:3:2:2:3:3:2:2:3:3:3:3:3:0:0:0:0:0:0:1:0:0:1:0:1:0:1:0:0:0:0:1:1:0:0:0:0:0:10:,21,0.0,1.0,
Q,0,11,explore:3:3:3:3:3:3:3:3:3:3:3:3:3:3:2:2:3:3:2:2:3:3:3:3:3:0:0:0:0:0:0:1:0:0:1:0:1:0:1:0:0:0:0:1:1:0:0:0:0:0:10:,26,22.125,1.0,

Q,0,11,explore:3:3:3:3:3:3:3:3:3:3:3:3:3:3:2:3:3:3:3:3:3:3:3:3:3:0:0:0:0:0:0:0:0:0:0:1:0:0:0:1:0:0:0:1:0:0:0:0:0:0:10:,1,29.390625,1.0,
Q,0,11,explore:3:3:3:3:3:3:3:3:3:3:3:3:3:3:2:3:3:3:3:3:3:3:3:3:3:0:0:0:0:0:0:0:0:0:0:1:0:0:0:1:0:0:0:1:0:0:0:0:0:0:10:,3,1.6875,1.0,
Q,0,11,explore:3:3:3:3:3:3:3:3:3:3:3:3:3:3:2:3:3:3:3:3:3:3:3:3:3:0:0:0:0:0:0:0:0:0:0:1:0:0:0:1:0:0:0:1:0:0:0:0:0:0:10:,4,0.0,1.0,
Q,0,11,explore:3:3:3:3:3:3:3:3:3:3:3:3:3:3:2:3:3:3:3:3:3:3:3:3:3:0:0:0:0:0:0:0:0:0:0:1:0:0:0:1:0:0:0:1:0:0:0:0:0:0:10:,5,13.5000878906,1.0,
Q,0,11,explore:3:3:3:3:3:3:3:3:3:3:3:3:3:3:2:3:3:3:3:3:3:3:3:3:3:0:0:0:0:0:0:0:0:0:0:1:0:0:0:1:0:0:0:1:0:0:0:0:0:0:10:,8,0.0,1.0,
Q,0,11,explore:3:3:3:3:3:3:3:3:3:3:3:3:3:3:2:3:3:3:3:3:3:3:3:3:3:0:0:0:0:0:0:0:0:0:0:1:0:0:0:1:0:0:0:1:0:0:0:0:0:0:10:,11,0.19,1.0,
Q,0,11,explore:3:3:3:3:3:3:3:3:3:3:3:3:3:3:2:3:3:3:3:3:3:3:3:3:3:0:0:0:0:0:0:0:0:0:0:1:0:0:0:1:0:0:0:1:0:0:0:0:0:0:10:,15,0.0933333333333,1.0,
Q,0,11,explore:3:3:3:3:3:3:3:3:3:3:3:3:3:3:2:3:3:3:3:3:3:3:3:3:3:0:0:0:0:0:0:0:0:0:0:1:0:0:0:1:0:0:0:1:0:0:0:0:0:0:10:,18,14.6806640625,1.0,
Q,0,11,explore:3:3:3:3:3:3:3:3:3:3:3:3:3:3:2:3:3:3:3:3:3:3:3:3:3:0:0:0:0:0:0:0:0:0:0:1:0:0:0:1:0:0:0:1:0:0:0:0:0:0:10:,21,0.0,1.0,
Q,0,11,explore:3:3:3:3:3:3:3:3:3:3:3:3:3:3:2:3:3:3:3:3:3:3:3:3:3:0:0:0:0:0:0:0:0:0:0:1:0:0:0:1:0:0:0:1:0:0:0:0:0:0:10:,22,0.0,1.0,
Q,0,11,explore:3:3:3:3:3:3:3:3:3:3:3:3:3:3:2:3:3:3:3:3:3:3:3:3:3:0:0:0:0:0:0:0:0:0:0:1:0:0:0:1:0:0:0:1:0:0:0:0:0:0:10:,23,1.3125,1.0,
Q,0,11,explore:3:3:3:3:3:3:3:3:3:3:3:3:3:3:2:3:3:3:3:3:3:3:3:3:3:0:0:0:0:0:0:0:0:0:0:1:0:0:0:1:0:0:0:1:0:0:0:0:0:0:10:,25,0.0,1.0,

Q,0,11,explore:3:3:3:3:3:3:3:3:3:3:3:3:3:3:3:3:3:3:3:3:3:3:3:3:3:0:0:0:0:0:0:0:0:0:0:1:0:0:0:1:0:0:0:1:0:0:0:0:0:0:10:,25,0.000234375,1.0,
Q,0,11,explore:3:3:3:3:3:3:3:3:3:3:3:3:3:3:3:3:3:3:3:3:3:3:3:3:3:0:0:0:0:0:0:0:0:0:0:1:0:0:0:1:0:0:0:1:0:0:0:0:0:0:10:,11,0.1901171875,1.0,

Q,0,11,explore:3:3:3:3:3:3:3:3:3:3:3:3:3:3:2:3:3:3:2:3:3:3:3:3:3:0:0:0:0:0:0:1:0:0:1:0:1:0:1:0:0:0:0:1:1:0:0:0:0:0:10:,2,0.001484375,1.0,
Q,0,11,explore:3:3:3:3:3:3:3:3:3:3:3:3:3:3:2:3:3:3:2:3:3:3:3:3:3:0:0:0:0:0:0:1:0:0:1:0:1:0:1:0:0:0:0:1:1:0:0:0:0:0:10:,6,40.125,1.0,
Q,0,11,explore:3:3:3:3:3:3:3:3:3:3:3:3:3:3:2:3:3:3:2:3:3:3:3:3:3:0:0:0:0:0:0:1:0:0:1:0:1:0:1:0:0:0:0:1:1:0:0:0:0:0:10:,9,0.0,1.0,
Q,0,11,explore:3:3:3:3:3:3:3:3:3:3:3:3:3:3:2:3:3:3:2:3:3:3:3:3:3:0:0:0:0:0:0:1:0:0:1:0:1:0:1:0:0:0:0:1:1:0:0:0:0:0:10:,11,57.0238736979,1.0,
Q,0,11,explore:3:3:3:3:3:3:3:3:3:3:3:3:3:3:2:3:3:3:2:3:3:3:3:3:3:0:0:0:0:0:0:1:0:0:1:0:1:0:1:0:0:0:0:1:1:0:0:0:0:0:10:,12,0.060185546875,1.0,
Q,0,11,explore:3:3:3:3:3:3:3:3:3:3:3:3:3:3:2:3:3:3:2:3:3:3:3:3:3:0:0:0:0:0:0:1:0:0:1:0:1:0:1:0:0:0:0:1:1:0:0:0:0:0:10:,22,0.0477473958333,1.0,

Q,0,11,explore:3:3:3:3:3:3:3:3:3:3:3:2:3:2:2:2:3:3:2:2:3:3:3:3:3:0:0:0:0:0:0:1:0:0:1:0:1:0:1:0:0:0:0:1:1:0:0:0:0:0:10:,17,0.0,1.0,
Q,0,11,explore:3:3:3:3:3:3:3:3:3:3:3:2:3:2:2:2:3:3:2:2:3:3:3:3:3:0:0:0:0:0:0:1:0:0:1:0:1:0:1:0:0:0:0:1:1:0:0:0:0:0:10:,11,57.0,1.0,
Q,0,11,explore:3:3:3:3:3:3:3:3:3:3:3:2:3:2:2:2:3:3:2:2:3:3:3:3:3:0:0:0:0:0:0:1:0:0:1:0:1:0:1:0:0:0:0:1:1:0:0:0:0:0:10:,4,0.000123697916667,1.0,
Q,0,11,explore:3:3:3:3:3:3:3:3:3:3:3:2:3:2:2:2:3:3:2:2:3:3:3:3:3:0:0:0:0:0:0:1:0:0:1:0:1:0:1:0:0:0:0:1:1:0:0:0:0:0:10:,25,0.000989583333333,1.0,
Q,0,11,explore:3:3:3:3:3:3:3:3:3:3:3:2:3:2:2:2:3:3:2:2:3:3:3:3:3:0:0:0:0:0:0:1:0:0:1:0:1:0:1:0:0:0:0:1:1:0:0:0:0:0:10:,23,0.0,1.0,


Q,0,12,explore:3:3:3:3:3:3:3:3:3:3:3:3:3:3:3:3:3:3:3:3:3:3:3:3:3:0:0:0:0:0:0:0:0:0:0:1:0:0:0:1:0:0:0:1:0:0:0:0:0:0:11:,12,57.0,1.0,
Q,0,12,explore:3:3:3:3:3:3:3:3:3:3:3:3:3:3:3:3:3:3:3:3:3:3:3:3:3:0:0:0:0:0:0:0:0:0:0:1:0:0:0:1:0:0:0:1:0:0:0:0:0:0:11:,13,30.5625,1.0,
Q,0,12,explore:3:3:3:3:3:3:3:3:3:3:3:3:3:3:3:3:3:3:3:3:3:3:3:3:3:0:0:0:0:0:0:0:0:0:0:1:0:0:0:1:0:0:0:1:0:0:0:0:0:0:11:,22,0.0,1.0,

Q,0,12,explore:3:3:3:3:3:3:3:3:3:3:3:3:3:3:2:2:3:3:2:3:3:3:3:3:3:0:0:0:0:0:0:1:0:0:1:0:1:0:1:0:0:0:0:1:1:0:0:0:0:0:11:,10,0.0,1.0,
Q,0,12,explore:3:3:3:3:3:3:3:3:3:3:3:3:3:3:2:2:3:3:2:3:3:3:3:3:3:0:0:0:0:0:0:1:0:0:1:0:1:0:1:0:0:0:0:1:1:0:0:0:0:0:11:,3,10.0028125,1.0,
Q,0,12,explore:3:3:3:3:3:3:3:3:3:3:3:3:3:3:2:2:3:3:2:3:3:3:3:3:3:0:0:0:0:0:0:1:0:0:1:0:1:0:1:0:0:0:0:1:1:0:0:0:0:0:11:,12,5.19140625,1.0,

Q,0,12,explore:3:3:3:3:3:3:3:3:3:3:3:3:3:3:3:3:3:3:3:3:3:3:3:3:3:0:0:0:0:0:0:0:0:0:1:1:1:0:0:0:1:0:0:1:1:0:0:0:0:0:11:,4,0.0,1.0,
Q,0,12,explore:3:3:3:3:3:3:3:3:3:3:3:3:3:3:3:3:3:3:3:3:3:3:3:3:3:0:0:0:0:0:0:0:0:0:1:1:1:0:0:0:1:0:0:1:1:0:0:0:0:0:11:,8,34.125,1.0,
Q,0,12,explore:3:3:3:3:3:3:3:3:3:3:3:3:3:3:3:3:3:3:3:3:3:3:3:3:3:0:0:0:0:0:0:0:0:0:1:1:1:0:0:0:1:0:0:1:1:0:0:0:0:0:11:,11,0.009375,1.0,
Q,0,12,explore:3:3:3:3:3:3:3:3:3:3:3:3:3:3:3:3:3:3:3:3:3:3:3:3:3:0:0:0:0:0:0:0:0:0:1:1:1:0:0:0:1:0:0:1:1:0:0:0:0:0:11:,12,8.72125,1.0,
Q,0,12,explore:3:3:3:3:3:3:3:3:3:3:3:3:3:3:3:3:3:3:3:3:3:3:3:3:3:0:0:0:0:0:0:0:0:0:1:1:1:0:0:0:1:0:0:1:1:0:0:0:0:0:11:,17,28.5151464844,1.0,
Q,0,12,explore:3:3:3:3:3:3:3:3:3:3:3:3:3:3:3:3:3:3:3:3:3:3:3:3:3:0:0:0:0:0:0:0:0:0:1:1:1:0:0:0:1:0:0:1:1:0:0:0:0:0:11:,21,0.0,1.0,

Q,0,12,explore:3:3:3:3:3:3:3:3:3:3:3:2:3:2:2:2:3:3:2:2:3:3:3:3:3:0:0:0:0:0:0:1:0:0:1:0:1:0:1:0:0:0:0:1:1:0:0:0:0:0:11:,12,5.12731119792,1.0,
Q,0,12,explore:3:3:3:3:3:3:3:3:3:3:3:2:3:2:2:2:3:3:2:2:3:3:3:3:3:0:0:0:0:0:0:1:0:0:1:0:1:0:1:0:0:0:0:1:1:0:0:0:0:0:11:,5,10.0012890625,1.0,

Q,0,12,explore:3:3:3:3:3:3:3:3:3:3:3:3:3:3:2:2:3:3:2:2:3:3:3:3:3:0:0:0:0:0:0:1:0:0:1:0:1:0:1:0:0:0:0:1:1:0:0:0:0:0:11:,25,14.2502539063,1.0,
Q,0,12,explore:3:3:3:3:3:3:3:3:3:3:3:3:3:3:2:2:3:3:2:2:3:3:3:3:3:0:0:0:0:0:0:1:0:0:1:0:1:0:1:0:0:0:0:1:1:0:0:0:0:0:11:,12,7.31512695313,1.0,
Q,0,12,explore:3:3:3:3:3:3:3:3:3:3:3:3:3:3:2:2:3:3:2:2:3:3:3:3:3:0:0:0:0:0:0:1:0:0:1:0:1:0:1:0:0:0:0:1:1:0:0:0:0:0:11:,7,0.13,1.0,

Q,0,12,explore:3:3:3:3:3:3:3:3:3:3:3:3:3:3:2:3:3:3:2:3:3:3:3:3:3:0:0:0:0:0:0:1:0:0:1:0:1:0:1:0:0:0:0:1:1:0:0:0:0:0:11:,10,0.00037109375,1.0,
Q,0,12,explore:3:3:3:3:3:3:3:3:3:3:3:3:3:3:2:3:3:3:2:3:3:3:3:3:3:0:0:0:0:0:0:1:0:0:1:0:1:0:1:0:0:0:0:1:1:0:0:0:0:0:11:,12,1.44006510417,1.0,
Q,0,12,explore:3:3:3:3:3:3:3:3:3:3:3:3:3:3:2:3:3:3:2:3:3:3:3:3:3:0:0:0:0:0:0:1:0:0:1:0:1:0:1:0:0:0:0:1:1:0:0:0:0:0:11:,5,5.00026041667,1.0,

Q,0,12,explore:3:3:3:3:3:3:3:3:3:3:3:3:3:3:2:3:3:3:3:3:3:3:3:3:3:0:0:0:0:0:0:1:0:0:1:0:1:0:1:0:0:0:0:1:1:0:0:0:0:0:11:,19,0.0059375,1.0,
Q,0,12,explore:3:3:3:3:3:3:3:3:3:3:3:3:3:3:2:3:3:3:3:3:3:3:3:3:3:0:0:0:0:0:0:1:0:0:1:0:1:0:1:0:0:0:0:1:1:0:0:0:0:0:11:,12,0.19296875,1.0,

Q,0,12,explore:3:3:3:3:3:3:3:3:3:3:3:2:3:3:2:2:3:3:2:2:3:3:3:3:3:0:0:0:0:0:0:1:0:0:1:0:1:0:1:0:0:0:0:1:1:0:0:0:0:0:11:,25,14.2501692708,1.0,
Q,0,12,explore:3:3:3:3:3:3:3:3:3:3:3:2:3:3:2:2:3:3:2:2:3:3:3:3:3:0:0:0:0:0:0:1:0:0:1:0:1:0:1:0:0:0:0:1:1:0:0:0:0:0:11:,3,2.5,1.0,
Q,0,12,explore:3:3:3:3:3:3:3:3:3:3:3:2:3:3:2:2:3:3:2:2:3:3:3:3:3:0:0:0:0:0:0:1:0:0:1:0:1:0:1:0:0:0:0:1:1:0:0:0:0:0:11:,12,7.25175130208,1.0,

Q,0,12,explore:3:3:3:3:3:3:3:3:3:3:3:3:3:3:2:3:3:3:3:3:3:3:3:3:3:0:0:0:0:0:0:0:0:0:0:1:0:0:0:1:0:0:0:1:0:0:0:0:0:0:11:,7,28.5205078125,1.0,
Q,0,12,explore:3:3:3:3:3:3:3:3:3:3:3:3:3:3:2:3:3:3:3:3:3:3:3:3:3:0:0:0:0:0:0:0:0:0:0:1:0:0:0:1:0:0:0:1:0:0:0:0:0:0:11:,8,26.25,1.0,
Q,0,12,explore:3:3:3:3:3:3:3:3:3:3:3:3:3:3:2:3:3:3:3:3:3:3:3:3:3:0:0:0:0:0:0:0:0:0:0:1:0:0:0:1:0:0:0:1:0:0:0:0:0:0:11:,10,0.0,1.0,
Q,0,12,explore:3:3:3:3:3:3:3:3:3:3:3:3:3:3:2:3:3:3:3:3:3:3:3:3:3:0:0:0:0:0:0:0:0:0:0:1:0:0:0:1:0:0:0:1:0:0:0:0:0:0:11:,12,70.125,1.0,
Q,0,12,explore:3:3:3:3:3:3:3:3:3:3:3:3:3:3:2:3:3:3:3:3:3:3:3:3:3:0:0:0:0:0:0:0:0:0:0:1:0:0:0:1:0:0:0:1:0:0:0:0:0:0:11:,15,0.1,1.0,
Q,0,12,explore:3:3:3:3:3:3:3:3:3:3:3:3:3:3:2:3:3:3:3:3:3:3:3:3:3:0:0:0:0:0:0:0:0:0:0:1:0:0:0:1:0:0:0:1:0:0:0:0:0:0:11:,19,0.0,1.0,
Q,0,12,explore:3:3:3:3:3:3:3:3:3:3:3:3:3:3:2:3:3:3:3:3:3:3:3:3:3:0:0:0:0:0:0:0:0:0:0:1:0:0:0:1:0:0:0:1:0:0:0:0:0:0:11:,20,0.052734375,1.0,
Q,0,12,explore:3:3:3:3:3:3:3:3:3:3:3:3:3:3:2:3:3:3:3:3:3:3:3:3:3:0:0:0:0:0:0:0:0:0:0:1:0:0:0:1:0:0:0:1:0:0:0:0:0:0:11:,23,0.0,1.0,


Q,0,13,explore:3:3:3:3:3:3:3:3:3:3:3:3:3:3:3:3:3:3:3:3:3:3:3:3:3:0:0:0:0:0:0:0:0:0:1:1:1:0:0:0:1:0:0:1:1:0:0:0:0:0:12:,13,57.0,1.0,
Q,0,13,explore:3:3:3:3:3:3:3:3:3:3:3:3:3:3:3:3:3:3:3:3:3:3:3:3:3:0:0:0:0:0:0:0:0:0:1:1:1:0:0:0:1:0:0:1:1:0:0:0:0:0:12:,5,0.0,1.0,

Q,0,13,explore:3:3:3:3:3:3:3:3:3:3:3:3:3:3:3:3:3:3:3:3:3:3:3:3:3:0:0:0:0:0:0:0:0:0:0:1:0:0:0:1:0:0:0:1:0:0:0:0:0:0:12:,13,57.0,1.0,

Q,0,13,explore:3:3:3:3:3:3:3:3:3:3:3:2:3:3:2:2:3:3:2:2:3:3:3:3:3:0:0:0:0:0:0:1:0:0:1:0:1:0:1:0:0:0:0:1:1:0:0:0:0:0:12:,13,57.0390625,1.0,
Q,0,13,explore:3:3:3:3:3:3:3:3:3:3:3:2:3:3:2:2:3:3:2:2:3:3:3:3:3:0:0:0:0:0:0:1:0:0:1:0:1:0:1:0:0:0:0:1:1:0:0:0:0:0:12:,21,0.078125,1.0,

Q,0,13,explore:3:3:3:3:3:3:3:3:3:3:3:3:3:3:2:2:3:3:2:2:3:3:3:3:3:0:0:0:0:0:0:1:0:0:1:0:1:0:1:0:0:0:0:1:1:0:0:0:0:0:12:,13,64.1806640625,1.0,
Q,0,13,explore:3:3:3:3:3:3:3:3:3:3:3:3:3:3:2:2:3:3:2:2:3:3:3:3:3:0:0:0:0:0:0:1:0:0:1:0:1:0:1:0:0:0:0:1:1:0:0:0:0:0:12:,7,14.361328125,1.0,

Q,0,13,explore:3:3:3:3:3:3:3:3:3:3:3:3:3:3:2:3:3:3:3:3:3:3:3:3:3:0:0:0:0:0:0:0:0:0:0:1:0:0:0:1:0:0:0:1:0:0:0:0:0:0:12:,9,59.25,1.0,
Q,0,13,explore:3:3:3:3:3:3:3:3:3:3:3:3:3:3:2:3:3:3:3:3:3:3:3:3:3:0:0:0:0:0:0:0:0:0:0:1:0:0:0:1:0:0:0:1:0:0:0:0:0:0:12:,11,0.0263671875,1.0,
Q,0,13,explore:3:3:3:3:3:3:3:3:3:3:3:3:3:3:2:3:3:3:3:3:3:3:3:3:3:0:0:0:0:0:0:0:0:0:0:1:0:0:0:1:0:0:0:1:0:0:0:0:0:0:12:,13,86.625,1.0,


Q,0,14,explore:3:3:3:3:3:3:3:3:3:3:3:3:3:3:2:3:3:3:2:3:3:3:3:3:3:0:0:0:0:0:0:1:0:0:1:0:1:0:1:0:0:0:0:1:1:0:0:0:0:0:13:,24,0.00791666666667,1.0,
Q,0,14,explore:3:3:3:3:3:3:3:3:3:3:3:3:3:3:2:3:3:3:2:3:3:3:3:3:3:0:0:0:0:0:0:1:0:0:1:0:1:0:1:0:0:0:0:1:1:0:0:0:0:0:13:,14,0.190989583333,1.0,

Q,0,14,explore:3:3:3:3:3:3:3:3:3:3:3:2:3:2:2:2:3:3:2:2:3:3:3:3:3:0:0:0:0:0:0:1:0:0:1:0:1:0:1:0:0:0:0:1:1:0:0:0:0:0:13:,14,0.126666666667,1.0,
Q,0,14,explore:3:3:3:3:3:3:3:3:3:3:3:2:3:2:2:2:3:3:2:2:3:3:3:3:3:0:0:0:0:0:0:1:0:0:1:0:1:0:1:0:0:0:0:1:1:0:0:0:0:0:13:,7,0.000247395833333,1.0,

Q,0,14,explore:3:3:3:3:3:3:3:3:3:3:3:3:3:3:3:3:3:3:3:3:3:3:3:3:3:0:0:0:0:0:0:0:0:0:0:1:0:0:0:1:0:0:0:1:0:0:0:0:0:0:13:,1,14.250234375,1.0,
Q,0,14,explore:3:3:3:3:3:3:3:3:3:3:3:3:3:3:3:3:3:3:3:3:3:3:3:3:3:0:0:0:0:0:0:0:0:0:0:1:0:0:0:1:0:0:0:1:0:0:0:0:0:0:13:,2,7.125,1.0,
Q,0,14,explore:3:3:3:3:3:3:3:3:3:3:3:3:3:3:3:3:3:3:3:3:3:3:3:3:3:0:0:0:0:0:0:0:0:0:0:1:0:0:0:1:0:0:0:1:0:0:0:0:0:0:13:,3,9.673828125,1.0,
Q,0,14,explore:3:3:3:3:3:3:3:3:3:3:3:3:3:3:3:3:3:3:3:3:3:3:3:3:3:0:0:0:0:0:0:0:0:0:0:1:0:0:0:1:0:0:0:1:0:0:0:0:0:0:13:,11,0.12,1.0,
Q,0,14,explore:3:3:3:3:3:3:3:3:3:3:3:3:3:3:3:3:3:3:3:3:3:3:3:3:3:0:0:0:0:0:0:0:0:0:0:1:0:0:0:1:0:0:0:1:0:0:0:0:0:0:13:,12,0.0,1.0,
Q,0,14,explore:3:3:3:3:3:3:3:3:3:3:3:3:3:3:3:3:3:3:3:3:3:3:3:3:3:0:0:0:0:0:0:0:0:0:0:1:0:0:0:1:0:0:0:1:0:0:0:0:0:0:13:,14,64.1251171875,1.0,
Q,0,14,explore:3:3:3:3:3:3:3:3:3:3:3:3:3:3:3:3:3:3:3:3:3:3:3:3:3:0:0:0:0:0:0:0:0:0:0:1:0:0:0:1:0:0:0:1:0:0:0:0:0:0:13:,15,0.12,1.0,
Q,0,14,explore:3:3:3:3:3:3:3:3:3:3:3:3:3:3:3:3:3:3:3:3:3:3:3:3:3:0:0:0:0:0:0:0:0:0:0:1:0:0:0:1:0:0:0:1:0:0:0:0:0:0:13:,18,27.0,1.0,
Q,0,14,explore:3:3:3:3:3:3:3:3:3:3:3:3:3:3:3:3:3:3:3:3:3:3:3:3:3:0:0:0:0:0:0:0:0:0:0:1:0:0:0:1:0:0:0:1:0:0:0:0:0:0:13:,23,0.0,1.0,

Q,0,14,explore:3:3:3:3:3:3:3:3:3:3:3:3:3:3:2:2:3:3:2:2:3:3:3:3:3:0:0:0:0:0:0:1:0:0:1:0:1:0:1:0:0:0:0:1:1:0:0:0:0:0:13:,1,14.25375,1.0,
Q,0,14,explore:3:3:3:3:3:3:3:3:3:3:3:3:3:3:2:2:3:3:2:2:3:3:3:3:3:0:0:0:0:0:0:1:0:0:1:0:1:0:1:0:0:0:0:1:1:0:0:0:0:0:13:,12,0.0,1.0,
Q,0,14,explore:3:3:3:3:3:3:3:3:3:3:3:3:3:3:2:2:3:3:2:2:3:3:3:3:3:0:0:0:0:0:0:1:0:0:1:0:1:0:1:0:0:0:0:1:1:0:0:0:0:0:13:,14,0.19,1.0,

Q,0,14,explore:3:3:3:3:3:3:3:3:3:3:3:3:3:3:3:3:3:3:3:3:3:3:3:3:3:0:0:0:0:0:0:0:0:0:1:1:1:0:0:0:1:0:0:1:1:0:0:0:0:0:13:,15,27.0,1.0,
Q,0,14,explore:3:3:3:3:3:3:3:3:3:3:3:3:3:3:3:3:3:3:3:3:3:3:3:3:3:0:0:0:0:0:0:0:0:0:1:1:1:0:0:0:1:0:0:1:1:0:0:0:0:0:13:,13,0.0,1.0,
Q,0,14,explore:3:3:3:3:3:3:3:3:3:3:3:3:3:3:3:3:3:3:3:3:3:3:3:3:3:0:0:0:0:0:0:0:0:0:1:1:1:0:0:0:1:0:0:1:1:0:0:0:0:0:13:,14,57.0,1.0,
Q,0,14,explore:3:3:3:3:3:3:3:3:3:3:3:3:3:3:3:3:3:3:3:3:3:3:3:3:3:0:0:0:0:0:0:0:0:0:1:1:1:0:0:0:1:0:0:1:1:0:0:0:0:0:13:,23,26.6806640625,1.0,

Q,0,14,explore:3:3:3:3:3:3:3:3:3:3:3:2:3:3:2:2:3:3:2:2:3:3:3:3:3:0:0:0:0:0:0:1:0:0:1:0:1:0:1:0:0:0:0:1:1:0:0:0:0:0:13:,14,0.19,1.0,

Q,0,14,explore:3:3:3:3:3:3:3:3:3:3:3:3:3:3:2:3:3:3:3:3:3:3:3:3:3:0:0:0:0:0:0:0:0:0:0:1:0:0:0:1:0:0:0:1:0:0:0:0:0:0:13:,1,0.0,1.0,
Q,0,14,explore:3:3:3:3:3:3:3:3:3:3:3:3:3:3:2:3:3:3:3:3:3:3:3:3:3:0:0:0:0:0:0:0:0:0:0:1:0:0:0:1:0:0:0:1:0:0:0:0:0:0:13:,3,27.0,1.0,
Q,0,14,explore:3:3:3:3:3:3:3:3:3:3:3:3:3:3:2:3:3:3:3:3:3:3:3:3:3:0:0:0:0:0:0:0:0:0:0:1:0:0:0:1:0:0:0:1:0:0:0:0:0:0:13:,4,29.361328125,1.0,
Q,0,14,explore:3:3:3:3:3:3:3:3:3:3:3:3:3:3:2:3:3:3:3:3:3:3:3:3:3:0:0:0:0:0:0:0:0:0:0:1:0:0:0:1:0:0:0:1:0:0:0:0:0:0:13:,9,0.00583333333333,1.0,
Q,0,14,explore:3:3:3:3:3:3:3:3:3:3:3:3:3:3:2:3:3:3:3:3:3:3:3:3:3:0:0:0:0:0:0:0:0:0:0:1:0:0:0:1:0:0:0:1:0:0:0:0:0:0:13:,10,27.0,1.0,
Q,0,14,explore:3:3:3:3:3:3:3:3:3:3:3:3:3:3:2:3:3:3:3:3:3:3:3:3:3:0:0:0:0:0:0:0:0:0:0:1:0:0:0:1:0:0:0:1:0:0:0:0:0:0:13:,14,57.0354752604,1.0,
Q,0,14,explore:3:3:3:3:3:3:3:3:3:3:3:3:3:3:2:3:3:3:3:3:3:3:3:3:3:0:0:0:0:0:0:0:0:0:0:1:0:0:0:1:0:0:0:1:0:0:0:0:0:0:13:,15,0.141901041667,1.0,
Q,0,14,explore:3:3:3:3:3:3:3:3:3:3:3:3:3:3:2:3:3:3:3:3:3:3:3:3:3:0:0:0:0:0:0:0:0:0:0:1:0:0:0:1:0:0:0:1:0:0:0:0:0:0:13:,16,0.0,1.0,
Q,0,14,explore:3:3:3:3:3:3:3:3:3:3:3:3:3:3:2:3:3:3:3:3:3:3:3:3:3:0:0:0:0:0:0:0:0:0:0:1:0:0:0:1:0:0:0:1:0:0:0:0:0:0:13:,18,27.0001757813,1.0,
Q,0,14,explore:3:3:3:3:3:3:3:3:3:3:3:3:3:3:2:3:3:3:3:3:3:3:3:3:3:0:0:0:0:0:0:0:0:0:0:1:0:0:0:1:0:0:0:1:0:0:0:0:0:0:13:,26,0.0,1.0,


Q,0,15,explore:3:3:3:3:3:3:3:3:3:3:3:3:3:3:2:3:3:3:2:3:3:3:3:3:3:0:0:0:0:0:0:1:0:0:1:0:1:0:1:0:0:0:0:1:1:0:0:0:0:0:14:,11,27.0,1.0,
Q,0,15,explore:3:3:3:3:3:3:3:3:3:3:3:3:3:3:2:3:3:3:2:3:3:3:3:3:3:0:0:0:0:0:0:1:0:0:1:0:1:0:1:0:0:0:0:1:1:0:0:0:0:0:14:,2,0.84375,1.0,
Q,0,15,explore:3:3:3:3:3:3:3:3:3:3:3:3:3:3:2:3:3:3:2:3:3:3:3:3:3:0:0:0:0:0:0:1:0:0:1:0:1:0:1:0:0:0:0:1:1:0:0:0:0:0:14:,19,0.0333333333333,1.0,
Q,0,15,explore:3:3:3:3:3:3:3:3:3:3:3:3:3:3:2:3:3:3:2:3:3:3:3:3:3:0:0:0:0:0:0:1:0:0:1:0:1:0:1:0:0:0:0:1:1:0:0:0:0:0:14:,6,0.02375,1.0,
Q,0,15,explore:3:3:3:3:3:3:3:3:3:3:3:3:3:3:2:3:3:3:2:3:3:3:3:3:3:0:0:0:0:0:0:1:0:0:1:0:1:0:1:0:0:0:0:1:1:0:0:0:0:0:14:,15,40.0020833333,1.0,

Q,0,15,explore:3:3:3:3:3:3:3:3:3:3:3:3:3:3:2:3:3:3:3:3:3:3:3:3:3:0:0:0:0:0:0:0:0:0:0:1:0:0:0:1:0:0:0:1:0:0:0:0:0:0:14:,0,0.005625,1.0,
Q,0,15,explore:3:3:3:3:3:3:3:3:3:3:3:3:3:3:2:3:3:3:3:3:3:3:3:3:3:0:0:0:0:0:0:0:0:0:0:1:0:0:0:1:0:0:0:1:0:0:0:0:0:0:14:,4,61.265625,1.0,
Q,0,15,explore:3:3:3:3:3:3:3:3:3:3:3:3:3:3:2:3:3:3:3:3:3:3:3:3:3:0:0:0:0:0:0:0:0:0:0:1:0:0:0:1:0:0:0:1:0:0:0:0:0:0:14:,5,1.5,1.0,
Q,0,15,explore:3:3:3:3:3:3:3:3:3:3:3:3:3:3:2:3:3:3:3:3:3:3:3:3:3:0:0:0:0:0:0:0:0:0:0:1:0:0:0:1:0:0:0:1:0:0:0:0:0:0:14:,6,0.0,1.0,
Q,0,15,explore:3:3:3:3:3:3:3:3:3:3:3:3:3:3:2:3:3:3:3:3:3:3:3:3:3:0:0:0:0:0:0:0:0:0:0:1:0:0:0:1:0:0:0:1:0:0:0:0:0:0:14:,7,0.0,1.0,
Q,0,15,explore:3:3:3:3:3:3:3:3:3:3:3:3:3:3:2:3:3:3:3:3:3:3:3:3:3:0:0:0:0:0:0:0:0:0:0:1:0:0:0:1:0:0:0:1:0:0:0:0:0:0:14:,9,0.0,1.0,
Q,0,15,explore:3:3:3:3:3:3:3:3:3:3:3:3:3:3:2:3:3:3:3:3:3:3:3:3:3:0:0:0:0:0:0:0:0:0:0:1:0:0:0:1:0:0:0:1:0:0:0:0:0:0:14:,10,34.125,1.0,
Q,0,15,explore:3:3:3:3:3:3:3:3:3:3:3:3:3:3:2:3:3:3:3:3:3:3:3:3:3:0:0:0:0:0:0:0:0:0:0:1:0:0:0:1:0:0:0:1:0:0:0:0:0:0:14:,11,0.121875,1.0,
Q,0,15,explore:3:3:3:3:3:3:3:3:3:3:3:3:3:3:2:3:3:3:3:3:3:3:3:3:3:0:0:0:0:0:0:0:0:0:0:1:0:0:0:1:0:0:0:1:0:0:0:0:0:0:14:,12,3.05,1.0,
Q,0,15,explore:3:3:3:3:3:3:3:3:3:3:3:3:3:3:2:3:3:3:3:3:3:3:3:3:3:0:0:0:0:0:0:0:0:0:0:1:0:0:0:1:0:0:0:1:0:0:0:0:0:0:14:,13,70.125,1.0,
Q,0,15,explore:3:3:3:3:3:3:3:3:3:3:3:3:3:3:2:3:3:3:3:3:3:3:3:3:3:0:0:0:0:0:0:0:0:0:0:1:0:0:0:1:0:0:0:1:0:0:0:0:0:0:14:,14,31.5177376302,1.0,
Q,0,15,explore:3:3:3:3:3:3:3:3:3:3:3:3:3:3:2:3:3:3:3:3:3:3:3:3:3:0:0:0:0:0:0:0:0:0:0:1:0:0:0:1:0:0:0:1:0:0:0:0:0:0:14:,15,31.6510709635,1.0,
Q,0,15,explore:3:3:3:3:3:3:3:3:3:3:3:3:3:3:2:3:3:3:3:3:3:3:3:3:3:0:0:0:0:0:0:0:0:0:0:1:0:0:0:1:0:0:0:1:0:0:0:0:0:0:14:,16,30.0,1.0,
Q,0,15,explore:3:3:3:3:3:3:3:3:3:3:3:3:3:3:2:3:3:3:3:3:3:3:3:3:3:0:0:0:0:0:0:0:0:0:0:1:0:0:0:1:0:0:0:1:0:0:0:0:0:0:14:,19,0.09,1.0,
Q,0,15,explore:3:3:3:3:3:3:3:3:3:3:3:3:3:3:2:3:3:3:3:3:3:3:3:3:3:0:0:0:0:0:0:0:0:0:0:1:0:0:0:1:0:0:0:1:0:0:0:0:0:0:14:,20,21.0,1.0,
Q,0,15,explore:3:3:3:3:3:3:3:3:3:3:3:3:3:3:2:3:3:3:3:3:3:3:3:3:3:0:0:0:0:0:0:0:0:0:0:1:0:0:0:1:0:0:0:1:0:0:0:0:0:0:14:,21,0.0,1.0,
Q,0,15,explore:3:3:3:3:3:3:3:3:3:3:3:3:3:3:2:3:3:3:3:3:3:3:3:3:3:0:0:0:0:0:0:0:0:0:0:1:0:0:0:1:0:0:0:1:0:0:0:0:0:0:14:,23,0.0,1.0,
Q,0,15,explore:3:3:3:3:3:3:3:3:3:3:3:3:3:3:2:3:3:3:3:3:3:3:3:3:3:0:0:0:0:0:0:0:0:0:0:1:0:0:0:1:0:0:0:1:0:0:0:0:0:0:14:,24,0.0,1.0,
Q,0,15,explore:3:3:3:3:3:3:3:3:3:3:3:3:3:3:2:3:3:3:3:3:3:3:3:3:3:0:0:0:0:0:0:0:0:0:0:1:0:0:0:1:0:0:0:1:0:0:0:0:0:0:14:,25,57.0844140625,1.0,
Q,0,15,explore:3:3:3:3:3:3:3:3:3:3:3:3:3:3:2:3:3:3:3:3:3:3:3:3:3:0:0:0:0:0:0:0:0:0:0:1:0:0:0:1:0:0:0:1:0:0:0:0:0:0:14:,26,0.0,1.0,

Q,0,15,explore:3:3:3:3:3:3:3:3:3:3:3:3:3:3:3:3:3:3:3:3:3:3:3:3:3:0:0:0:0:0:0:0:0:0:0:1:0:0:0:1:0:0:0:1:0:0:0:0:0:0:14:,0,0.955078125,1.0,
Q,0,15,explore:3:3:3:3:3:3:3:3:3:3:3:3:3:3:3:3:3:3:3:3:3:3:3:3:3:0:0:0:0:0:0:0:0:0:0:1:0:0:0:1:0:0:0:1:0:0:0:0:0:0:14:,2,40.8369140625,1.0,
Q,0,15,explore:3:3:3:3:3:3:3:3:3:3:3:3:3:3:3:3:3:3:3:3:3:3:3:3:3:0:0:0:0:0:0:0:0:0:0:1:0:0:0:1:0:0:0:1:0:0:0:0:0:0:14:,3,64.1251171875,1.0,
Q,0,15,explore:3:3:3:3:3:3:3:3:3:3:3:3:3:3:3:3:3:3:3:3:3:3:3:3:3:0:0:0:0:0:0:0:0:0:0:1:0:0:0:1:0:0:0:1:0:0:0:0:0:0:14:,4,28.5,1.0,
Q,0,15,explore:3:3:3:3:3:3:3:3:3:3:3:3:3:3:3:3:3:3:3:3:3:3:3:3:3:0:0:0:0:0:0:0:0:0:0:1:0:0:0:1:0:0:0:1:0:0:0:0:0:0:14:,5,48.140625,1.0,
Q,0,15,explore:3:3:3:3:3:3:3:3:3:3:3:3:3:3:3:3:3:3:3:3:3:3:3:3:3:0:0:0:0:0:0:0:0:0:0:1:0:0:0:1:0:0:0:1:0:0:0:0:0:0:14:,6,3.375,1.0,
Q,0,15,explore:3:3:3:3:3:3:3:3:3:3:3:3:3:3:3:3:3:3:3:3:3:3:3:3:3:0:0:0:0:0:0:0:0:0:0:1:0:0:0:1:0:0:0:1:0:0:0:0:0:0:14:,9,3.8203125,1.0,
Q,0,15,explore:3:3:3:3:3:3:3:3:3:3:3:3:3:3:3:3:3:3:3:3:3:3:3:3:3:0:0:0:0:0:0:0:0:0:0:1:0:0:0:1:0:0:0:1:0:0:0:0:0:0:14:,11,0.3101171875,1.0,
Q,0,15,explore:3:3:3:3:3:3:3:3:3:3:3:3:3:3:3:3:3:3:3:3:3:3:3:3:3:0:0:0:0:0:0:0:0:0:0:1:0:0:0:1:0:0:0:1:0:0:0:0:0:0:14:,13,28.5,1.0,
Q,0,15,explore:3:3:3:3:3:3:3:3:3:3:3:3:3:3:3:3:3:3:3:3:3:3:3:3:3:0:0:0:0:0:0:0:0:0:0:1:0:0:0:1:0:0:0:1:0:0:0:0:0:0:14:,14,16.125,1.0,
Q,0,15,explore:3:3:3:3:3:3:3:3:3:3:3:3:3:3:3:3:3:3:3:3:3:3:3:3:3:0:0:0:0:0:0:0:0:0:0:1:0:0:0:1:0:0:0:1:0:0:0:0:0:0:14:,15,46.7556640625,1.0,
Q,0,15,explore:3:3:3:3:3:3:3:3:3:3:3:3:3:3:3:3:3:3:3:3:3:3:3:3:3:0:0:0:0:0:0:0:0:0:0:1:0:0:0:1:0:0:0:1:0:0:0:0:0:0:14:,16,3.5625,1.0,
Q,0,15,explore:3:3:3:3:3:3:3:3:3:3:3:3:3:3:3:3:3:3:3:3:3:3:3:3:3:0:0:0:0:0:0:0:0:0:0:1:0:0:0:1:0:0:0:1:0:0:0:0:0:0:14:,17,0.4775390625,1.0,
Q,0,15,explore:3:3:3:3:3:3:3:3:3:3:3:3:3:3:3:3:3:3:3:3:3:3:3:3:3:0:0:0:0:0:0:0:0:0:0:1:0:0:0:1:0:0:0:1:0:0:0:0:0:0:14:,18,46.5556640625,1.0,
Q,0,15,explore:3:3:3:3:3:3:3:3:3:3:3:3:3:3:3:3:3:3:3:3:3:3:3:3:3:0:0:0:0:0:0:0:0:0:0:1:0:0:0:1:0:0:0:1:0:0:0:0:0:0:14:,19,7.395,1.0,
Q,0,15,explore:3:3:3:3:3:3:3:3:3:3:3:3:3:3:3:3:3:3:3:3:3:3:3:3:3:0:0:0:0:0:0:0:0:0:0:1:0:0:0:1:0:0:0:1:0:0:0:0:0:0:14:,21,30.890625,1.0,
Q,0,15,explore:3:3:3:3:3:3:3:3:3:3:3:3:3:3:3:3:3:3:3:3:3:3:3:3:3:0:0:0:0:0:0:0:0:0:0:1:0:0:0:1:0:0:0:1:0:0:0:0:0:0:14:,22,0.0,1.0,
Q,0,15,explore:3:3:3:3:3:3:3:3:3:3:3:3:3:3:3:3:3:3:3:3:3:3:3:3:3:0:0:0:0:0:0:0:0:0:0:1:0:0:0:1:0:0:0:1:0:0:0:0:0:0:14:,24,0.0,1.0,
Q,0,15,explore:3:3:3:3:3:3:3:3:3:3:3:3:3:3:3:3:3:3:3:3:3:3:3:3:3:0:0:0:0:0:0:0:0:0:0:1:0:0:0:1:0:0:0:1:0:0:0:0:0:0:14:,25,71.625,1.0,
Q,0,15,explore:3:3:3:3:3:3:3:3:3:3:3:3:3:3:3:3:3:3:3:3:3:3:3:3:3:0:0:0:0:0:0:0:0:0:0:1:0:0:0:1:0:0:0:1:0:0:0:0:0:0:14:,26,28.5,1.0,

Q,0,15,explore:3:3:3:3:3:3:3:3:3:3:3:3:3:3:2:3:3:3:3:3:3:3:3:3:3:0:0:0:0:0:0:1:0:0:1:0:1:0:1:0:0:0:0:1:1:0:0:0:0:0:14:,16,24.0,1.0,
Q,0,15,explore:3:3:3:3:3:3:3:3:3:3:3:3:3:3:2:3:3:3:3:3:3:3:3:3:3:0:0:0:0:0:0:1:0:0:1:0:1:0:1:0:0:0:0:1:1:0:0:0:0:0:14:,25,0.02375,1.0,
Q,0,15,explore:3:3:3:3:3:3:3:3:3:3:3:3:3:3:2:3:3:3:3:3:3:3:3:3:3:0:0:0:0:0:0:1:0:0:1:0:1:0:1:0:0:0:0:1:1:0:0:0:0:0:14:,15,41.5,1.0,

Q,0,15,explore:3:3:3:3:3:3:3:3:3:3:3:2:3:2:2:2:3:3:2:2:3:3:3:3:3:0:0:0:0:0:0:1:0:0:1:0:1:0:1:0:0:0:0:1:1:0:0:0:0:0:14:,14,0.04125,1.0,
Q,0,15,explore:3:3:3:3:3:3:3:3:3:3:3:2:3:2:2:2:3:3:2:2:3:3:3:3:3:0:0:0:0:0:0:1:0:0:1:0:1:0:1:0:0:0:0:1:1:0:0:0:0:0:14:,15,40.00515625,1.0,

Q,0,15,explore:3:3:3:3:3:3:3:3:3:3:3:3:3:3:2:2:3:3:2:3:3:3:3:3:3:0:0:0:0:0:0:1:0:0:1:0:1:0:1:0:0:0:0:1:1:0:0:0:0:0:14:,12,0.09,1.0,
Q,0,15,explore:3:3:3:3:3:3:3:3:3:3:3:3:3:3:2:2:3:3:2:3:3:3:3:3:3:0:0:0:0:0:0:1:0:0:1:0:1:0:1:0:0:0:0:1:1:0:0:0:0:0:14:,15,40.01125,1.0,

Q,0,15,explore:3:3:3:3:3:3:3:3:3:3:3:2:3:3:2:2:3:3:2:2:3:3:3:3:3:0:0:0:0:0:0:1:0:0:1:0:1:0:1:0:0:0:0:1:1:0:0:0:0:0:14:,15,40.0,1.0,

Q,0,15,explore:3:3:3:3:3:3:3:3:3:3:3:3:3:3:2:2:3:3:2:2:3:3:3:3:3:0:0:0:0:0:0:1:0:0:1:0:1:0:1:0:0:0:0:1:1:0:0:0:0:0:14:,16,18.102890625,1.0,
Q,0,15,explore:3:3:3:3:3:3:3:3:3:3:3:3:3:3:2:2:3:3:2:2:3:3:3:3:3:0:0:0:0:0:0:1:0:0:1:0:1:0:1:0:0:0:0:1:1:0:0:0:0:0:14:,25,0.0,1.0,
Q,0,15,explore:3:3:3:3:3:3:3:3:3:3:3:3:3:3:2:2:3:3:2:2:3:3:3:3:3:0:0:0:0:0:0:1:0:0:1:0:1:0:1:0:0:0:0:1:1:0:0:0:0:0:14:,10,0.08,1.0,
Q,0,15,explore:3:3:3:3:3:3:3:3:3:3:3:3:3:3:2:2:3:3:2:2:3:3:3:3:3:0:0:0:0:0:0:1:0:0:1:0:1:0:1:0:0:0:0:1:1:0:0:0:0:0:14:,3,0.011875,1.0,
Q,0,15,explore:3:3:3:3:3:3:3:3:3:3:3:3:3:3:2:2:3:3:2:2:3:3:3:3:3:0:0:0:0:0:0:1:0:0:1:0:1:0:1:0:0:0:0:1:1:0:0:0:0:0:14:,15,40.0,1.0,

Q,0,15,explore:3:3:3:3:3:3:3:3:3:3:3:3:3:3:3:3:3:3:3:3:3:3:3:3:3:0:0:0:0:0:0:0:0:0:1:1:1:0:0:0:1:0:0:1:1:0:0:0:0:0:14:,0,0.0,1.0,
Q,0,15,explore:3:3:3:3:3:3:3:3:3:3:3:3:3:3:3:3:3:3:3:3:3:3:3:3:3:0:0:0:0:0:0:0:0:0:1:1:1:0:0:0:1:0:0:1:1:0:0:0:0:0:14:,1,0.0,1.0,
Q,0,15,explore:3:3:3:3:3:3:3:3:3:3:3:3:3:3:3:3:3:3:3:3:3:3:3:3:3:0:0:0:0:0:0:0:0:0:1:1:1:0:0:0:1:0:0:1:1:0:0:0:0:0:14:,2,30.000078125,1.0,
Q,0,15,explore:3:3:3:3:3:3:3:3:3:3:3:3:3:3:3:3:3:3:3:3:3:3:3:3:3:0:0:0:0:0:0:0:0:0:1:1:1:0:0:0:1:0:0:1:1:0:0:0:0:0:14:,3,7.125,1.0,
Q,0,15,explore:3:3:3:3:3:3:3:3:3:3:3:3:3:3:3:3:3:3:3:3:3:3:3:3:3:0:0:0:0:0:0:0:0:0:1:1:1:0:0:0:1:0:0:1:1:0:0:0:0:0:14:,4,0.0,1.0,
Q,0,15,explore:3:3:3:3:3:3:3:3:3:3:3:3:3:3:3:3:3:3:3:3:3:3:3:3:3:0:0:0:0:0:0:0:0:0:1:1:1:0:0:0:1:0:0:1:1:0:0:0:0:0:14:,5,30.0203125,1.0,
Q,0,15,explore:3:3:3:3:3:3:3:3:3:3:3:3:3:3:3:3:3:3:3:3:3:3:3:3:3:0:0:0:0:0:0:0:0:0:1:1:1:0:0:0:1:0:0:1:1:0:0:0:0:0:14:,6,0.2393359375,1.0,
Q,0,15,explore:3:3:3:3:3:3:3:3:3:3:3:3:3:3:3:3:3:3:3:3:3:3:3:3:3:0:0:0:0:0:0:0:0:0:1:1:1:0:0:0:1:0:0:1:1:0:0:0:0:0:14:,7,1.080625,1.0,
Q,0,15,explore:3:3:3:3:3:3:3:3:3:3:3:3:3:3:3:3:3:3:3:3:3:3:3:3:3:0:0:0:0:0:0:0:0:0:1:1:1:0:0:0:1:0:0:1:1:0:0:0:0:0:14:,8,0.0,1.0,
Q,0,15,explore:3:3:3:3:3:3:3:3:3:3:3:3:3:3:3:3:3:3:3:3:3:3:3:3:3:0:0:0:0:0:0:0:0:0:1:1:1:0:0:0:1:0:0:1:1:0:0:0:0:0:14:,9,4.360625,1.0,
Q,0,15,explore:3:3:3:3:3:3:3:3:3:3:3:3:3:3:3:3:3:3:3:3:3:3:3:3:3:0:0:0:0:0:0:0:0:0:1:1:1:0:0:0:1:0:0:1:1:0:0:0:0:0:14:,10,0.0,1.0,
Q,0,15,explore:3:3:3:3:3:3:3:3:3:3:3:3:3:3:3:3:3:3:3:3:3:3:3:3:3:0:0:0:0:0:0:0:0:0:1:1:1:0:0:0:1:0:0:1:1:0:0:0:0:0:14:,11,0.3946875,1.0,
Q,0,15,explore:3:3:3:3:3:3:3:3:3:3:3:3:3:3:3:3:3:3:3:3:3:3:3:3:3:0:0:0:0:0:0:0:0:0:1:1:1:0:0:0:1:0:0:1:1:0:0:0:0:0:14:,12,28.6051464844,1.0,
Q,0,15,explore:3:3:3:3:3:3:3:3:3:3:3:3:3:3:3:3:3:3:3:3:3:3:3:3:3:0:0:0:0:0:0:0:0:0:1:1:1:0:0:0:1:0:0:1:1:0:0:0:0:0:14:,13,0.0,1.0,
Q,0,15,explore:3:3:3:3:3:3:3:3:3:3:3:3:3:3:3:3:3:3:3:3:3:3:3:3:3:0:0:0:0:0:0:0:0:0:1:1:1:0:0:0:1:0:0:1:1:0:0:0:0:0:14:,14,53.6806640625,1.0,
Q,0,15,explore:3:3:3:3:3:3:3:3:3:3:3:3:3:3:3:3:3:3:3:3:3:3:3:3:3:0:0:0:0:0:0:0:0:0:1:1:1:0:0:0:1:0:0:1:1:0:0:0:0:0:14:,15,62.200625,2.0,
Q,0,15,explore:3:3:3:3:3:3:3:3:3:3:3:3:3:3:3:3:3:3:3:3:3:3:3:3:3:0:0:0:0:0:0:0:0:0:1:1:1:0:0:0:1:0:0:1:1:0:0:0:0:0:14:,16,1.104921875,1.0,
Q,0,15,explore:3:3:3:3:3:3:3:3:3:3:3:3:3:3:3:3:3:3:3:3:3:3:3:3:3:0:0:0:0:0:0:0:0:0:1:1:1:0:0:0:1:0:0:1:1:0:0:0:0:0:14:,17,27.75,2.0,
Q,0,15,explore:3:3:3:3:3:3:3:3:3:3:3:3:3:3:3:3:3:3:3:3:3:3:3:3:3:0:0:0:0:0:0:0:0:0:1:1:1:0:0:0:1:0:0:1:1:0:0:0:0:0:14:,18,27.0,1.0,
Q,0,15,explore:3:3:3:3:3:3:3:3:3:3:3:3:3:3:3:3:3:3:3:3:3:3:3:3:3:0:0:0:0:0:0:0:0:0:1:1:1:0:0:0:1:0:0:1:1:0:0:0:0:0:14:,19,30.12625,2.0,
Q,0,15,explore:3:3:3:3:3:3:3:3:3:3:3:3:3:3:3:3:3:3:3:3:3:3:3:3:3:0:0:0:0:0:0:0:0:0:1:1:1:0:0:0:1:0:0:1:1:0:0:0:0:0:14:,20,0.819375,1.0,
Q,0,15,explore:3:3:3:3:3:3:3:3:3:3:3:3:3:3:3:3:3:3:3:3:3:3:3:3:3:0:0:0:0:0:0:0:0:0:1:1:1:0:0:0:1:0:0:1:1:0:0:0:0:0:14:,21,0.0,1.0,
Q,0,15,explore:3:3:3:3:3:3:3:3:3:3:3:3:3:3:3:3:3:3:3:3:3:3:3:3:3:0:0:0:0:0:0:0:0:0:1:1:1:0:0:0:1:0:0:1:1:0:0:0:0:0:14:,22,0.0,1.0,
Q,0,15,explore:3:3:3:3:3:3:3:3:3:3:3:3:3:3:3:3:3:3:3:3:3:3:3:3:3:0:0:0:0:0:0:0:0:0:1:1:1:0:0:0:1:0:0:1:1:0:0:0:0:0:14:,23,13.5,1.0,
Q,0,15,explore:3:3:3:3:3:3:3:3:3:3:3:3:3:3:3:3:3:3:3:3:3:3:3:3:3:0:0:0:0:0:0:0:0:0:1:1:1:0:0:0:1:0:0:1:1:0:0:0:0:0:14:,24,0.0,1.0,
Q,0,15,explore:3:3:3:3:3:3:3:3:3:3:3:3:3:3:3:3:3:3:3:3:3:3:3:3:3:0:0:0:0:0:0:0:0:0:1:1:1:0:0:0:1:0:0:1:1:0:0:0:0:0:14:,25,0.00015625,1.0,
Q,0,15,explore:3:3:3:3:3:3:3:3:3:3:3:3:3:3:3:3:3:3:3:3:3:3:3:3:3:0:0:0:0:0:0:0:0:0:1:1:1:0:0:0:1:0:0:1:1:0:0:0:0:0:14:,26,0.0,1.0,


Q,0,16,explore:3:3:3:3:3:3:3:3:3:3:3:2:3:2:2:2:3:3:2:2:3:3:3:3:3:0:0:0:0:0:0:1:0:0:1:0:1:0:1:0:0:0:0:1:1:0:0:0:0:0:15:,2,28.5,1.0,
Q,0,16,explore:3:3:3:3:3:3:3:3:3:3:3:2:3:2:2:2:3:3:2:2:3:3:3:3:3:0:0:0:0:0:0:1:0:0:1:0:1:0:1:0:0:0:0:1:1:0:0:0:0:0:15:,5,0.00791666666667,1.0,
Q,0,16,explore:3:3:3:3:3:3:3:3:3:3:3:2:3:2:2:2:3:3:2:2:3:3:3:3:3:0:0:0:0:0:0:1:0:0:1:0:1:0:1:0:0:0:0:1:1:0:0:0:0:0:15:,7,0.000123697916667,1.0,
Q,0,16,explore:3:3:3:3:3:3:3:3:3:3:3:2:3:2:2:2:3:3:2:2:3:3:3:3:3:0:0:0:0:0:0:1:0:0:1:0:1:0:1:0:0:0:0:1:1:0:0:0:0:0:15:,8,5.12731119792,1.0,
Q,0,16,explore:3:3:3:3:3:3:3:3:3:3:3:2:3:2:2:2:3:3:2:2:3:3:3:3:3:0:0:0:0:0:0:1:0:0:1:0:1:0:1:0:0:0:0:1:1:0:0:0:0:0:15:,10,0.0,1.0,
Q,0,16,explore:3:3:3:3:3:3:3:3:3:3:3:2:3:2:2:2:3:3:2:2:3:3:3:3:3:0:0:0:0:0:0:1:0:0:1:0:1:0:1:0:0:0:0:1:1:0:0:0:0:0:15:,16,66.5,1.0,
Q,0,16,explore:3:3:3:3:3:3:3:3:3:3:3:2:3:2:2:2:3:3:2:2:3:3:3:3:3:0:0:0:0:0:0:1:0:0:1:0:1:0:1:0:0:0:0:1:1:0:0:0:0:0:15:,24,1.01729166667,1.0,

Q,0,16,explore:3:3:3:3:3:3:3:3:3:3:3:3:3:3:3:3:3:3:3:3:3:3:3:3:3:0:0:0:0:0:0:0:0:0:0:1:0:0:0:1:0:0:0:1:0:0:0:0:0:0:15:,16,57.0,1.0,
Q,0,16,explore:3:3:3:3:3:3:3:3:3:3:3:3:3:3:3:3:3:3:3:3:3:3:3:3:3:0:0:0:0:0:0:0:0:0:0:1:0:0:0:1:0:0:0:1:0:0:0:0:0:0:15:,0,0.4775390625,1.0,
Q,0,16,explore:3:3:3:3:3:3:3:3:3:3:3:3:3:3:3:3:3:3:3:3:3:3:3:3:3:0:0:0:0:0:0:0:0:0:0:1:0:0:0:1:0:0:0:1:0:0:0:0:0:0:15:,18,0.0009375,1.0,

Q,0,16,explore:3:3:3:3:3:3:3:3:3:3:3:3:3:3:2:3:3:3:3:3:3:3:3:3:3:0:0:0:0:0:0:1:0:0:1:0:1:0:1:0:0:0:0:1:1:0:0:0:0:0:15:,16,57.99734375,1.0,
Q,0,16,explore:3:3:3:3:3:3:3:3:3:3:3:3:3:3:2:3:3:3:3:3:3:3:3:3:3:0:0:0:0:0:0:1:0:0:1:0:1:0:1:0:0:0:0:1:1:0:0:0:0:0:15:,12,0.33296875,1.0,
Q,0,16,explore:3:3:3:3:3:3:3:3:3:3:3:3:3:3:2:3:3:3:3:3:3:3:3:3:3:0:0:0:0:0:0:1:0:0:1:0:1:0:1:0:0:0:0:1:1:0:0:0:0:0:15:,4,1.296875,1.0,
Q,0,16,explore:3:3:3:3:3:3:3:3:3:3:3:3:3:3:2:3:3:3:3:3:3:3:3:3:3:0:0:0:0:0:0:1:0:0:1:0:1:0:1:0:0:0:0:1:1:0:0:0:0:0:15:,5,0.99734375,1.0,
Q,0,16,explore:3:3:3:3:3:3:3:3:3:3:3:3:3:3:2:3:3:3:3:3:3:3:3:3:3:0:0:0:0:0:0:1:0:0:1:0:1:0:1:0:0:0:0:1:1:0:0:0:0:0:15:,22,0.6484375,1.0,

Q,0,16,explore:3:3:3:3:3:3:3:3:3:3:3:3:3:3:2:3:3:3:3:3:3:3:3:3:3:0:0:0:0:0:0:0:0:0:0:1:0:0:0:1:0:0:0:1:0:0:0:0:0:0:15:,0,0.0,1.0,
Q,0,16,explore:3:3:3:3:3:3:3:3:3:3:3:3:3:3:2:3:3:3:3:3:3:3:3:3:3:0:0:0:0:0:0:0:0:0:0:1:0:0:0:1:0:0:0:1:0:0:0:0:0:0:15:,2,29.390625,1.0,
Q,0,16,explore:3:3:3:3:3:3:3:3:3:3:3:3:3:3:2:3:3:3:3:3:3:3:3:3:3:0:0:0:0:0:0:0:0:0:0:1:0:0:0:1:0:0:0:1:0:0:0:0:0:0:15:,3,0.0,1.0,
Q,0,16,explore:3:3:3:3:3:3:3:3:3:3:3:3:3:3:2:3:3:3:3:3:3:3:3:3:3:0:0:0:0:0:0:0:0:0:0:1:0:0:0:1:0:0:0:1:0:0:0:0:0:0:15:,4,0.0,1.0,
Q,0,16,explore:3:3:3:3:3:3:3:3:3:3:3:3:3:3:2:3:3:3:3:3:3:3:3:3:3:0:0:0:0:0:0:0:0:0:0:1:0:0:0:1:0:0:0:1:0:0:0:0:0:0:15:,5,0.0,1.0,
Q,0,16,explore:3:3:3:3:3:3:3:3:3:3:3:3:3:3:2:3:3:3:3:3:3:3:3:3:3:0:0:0:0:0:0:0:0:0:0:1:0:0:0:1:0:0:0:1:0:0:0:0:0:0:15:,6,0.2109375,1.0,
Q,0,16,explore:3:3:3:3:3:3:3:3:3:3:3:3:3:3:2:3:3:3:3:3:3:3:3:3:3:0:0:0:0:0:0:0:0:0:0:1:0:0:0:1:0:0:0:1:0:0:0:0:0:0:15:,7,14.6806640625,1.0,
Q,0,16,explore:3:3:3:3:3:3:3:3:3:3:3:3:3:3:2:3:3:3:3:3:3:3:3:3:3:0:0:0:0:0:0:0:0:0:0:1:0:0:0:1:0:0:0:1:0:0:0:0:0:0:15:,8,0.0,1.0,
Q,0,16,explore:3:3:3:3:3:3:3:3:3:3:3:3:3:3:2:3:3:3:3:3:3:3:3:3:3:0:0:0:0:0:0:0:0:0:0:1:0:0:0:1:0:0:0:1:0:0:0:0:0:0:15:,9,86.625,1.0,
Q,0,16,explore:3:3:3:3:3:3:3:3:3:3:3:3:3:3:2:3:3:3:3:3:3:3:3:3:3:0:0:0:0:0:0:0:0:0:0:1:0:0:0:1:0:0:0:1:0:0:0:0:0:0:15:,10,13.5000878906,1.0,
Q,0,16,explore:3:3:3:3:3:3:3:3:3:3:3:3:3:3:2:3:3:3:3:3:3:3:3:3:3:0:0:0:0:0:0:0:0:0:0:1:0:0:0:1:0:0:0:1:0:0:0:0:0:0:15:,11,0.11,1.0,
Q,0,16,explore:3:3:3:3:3:3:3:3:3:3:3:3:3:3:2:3:3:3:3:3:3:3:3:3:3:0:0:0:0:0:0:0:0:0:0:1:0:0:0:1:0:0:0:1:0:0:0:0:0:0:15:,12,64.5205078125,1.0,
Q,0,16,explore:3:3:3:3:3:3:3:3:3:3:3:3:3:3:2:3:3:3:3:3:3:3:3:3:3:0:0:0:0:0:0:0:0:0:0:1:0:0:0:1:0:0:0:1:0:0:0:0:0:0:15:,13,6.0263671875,1.0,
Q,0,16,explore:3:3:3:3:3:3:3:3:3:3:3:3:3:3:2:3:3:3:3:3:3:3:3:3:3:0:0:0:0:0:0:0:0:0:0:1:0:0:0:1:0:0:0:1:0:0:0:0:0:0:15:,14,3.05,1.0,
Q,0,16,explore:3:3:3:3:3:3:3:3:3:3:3:3:3:3:2:3:3:3:3:3:3:3:3:3:3:0:0:0:0:0:0:0:0:0:0:1:0:0:0:1:0:0:0:1:0:0:0:0:0:0:15:,15,1.61333333333,1.0,
Q,0,16,explore:3:3:3:3:3:3:3:3:3:3:3:3:3:3:2:3:3:3:3:3:3:3:3:3:3:0:0:0:0:0:0:0:0:0:0:1:0:0:0:1:0:0:0:1:0:0:0:0:0:0:15:,16,57.0,1.0,
Q,0,16,explore:3:3:3:3:3:3:3:3:3:3:3:3:3:3:2:3:3:3:3:3:3:3:3:3:3:0:0:0:0:0:0:0:0:0:0:1:0:0:0:1:0:0:0:1:0:0:0:0:0:0:15:,18,6.75,1.0,
Q,0,16,explore:3:3:3:3:3:3:3:3:3:3:3:3:3:3:2:3:3:3:3:3:3:3:3:3:3:0:0:0:0:0:0:0:0:0:0:1:0:0:0:1:0:0:0:1:0:0:0:0:0:0:15:,19,28.971875,1.0,
Q,0,16,explore:3:3:3:3:3:3:3:3:3:3:3:3:3:3:2:3:3:3:3:3:3:3:3:3:3:0:0:0:0:0:0:0:0:0:0:1:0:0:0:1:0:0:0:1:0:0:0:0:0:0:15:,20,53.015625,1.0,
Q,0,16,explore:3:3:3:3:3:3:3:3:3:3:3:3:3:3:2:3:3:3:3:3:3:3:3:3:3:0:0:0:0:0:0:0:0:0:0:1:0:0:0:1:0:0:0:1:0:0:0:0:0:0:15:,21,63.375,1.0,
Q,0,16,explore:3:3:3:3:3:3:3:3:3:3:3:3:3:3:2:3:3:3:3:3:3:3:3:3:3:0:0:0:0:0:0:0:0:0:0:1:0:0:0:1:0:0:0:1:0:0:0:0:0:0:15:,22,15.0,1.0,
Q,0,16,explore:3:3:3:3:3:3:3:3:3:3:3:3:3:3:2:3:3:3:3:3:3:3:3:3:3:0:0:0:0:0:0:0:0:0:0:1:0:0:0:1:0:0:0:1:0:0:0:0:0:0:15:,23,9.11458333333e-05,1.0,
Q,0,16,explore:3:3:3:3:3:3:3:3:3:3:3:3:3:3:2:3:3:3:3:3:3:3:3:3:3:0:0:0:0:0:0:0:0:0:0:1:0:0:0:1:0:0:0:1:0:0:0:0:0:0:15:,24,0.0666666666667,1.0,
Q,0,16,explore:3:3:3:3:3:3:3:3:3:3:3:3:3:3:2:3:3:3:3:3:3:3:3:3:3:0:0:0:0:0:0:0:0:0:0:1:0:0:0:1:0:0:0:1:0:0:0:0:0:0:15:,25,0.421875,1.0,
Q,0,16,explore:3:3:3:3:3:3:3:3:3:3:3:3:3:3:2:3:3:3:3:3:3:3:3:3:3:0:0:0:0:0:0:0:0:0:0:1:0:0:0:1:0:0:0:1:0:0:0:0:0:0:15:,26,6.75,1.0,

Q,0,16,explore:3:3:3:3:3:3:3:3:3:3:3:3:3:3:3:3:3:3:3:3:3:3:3:3:3:0:0:0:0:0:0:0:0:0:1:1:1:0:0:0:1:0:0:1:1:0:0:0:0:0:15:,10,0.0,1.0,
Q,0,16,explore:3:3:3:3:3:3:3:3:3:3:3:3:3:3:3:3:3:3:3:3:3:3:3:3:3:0:0:0:0:0:0:0:0:0:1:1:1:0:0:0:1:0:0:1:1:0:0:0:0:0:15:,11,0.08,1.0,
Q,0,16,explore:3:3:3:3:3:3:3:3:3:3:3:3:3:3:3:3:3:3:3:3:3:3:3:3:3:0:0:0:0:0:0:0:0:0:1:1:1:0:0:0:1:0:0:1:1:0:0:0:0:0:15:,13,55.5,1.0,
Q,0,16,explore:3:3:3:3:3:3:3:3:3:3:3:3:3:3:3:3:3:3:3:3:3:3:3:3:3:0:0:0:0:0:0:0:0:0:1:1:1:0:0:0:1:0:0:1:1:0:0:0:0:0:15:,15,33.0,1.0,
Q,0,16,explore:3:3:3:3:3:3:3:3:3:3:3:3:3:3:3:3:3:3:3:3:3:3:3:3:3:0:0:0:0:0:0:0:0:0:1:1:1:0:0:0:1:0:0:1:1:0:0:0:0:0:15:,16,4.315,1.0,
Q,0,16,explore:3:3:3:3:3:3:3:3:3:3:3:3:3:3:3:3:3:3:3:3:3:3:3:3:3:0:0:0:0:0:0:0:0:0:1:1:1:0:0:0:1:0:0:1:1:0:0:0:0:0:15:,17,0.0,1.0,
Q,0,16,explore:3:3:3:3:3:3:3:3:3:3:3:3:3:3:3:3:3:3:3:3:3:3:3:3:3:0:0:0:0:0:0:0:0:0:1:1:1:0:0:0:1:0:0:1:1:0:0:0:0:0:15:,21,39.0,1.0,
Q,0,16,explore:3:3:3:3:3:3:3:3:3:3:3:3:3:3:3:3:3:3:3:3:3:3:3:3:3:0:0:0:0:0:0:0:0:0:1:1:1:0:0:0:1:0:0:1:1:0:0:0:0:0:15:,22,0.0,1.0,
Q,0,16,explore:3:3:3:3:3:3:3:3:3:3:3:3:3:3:3:3:3:3:3:3:3:3:3:3:3:0:0:0:0:0:0:0:0:0:1:1:1:0:0:0:1:0:0:1:1:0:0:0:0:0:15:,23,1.014921875,1.0,
Q,0,16,explore:3:3:3:3:3:3:3:3:3:3:3:3:3:3:3:3:3:3:3:3:3:3:3:3:3:0:0:0:0:0:0:0:0:0:1:1:1:0:0:0:1:0:0:1:1:0:0:0:0:0:15:,24,0.0,1.0,
Q,0,16,explore:3:3:3:3:3:3:3:3:3:3:3:3:3:3:3:3:3:3:3:3:3:3:3:3:3:0:0:0:0:0:0:0:0:0:1:1:1:0:0:0:1:0:0:1:1:0:0:0:0:0:15:,25,0.0,1.0,

Q,0,16,explore:3:3:3:3:3:3:3:3:3:3:3:2:3:3:2:2:3:3:2:2:3:3:3:3:3:0:0:0:0:0:0:1:0:0:1:0:1:0:1:0:0:0:0:1:1:0:0:0:0:0:15:,9,57.0390625,1.0,
Q,0,16,explore:3:3:3:3:3:3:3:3:3:3:3:2:3:3:2:2:3:3:2:2:3:3:3:3:3:0:0:0:0:0:0:1:0:0:1:0:1:0:1:0:0:0:0:1:1:0:0:0:0:0:15:,12,7.37175130208,1.0,
Q,0,16,explore:3:3:3:3:3:3:3:3:3:3:3:2:3:3:2:2:3:3:2:2:3:3:3:3:3:0:0:0:0:0:0:1:0:0:1:0:1:0:1:0:0:0:0:1:1:0:0:0:0:0:15:,16,38.0171126302,1.0,
Q,0,16,explore:3:3:3:3:3:3:3:3:3:3:3:2:3:3:2:2:3:3:2:2:3:3:3:3:3:0:0:0:0:0:0:1:0:0:1:0:1:0:1:0:0:0:0:1:1:0:0:0:0:0:15:,18,0.0342252604167,1.0,
Q,0,16,explore:3:3:3:3:3:3:3:3:3:3:3:2:3:3:2:2:3:3:2:2:3:3:3:3:3:0:0:0:0:0:0:1:0:0:1:0:1:0:1:0:0:0:0:1:1:0:0:0:0:0:15:,21,64.125,1.0,
Q,0,16,explore:3:3:3:3:3:3:3:3:3:3:3:2:3:3:2:2:3:3:2:2:3:3:3:3:3:0:0:0:0:0:0:1:0:0:1:0:1:0:1:0:0:0:0:1:1:0:0:0:0:0:15:,24,7.25166666667,1.0,
Q,0,16,explore:3:3:3:3:3:3:3:3:3:3:3:2:3:3:2:2:3:3:2:2:3:3:3:3:3:0:0:0:0:0:0:1:0:0:1:0:1:0:1:0:0:0:0:1:1:0:0:0:0:0:15:,26,0.0171126302083,1.0,

Q,0,16,explore:3:3:3:3:3:3:3:3:3:3:3:3:3:3:2:3:3:3:2:3:3:3:3:3:3:0:0:0:0:0:0:1:0:0:1:0:1:0:1:0:0:0:0:1:1:0:0:0:0:0:15:,1,57.0238736979,1.0,
Q,0,16,explore:3:3:3:3:3:3:3:3:3:3:3:3:3:3:2:3:3:3:2:3:3:3:3:3:3:0:0:0:0:0:0:1:0:0:1:0:1:0:1:0:0:0:0:1:1:0:0:0:0:0:15:,5,5.015625,1.0,
Q,0,16,explore:3:3:3:3:3:3:3:3:3:3:3:3:3:3:2:3:3:3:2:3:3:3:3:3:3:0:0:0:0:0:0:1:0:0:1:0:1:0:1:0:0:0:0:1:1:0:0:0:0:0:15:,6,0.060185546875,1.0,
Q,0,16,explore:3:3:3:3:3:3:3:3:3:3:3:3:3:3:2:3:3:3:2:3:3:3:3:3:3:0:0:0:0:0:0:1:0:0:1:0:1:0:1:0:0:0:0:1:1:0:0:0:0:0:15:,8,0.720032552083,1.0,
Q,0,16,explore:3:3:3:3:3:3:3:3:3:3:3:3:3:3:2:3:3:3:2:3:3:3:3:3:3:0:0:0:0:0:0:1:0:0:1:0:1:0:1:0:0:0:0:1:1:0:0:0:0:0:15:,10,10.03125,1.0,
Q,0,16,explore:3:3:3:3:3:3:3:3:3:3:3:3:3:3:2:3:3:3:2:3:3:3:3:3:3:0:0:0:0:0:0:1:0:0:1:0:1:0:1:0:0:0:0:1:1:0:0:0:0:0:15:,14,0.0059375,1.0,
Q,0,16,explore:3:3:3:3:3:3:3:3:3:3:3:3:3:3:2:3:3:3:2:3:3:3:3:3:3:0:0:0:0:0:0:1:0:0:1:0:1:0:1:0:0:0:0:1:1:0:0:0:0:0:15:,16,57.7200325521,1.0,
Q,0,16,explore:3:3:3:3:3:3:3:3:3:3:3:3:3:3:2:3:3:3:2:3:3:3:3:3:3:0:0:0:0:0:0:1:0:0:1:0:1:0:1:0:0:0:0:1:1:0:0:0:0:0:15:,20,0.461875,1.0,
Q,0,16,explore:3:3:3:3:3:3:3:3:3:3:3:3:3:3:2:3:3:3:2:3:3:3:3:3:3:0:0:0:0:0:0:1:0:0:1:0:1:0:1:0:0:0:0:1:1:0:0:0:0:0:15:,21,9.00296875,1.0,
Q,0,16,explore:3:3:3:3:3:3:3:3:3:3:3:3:3:3:2:3:3:3:2:3:3:3:3:3:3:0:0:0:0:0:0:1:0:0:1:0:1:0:1:0:0:0:0:1:1:0:0:0:0:0:15:,24,0.011875,1.0,
Q,0,16,explore:3:3:3:3:3:3:3:3:3:3:3:3:3:3:2:3:3:3:2:3:3:3:3:3:3:0:0:0:0:0:0:1:0:0:1:0:1:0:1:0:0:0:0:1:1:0:0:0:0:0:15:,25,57.0001855469,1.0,
Q,0,16,explore:3:3:3:3:3:3:3:3:3:3:3:3:3:3:2:3:3:3:2:3:3:3:3:3:3:0:0:0:0:0:0:1:0:0:1:0:1:0:1:0:0:0:0:1:1:0:0:0:0:0:15:,26,0.001484375,1.0,

Q,0,16,explore:3:3:3:3:3:3:3:3:3:3:3:3:3:3:2:2:3:3:2:3:3:3:3:3:3:0:0:0:0:0:0:1:0:0:1:0:1:0:1:0:0:0:0:1:1:0:0:0:0:0:15:,16,73.390625,1.0,
Q,0,16,explore:3:3:3:3:3:3:3:3:3:3:3:3:3:3:2:2:3:3:2:3:3:3:3:3:3:0:0:0:0:0:0:1:0:0:1:0:1:0:1:0:0:0:0:1:1:0:0:0:0:0:15:,8,5.19140625,1.0,
Q,0,16,explore:3:3:3:3:3:3:3:3:3:3:3:3:3:3:2:2:3:3:2:3:3:3:3:3:3:0:0:0:0:0:0:1:0:0:1:0:1:0:1:0:0:0:0:1:1:0:0:0:0:0:15:,21,35.390625,1.0,

Q,0,16,explore:3:3:3:3:3:3:3:3:3:3:3:3:3:3:2:2:3:3:2:2:3:3:3:3:3:0:0:0:0:0:0:1:0:0:1:0:1:0:1:0:0:0:0:1:1:0:0:0:0:0:15:,0,0.02,1.0,
Q,0,16,explore:3:3:3:3:3:3:3:3:3:3:3:3:3:3:2:2:3:3:2:2:3:3:3:3:3:0:0:0:0:0:0:1:0:0:1:0:1:0:1:0:0:0:0:1:1:0:0:0:0:0:15:,1,22.125,1.0,
Q,0,16,explore:3:3:3:3:3:3:3:3:3:3:3:3:3:3:2:2:3:3:2:2:3:3:3:3:3:0:0:0:0:0:0:1:0:0:1:0:1:0:1:0:0:0:0:1:1:0:0:0:0:0:15:,2,7.126875,1.0,
Q,0,16,explore:3:3:3:3:3:3:3:3:3:3:3:3:3:3:2:2:3:3:2:2:3:3:3:3:3:0:0:0:0:0:0:1:0:0:1:0:1:0:1:0:0:0:0:1:1:0:0:0:0:0:15:,6,0.095185546875,1.0,
Q,0,16,explore:3:3:3:3:3:3:3:3:3:3:3:3:3:3:2:2:3:3:2:2:3:3:3:3:3:0:0:0:0:0:0:1:0:0:1:0:1:0:1:0:0:0:0:1:1:0:0:0:0:0:15:,7,0.01,1.0,
Q,0,16,explore:3:3:3:3:3:3:3:3:3:3:3:3:3:3:2:2:3:3:2:2:3:3:3:3:3:0:0:0:0:0:0:1:0:0:1:0:1:0:1:0:0:0:0:1:1:0:0:0:0:0:15:,8,7.31512695313,1.0,
Q,0,16,explore:3:3:3:3:3:3:3:3:3:3:3:3:3:3:2:2:3:3:2:2:3:3:3:3:3:0:0:0:0:0:0:1:0:0:1:0:1:0:1:0:0:0:0:1:1:0:0:0:0:0:15:,9,64.1806640625,1.0,
Q,0,16,explore:3:3:3:3:3:3:3:3:3:3:3:3:3:3:2:2:3:3:2:2:3:3:3:3:3:0:0:0:0:0:0:1:0:0:1:0:1:0:1:0:0:0:0:1:1:0:0:0:0:0:15:,16,38.0682291667,1.0,
Q,0,16,explore:3:3:3:3:3:3:3:3:3:3:3:3:3:3:2:2:3:3:2:2:3:3:3:3:3:0:0:0:0:0:0:1:0:0:1:0:1:0:1:0:0:0:0:1:1:0:0:0:0:0:15:,18,9.0514453125,1.0,
Q,0,16,explore:3:3:3:3:3:3:3:3:3:3:3:3:3:3:2:2:3:3:2:2:3:3:3:3:3:0:0:0:0:0:0:1:0:0:1:0:1:0:1:0:0:0:0:1:1:0:0:0:0:0:15:,19,0.4115625,1.0,
Q,0,16,explore:3:3:3:3:3:3:3:3:3:3:3:3:3:3:2:2:3:3:2:2:3:3:3:3:3:0:0:0:0:0:0:1:0:0:1:0:1:0:1:0:0:0:0:1:1:0:0:0:0:0:15:,20,0.136458333333,1.0,
Q,0,16,explore:3:3:3:3:3:3:3:3:3:3:3:3:3:3:2:2:3:3:2:2:3:3:3:3:3:0:0:0:0:0:0:1:0:0:1:0:1:0:1:0:0:0:0:1:1:0:0:0:0:0:15:,21,73.1251236979,1.0,
Q,0,16,explore:3:3:3:3:3:3:3:3:3:3:3:3:3:3:2:2:3:3:2:2:3:3:3:3:3:0:0:0:0:0:0:1:0:0:1:0:1:0:1:0:0:0:0:1:1:0:0:0:0:0:15:,26,0.0682291666667,1.0,


Q,0,17,explore:3:3:3:3:3:3:3:3:3:3:3:3:3:3:2:2:3:3:2:2:3:3:3:3:3:0:0:0:0:0:0:1:0:0:1:0:1:0:1:0:0:0:0:1:1:0:0:0:0:0:16:,17,57.001015625,1.0,
Q,0,17,explore:3:3:3:3:3:3:3:3:3:3:3:3:3:3:2:2:3:3:2:2:3:3:3:3:3:0:0:0:0:0:0:1:0:0:1:0:1:0:1:0:0:0:0:1:1:0:0:0:0:0:16:,1,0.008125,1.0,

Q,0,17,explore:3:3:3:3:3:3:3:3:3:3:3:2:3:3:2:2:3:3:2:2:3:3:3:3:3:0:0:0:0:0:0:1:0:0:1:0:1:0:1:0:0:0:0:1:1:0:0:0:0:0:16:,17,57.0006770833,1.0,
Q,0,17,explore:3:3:3:3:3:3:3:3:3:3:3:2:3:3:2:2:3:3:2:2:3:3:3:3:3:0:0:0:0:0:0:1:0:0:1:0:1:0:1:0:0:0:0:1:1:0:0:0:0:0:16:,22,0.00541666666667,1.0,
Q,0,17,explore:3:3:3:3:3:3:3:3:3:3:3:2:3:3:2:2:3:3:2:2:3:3:3:3:3:0:0:0:0:0:0:1:0:0:1:0:1:0:1:0:0:0:0:1:1:0:0:0:0:0:16:,1,0.3125,1.0,

Q,0,17,explore:3:3:3:3:3:3:3:3:3:3:3:3:3:3:3:3:3:3:3:3:3:3:3:3:3:0:0:0:0:0:0:0:0:0:0:1:0:0:0:1:0:0:0:1:0:0:0:0:0:0:16:,17,61.78125,1.0,
Q,0,17,explore:3:3:3:3:3:3:3:3:3:3:3:3:3:3:3:3:3:3:3:3:3:3:3:3:3:0:0:0:0:0:0:0:0:0:0:1:0:0:0:1:0:0:0:1:0:0:0:0:0:0:16:,21,19.125,1.0,

Q,0,17,explore:3:3:3:3:3:3:3:3:3:3:3:3:3:3:3:3:3:3:3:3:3:3:3:3:3:0:0:0:0:0:0:0:0:0:1:1:1:0:0:0:1:0:0:1:1:0:0:0:0:0:16:,3,0.005,1.0,
Q,0,17,explore:3:3:3:3:3:3:3:3:3:3:3:3:3:3:3:3:3:3:3:3:3:3:3:3:3:0:0:0:0:0:0:0:0:0:1:1:1:0:0:0:1:0:0:1:1:0:0:0:0:0:16:,8,0.0,1.0,
Q,0,17,explore:3:3:3:3:3:3:3:3:3:3:3:3:3:3:3:3:3:3:3:3:3:3:3:3:3:0:0:0:0:0:0:0:0:0:1:1:1:0:0:0:1:0:0:1:1:0:0:0:0:0:16:,11,0.0,1.0,
Q,0,17,explore:3:3:3:3:3:3:3:3:3:3:3:3:3:3:3:3:3:3:3:3:3:3:3:3:3:0:0:0:0:0:0:0:0:0:1:1:1:0:0:0:1:0:0:1:1:0:0:0:0:0:16:,12,0.121171875,1.0,
Q,0,17,explore:3:3:3:3:3:3:3:3:3:3:3:3:3:3:3:3:3:3:3:3:3:3:3:3:3:0:0:0:0:0:0:0:0:0:1:1:1:0:0:0:1:0:0:1:1:0:0:0:0:0:16:,14,0.0,1.0,
Q,0,17,explore:3:3:3:3:3:3:3:3:3:3:3:3:3:3:3:3:3:3:3:3:3:3:3:3:3:0:0:0:0:0:0:0:0:0:1:1:1:0:0:0:1:0:0:1:1:0:0:0:0:0:16:,17,57.0302929687,1.0,

Q,0,17,explore:3:3:3:3:3:3:3:3:3:3:3:2:3:2:2:2:3:3:2:2:3:3:3:3:3:0:0:0:0:0:0:1:0:0:1:0:1:0:1:0:0:0:0:1:1:0:0:0:0:0:16:,17,57.0,1.0,
Q,0,17,explore:3:3:3:3:3:3:3:3:3:3:3:2:3:2:2:2:3:3:2:2:3:3:3:3:3:0:0:0:0:0:0:1:0:0:1:0:1:0:1:0:0:0:0:1:1:0:0:0:0:0:16:,19,0.0,1.0,

Q,0,17,explore:3:3:3:3:3:3:3:3:3:3:3:3:3:3:2:2:3:3:2:3:3:3:3:3:3:0:0:0:0:0:0:1:0:0:1:0:1:0:1:0:0:0:0:1:1:0:0:0:0:0:16:,17,57.0,1.0,
Q,0,17,explore:3:3:3:3:3:3:3:3:3:3:3:3:3:3:2:2:3:3:2:3:3:3:3:3:3:0:0:0:0:0:0:1:0:0:1:0:1:0:1:0:0:0:0:1:1:0:0:0:0:0:16:,22,0.0,1.0,


Q,0,18,explore:3:3:3:3:3:3:3:3:3:3:3:3:3:3:3:3:3:3:3:3:3:3:3:3:3:0:0:0:0:0:0:0:0:0:0:1:0:0:0:1:0:0:0:1:0:0:0:0:0:0:17:,4,48.140625,1.0,
Q,0,18,explore:3:3:3:3:3:3:3:3:3:3:3:3:3:3:3:3:3:3:3:3:3:3:3:3:3:0:0:0:0:0:0:0:0:0:0:1:0:0:0:1:0:0:0:1:0:0:0:0:0:0:17:,11,0.4453125,1.0,
Q,0,18,explore:3:3:3:3:3:3:3:3:3:3:3:3:3:3:3:3:3:3:3:3:3:3:3:3:3:0:0:0:0:0:0:0:0:0:0:1:0:0:0:1:0:0:0:1:0:0:0:0:0:0:17:,17,0.0,1.0,
Q,0,18,explore:3:3:3:3:3:3:3:3:3:3:3:3:3:3:3:3:3:3:3:3:3:3:3:3:3:0:0:0:0:0:0:0:0:0:0:1:0:0:0:1:0:0:0:1:0:0:0:0:0:0:17:,18,57.111328125,1.0,
Q,0,18,explore:3:3:3:3:3:3:3:3:3:3:3:3:3:3:3:3:3:3:3:3:3:3:3:3:3:0:0:0:0:0:0:0:0:0:0:1:0:0:0:1:0:0:0:1:0:0:0:0:0:0:17:,24,28.5,1.0,
Q,0,18,explore:3:3:3:3:3:3:3:3:3:3:3:3:3:3:3:3:3:3:3:3:3:3:3:3:3:0:0:0:0:0:0:0:0:0:0:1:0:0:0:1:0:0:0:1:0:0:0:0:0:0:17:,25,0.0,1.0,

Q,0,18,explore:3:3:3:3:3:3:3:3:3:3:3:3:3:3:2:3:3:3:3:3:3:3:3:3:3:0:0:0:0:0:0:0:0:0:0:1:0:0:0:1:0:0:0:1:0:0:0:0:0:0:17:,18,61.265625,1.0,
Q,0,18,explore:3:3:3:3:3:3:3:3:3:3:3:3:3:3:2:3:3:3:3:3:3:3:3:3:3:0:0:0:0:0:0:0:0:0:0:1:0:0:0:1:0:0:0:1:0:0:0:0:0:0:17:,11,0.000703125,1.0,
Q,0,18,explore:3:3:3:3:3:3:3:3:3:3:3:3:3:3:2:3:3:3:3:3:3:3:3:3:3:0:0:0:0:0:0:0:0:0:0:1:0:0:0:1:0:0:0:1:0:0:0:0:0:0:17:,12,0.0,1.0,
Q,0,18,explore:3:3:3:3:3:3:3:3:3:3:3:3:3:3:2:3:3:3:3:3:3:3:3:3:3:0:0:0:0:0:0:0:0:0:0:1:0:0:0:1:0:0:0:1:0:0:0:0:0:0:17:,22,3.0,1.0,
Q,0,18,explore:3:3:3:3:3:3:3:3:3:3:3:3:3:3:2:3:3:3:3:3:3:3:3:3:3:0:0:0:0:0:0:0:0:0:0:1:0:0:0:1:0:0:0:1:0:0:0:0:0:0:17:,7,8.53125,1.0,

Q,0,18,explore:3:3:3:3:3:3:3:3:3:3:3:3:3:3:3:3:3:3:3:3:3:3:3:3:3:0:0:0:0:0:0:0:0:0:1:1:1:0:0:0:1:0:0:1:1:0:0:0:0:0:17:,0,0.0,1.0,
Q,0,18,explore:3:3:3:3:3:3:3:3:3:3:3:3:3:3:3:3:3:3:3:3:3:3:3:3:3:0:0:0:0:0:0:0:0:0:1:1:1:0:0:0:1:0:0:1:1:0:0:0:0:0:17:,9,0.0,1.0,
Q,0,18,explore:3:3:3:3:3:3:3:3:3:3:3:3:3:3:3:3:3:3:3:3:3:3:3:3:3:0:0:0:0:0:0:0:0:0:1:1:1:0:0:0:1:0:0:1:1:0:0:0:0:0:17:,13,0.0,1.0,
Q,0,18,explore:3:3:3:3:3:3:3:3:3:3:3:3:3:3:3:3:3:3:3:3:3:3:3:3:3:0:0:0:0:0:0:0:0:0:1:1:1:0:0:0:1:0:0:1:1:0:0:0:0:0:17:,14,30.0,1.0,
Q,0,18,explore:3:3:3:3:3:3:3:3:3:3:3:3:3:3:3:3:3:3:3:3:3:3:3:3:3:0:0:0:0:0:0:0:0:0:1:1:1:0:0:0:1:0:0:1:1:0:0:0:0:0:17:,16,30.0203125,1.0,
Q,0,18,explore:3:3:3:3:3:3:3:3:3:3:3:3:3:3:3:3:3:3:3:3:3:3:3:3:3:0:0:0:0:0:0:0:0:0:1:1:1:0:0:0:1:0:0:1:1:0:0:0:0:0:17:,18,58.875,1.0,


Q,0,19,explore:3:3:3:3:3:3:3:3:3:3:3:2:3:2:2:2:3:3:2:2:3:3:3:3:3:0:0:0:0:0:0:1:0:0:1:0:1:0:1:0:0:0:0:1:1:0:0:0:0:0:18:,19,0.126666666667,1.0,

Q,0,19,explore:3:3:3:3:3:3:3:3:3:3:3:3:3:3:2:3:3:3:3:3:3:3:3:3:3:0:0:0:0:0:0:0:0:0:0:1:0:0:0:1:0:0:0:1:0:0:0:0:0:0:18:,2,0.0,1.0,
Q,0,19,explore:3:3:3:3:3:3:3:3:3:3:3:3:3:3:2:3:3:3:3:3:3:3:3:3:3:0:0:0:0:0:0:0:0:0:0:1:0:0:0:1:0:0:0:1:0:0:0:0:0:0:18:,6,3.375,1.0,
Q,0,19,explore:3:3:3:3:3:3:3:3:3:3:3:3:3:3:2:3:3:3:3:3:3:3:3:3:3:0:0:0:0:0:0:0:0:0:0:1:0:0:0:1:0:0:0:1:0:0:0:0:0:0:18:,10,0.000729166666667,1.0,
Q,0,19,explore:3:3:3:3:3:3:3:3:3:3:3:3:3:3:2:3:3:3:3:3:3:3:3:3:3:0:0:0:0:0:0:0:0:0:0:1:0:0:0:1:0:0:0:1:0:0:0:0:0:0:18:,11,15.0,1.0,
Q,0,19,explore:3:3:3:3:3:3:3:3:3:3:3:3:3:3:2:3:3:3:3:3:3:3:3:3:3:0:0:0:0:0:0:0:0:0:0:1:0:0:0:1:0:0:0:1:0:0:0:0:0:0:18:,12,3.5625,1.0,
Q,0,19,explore:3:3:3:3:3:3:3:3:3:3:3:3:3:3:2:3:3:3:3:3:3:3:3:3:3:0:0:0:0:0:0:0:0:0:0:1:0:0:0:1:0:0:0:1:0:0:0:0:0:0:18:,18,27.0,1.0,
Q,0,19,explore:3:3:3:3:3:3:3:3:3:3:3:3:3:3:2:3:3:3:3:3:3:3:3:3:3:0:0:0:0:0:0:0:0:0:0:1:0:0:0:1:0:0:0:1:0:0:0:0:0:0:18:,19,0.6353125,1.0,
Q,0,19,explore:3:3:3:3:3:3:3:3:3:3:3:3:3:3:2:3:3:3:3:3:3:3:3:3:3:0:0:0:0:0:0:0:0:0:0:1:0:0:0:1:0:0:0:1:0:0:0:0:0:0:18:,22,9.11458333333e-05,1.0,
Q,0,19,explore:3:3:3:3:3:3:3:3:3:3:3:3:3:3:2:3:3:3:3:3:3:3:3:3:3:0:0:0:0:0:0:0:0:0:0:1:0:0:0:1:0:0:0:1:0:0:0:0:0:0:18:,23,28.921875,1.0,
Q,0,19,explore:3:3:3:3:3:3:3:3:3:3:3:3:3:3:2:3:3:3:3:3:3:3:3:3:3:0:0:0:0:0:0:0:0:0:0:1:0:0:0:1:0:0:0:1:0:0:0:0:0:0:18:,24,13.5,1.0,
Q,0,19,explore:3:3:3:3:3:3:3:3:3:3:3:3:3:3:2:3:3:3:3:3:3:3:3:3:3:0:0:0:0:0:0:0:0:0:0:1:0:0:0:1:0:0:0:1:0:0:0:0:0:0:18:,25,0.0,1.0,

Q,0,19,explore:3:3:3:3:3:3:3:3:3:3:3:2:3:3:2:2:3:3:2:2:3:3:3:3:3:0:0:0:0:0:0:1:0:0:1:0:1:0:1:0:0:0:0:1:1:0:0:0:0:0:18:,0,0.0,1.0,
Q,0,19,explore:3:3:3:3:3:3:3:3:3:3:3:2:3:3:2:2:3:3:2:2:3:3:3:3:3:0:0:0:0:0:0:1:0:0:1:0:1:0:1:0:0:0:0:1:1:0:0:0:0:0:18:,19,0.136901041667,1.0,
Q,0,19,explore:3:3:3:3:3:3:3:3:3:3:3:2:3:3:2:2:3:3:2:2:3:3:3:3:3:0:0:0:0:0:0:1:0:0:1:0:1:0:1:0:0:0:0:1:1:0:0:0:0:0:18:,14,0.081875,1.0,

Q,0,19,explore:3:3:3:3:3:3:3:3:3:3:3:3:3:3:2:3:3:3:2:3:3:3:3:3:3:0:0:0:0:0:0:1:0:0:1:0:1:0:1:0:0:0:0:1:1:0:0:0:0:0:18:,8,5.015625,1.0,
Q,0,19,explore:3:3:3:3:3:3:3:3:3:3:3:3:3:3:2:3:3:3:2:3:3:3:3:3:3:0:0:0:0:0:0:1:0:0:1:0:1:0:1:0:0:0:0:1:1:0:0:0:0:0:18:,19,0.126666666667,1.0,

Q,0,19,explore:3:3:3:3:3:3:3:3:3:3:3:3:3:3:2:2:3:3:2:2:3:3:3:3:3:0:0:0:0:0:0:1:0:0:1:0:1:0:1:0:0:0:0:1:1:0:0:0:0:0:18:,0,9.0514453125,1.0,
Q,0,19,explore:3:3:3:3:3:3:3:3:3:3:3:3:3:3:2:2:3:3:2:2:3:3:3:3:3:0:0:0:0:0:0:1:0:0:1:0:1:0:1:0:0:0:0:1:1:0:0:0:0:0:18:,25,2.8125,1.0,
Q,0,19,explore:3:3:3:3:3:3:3:3:3:3:3:3:3:3:2:2:3:3:2:2:3:3:3:3:3:0:0:0:0:0:0:1:0:0:1:0:1:0:1:0:0:0:0:1:1:0:0:0:0:0:18:,19,0.126666666667,1.0,

Q,0,19,explore:3:3:3:3:3:3:3:3:3:3:3:3:3:3:3:3:3:3:3:3:3:3:3:3:3:0:0:0:0:0:0:0:0:0:1:1:1:0:0:0:1:0:0:1:1:0:0:0:0:0:18:,1,13.5,1.0,
Q,0,19,explore:3:3:3:3:3:3:3:3:3:3:3:3:3:3:3:3:3:3:3:3:3:3:3:3:3:0:0:0:0:0:0:0:0:0:1:1:1:0:0:0:1:0:0:1:1:0:0:0:0:0:18:,4,7.359375,1.0,
Q,0,19,explore:3:3:3:3:3:3:3:3:3:3:3:3:3:3:3:3:3:3:3:3:3:3:3:3:3:0:0:0:0:0:0:0:0:0:1:1:1:0:0:0:1:0:0:1:1:0:0:0:0:0:18:,15,60.0,1.0,
Q,0,19,explore:3:3:3:3:3:3:3:3:3:3:3:3:3:3:3:3:3:3:3:3:3:3:3:3:3:0:0:0:0:0:0:0:0:0:1:1:1:0:0:0:1:0:0:1:1:0:0:0:0:0:18:,16,0.1,1.0,
Q,0,19,explore:3:3:3:3:3:3:3:3:3:3:3:3:3:3:3:3:3:3:3:3:3:3:3:3:3:0:0:0:0:0:0:0:0:0:1:1:1:0:0:0:1:0:0:1:1:0:0:0:0:0:18:,19,2.02984375,1.0,
Q,0,19,explore:3:3:3:3:3:3:3:3:3:3:3:3:3:3:3:3:3:3:3:3:3:3:3:3:3:0:0:0:0:0:0:0:0:0:1:1:1:0:0:0:1:0:0:1:1:0:0:0:0:0:18:,22,53.361328125,1.0,

Q,0,19,explore:3:3:3:3:3:3:3:3:3:3:3:3:3:3:2:3:3:3:3:3:3:3:3:3:3:0:0:0:0:0:0:1:0:0:1:0:1:0:1:0:0:0:0:1:1:0:0:0:0:0:18:,11,5.1875,1.0,
Q,0,19,explore:3:3:3:3:3:3:3:3:3:3:3:3:3:3:2:3:3:3:3:3:3:3:3:3:3:0:0:0:0:0:0:1:0:0:1:0:1:0:1:0:0:0:0:1:1:0:0:0:0:0:18:,25,7.21875,1.0,
Q,0,19,explore:3:3:3:3:3:3:3:3:3:3:3:3:3:3:2:3:3:3:3:3:3:3:3:3:3:0:0:0:0:0:0:1:0:0:1:0:1:0:1:0:0:0:0:1:1:0:0:0:0:0:18:,19,1.9946875,1.0,
Q,0,19,explore:3:3:3:3:3:3:3:3:3:3:3:3:3:3:2:3:3:3:3:3:3:3:3:3:3:0:0:0:0:0:0:1:0:0:1:0:1:0:1:0:0:0:0:1:1:0:0:0:0:0:18:,9,0.6484375,1.0,

Q,0,19,explore:3:3:3:3:3:3:3:3:3:3:3:3:3:3:3:3:3:3:3:3:3:3:3:3:3:0:0:0:0:0:0:0:0:0:0:1:0:0:0:1:0:0:0:1:0:0:0:0:0:0:18:,8,0.0,1.0,
Q,0,19,explore:3:3:3:3:3:3:3:3:3:3:3:3:3:3:3:3:3:3:3:3:3:3:3:3:3:0:0:0:0:0:0:0:0:0:0:1:0:0:0:1:0:0:0:1:0:0:0:0:0:0:18:,3,0.0,1.0,
Q,0,19,explore:3:3:3:3:3:3:3:3:3:3:3:3:3:3:3:3:3:3:3:3:3:3:3:3:3:0:0:0:0:0:0:0:0:0:0:1:0:0:0:1:0:0:0:1:0:0:0:0:0:0:18:,10,0.0075,1.0,
Q,0,19,explore:3:3:3:3:3:3:3:3:3:3:3:3:3:3:3:3:3:3:3:3:3:3:3:3:3:0:0:0:0:0:0:0:0:0:0:1:0:0:0:1:0:0:0:1:0:0:0:0:0:0:18:,19,7.315,1.0,
Q,0,19,explore:3:3:3:3:3:3:3:3:3:3:3:3:3:3:3:3:3:3:3:3:3:3:3:3:3:0:0:0:0:0:0:0:0:0:0:1:0:0:0:1:0:0:0:1:0:0:0:0:0:0:18:,22,14.25,1.0,


Q,0,20,explore:3:3:3:3:3:3:3:3:3:3:3:3:3:3:2:3:3:3:3:3:3:3:3:3:3:0:0:0:0:0:0:0:0:0:0:1:0:0:0:1:0:0:0:1:0:0:0:0:0:0:19:,3,0.0,1.0,
Q,0,20,explore:3:3:3:3:3:3:3:3:3:3:3:3:3:3:2:3:3:3:3:3:3:3:3:3:3:0:0:0:0:0:0:0:0:0:0:1:0:0:0:1:0:0:0:1:0:0:0:0:0:0:19:,6,0.0,1.0,
Q,0,20,explore:3:3:3:3:3:3:3:3:3:3:3:3:3:3:2:3:3:3:3:3:3:3:3:3:3:0:0:0:0:0:0:0:0:0:0:1:0:0:0:1:0:0:0:1:0:0:0:0:0:0:19:,9,0.0,1.0,
Q,0,20,explore:3:3:3:3:3:3:3:3:3:3:3:3:3:3:2:3:3:3:3:3:3:3:3:3:3:0:0:0:0:0:0:0:0:0:0:1:0:0:0:1:0:0:0:1:0:0:0:0:0:0:19:,11,0.0,1.0,
Q,0,20,explore:3:3:3:3:3:3:3:3:3:3:3:3:3:3:2:3:3:3:3:3:3:3:3:3:3:0:0:0:0:0:0:0:0:0:0:1:0:0:0:1:0:0:0:1:0:0:0:0:0:0:19:,15,0.0666666666667,1.0,
Q,0,20,explore:3:3:3:3:3:3:3:3:3:3:3:3:3:3:2:3:3:3:3:3:3:3:3:3:3:0:0:0:0:0:0:0:0:0:0:1:0:0:0:1:0:0:0:1:0:0:0:0:0:0:19:,19,0.168828125,1.0,
Q,0,20,explore:3:3:3:3:3:3:3:3:3:3:3:3:3:3:2:3:3:3:3:3:3:3:3:3:3:0:0:0:0:0:0:0:0:0:0:1:0:0:0:1:0:0:0:1:0:0:0:0:0:0:19:,20,57.0844140625,1.0,
Q,0,20,explore:3:3:3:3:3:3:3:3:3:3:3:3:3:3:2:3:3:3:3:3:3:3:3:3:3:0:0:0:0:0:0:0:0:0:0:1:0:0:0:1:0:0:0:1:0:0:0:0:0:0:19:,25,35.015625,1.0,

Q,0,20,explore:3:3:3:3:3:3:3:3:3:3:3:2:3:3:2:2:3:3:2:2:3:3:3:3:3:0:0:0:0:0:0:1:0:0:1:0:1:0:1:0:0:0:0:1:1:0:0:0:0:0:19:,19,0.0866666666667,1.0,
Q,0,20,explore:3:3:3:3:3:3:3:3:3:3:3:2:3:3:2:2:3:3:2:2:3:3:3:3:3:0:0:0:0:0:0:1:0:0:1:0:1:0:1:0:0:0:0:1:1:0:0:0:0:0:19:,25,14.25,1.0,
Q,0,20,explore:3:3:3:3:3:3:3:3:3:3:3:2:3:3:2:2:3:3:2:2:3:3:3:3:3:0:0:0:0:0:0:1:0:0:1:0:1:0:1:0:0:0:0:1:1:0:0:0:0:0:19:,3,0.0,1.0,
Q,0,20,explore:3:3:3:3:3:3:3:3:3:3:3:2:3:3:2:2:3:3:2:2:3:3:3:3:3:0:0:0:0:0:0:1:0:0:1:0:1:0:1:0:0:0:0:1:1:0:0:0:0:0:19:,20,7.25166666667,1.0,

Q,0,20,explore:3:3:3:3:3:3:3:3:3:3:3:2:3:2:2:2:3:3:2:2:3:3:3:3:3:0:0:0:0:0:0:1:0:0:1:0:1:0:1:0:0:0:0:1:1:0:0:0:0:0:19:,9,7.125,1.0,
Q,0,20,explore:3:3:3:3:3:3:3:3:3:3:3:2:3:2:2:2:3:3:2:2:3:3:3:3:3:0:0:0:0:0:0:1:0:0:1:0:1:0:1:0:0:0:0:1:1:0:0:0:0:0:19:,26,1.78125,1.0,
Q,0,20,explore:3:3:3:3:3:3:3:3:3:3:3:2:3:2:2:2:3:3:2:2:3:3:3:3:3:0:0:0:0:0:0:1:0:0:1:0:1:0:1:0:0:0:0:1:1:0:0:0:0:0:19:,20,1.01729166667,1.0,

Q,0,20,explore:3:3:3:3:3:3:3:3:3:3:3:3:3:3:2:3:3:3:2:3:3:3:3:3:3:0:0:0:0:0:0:1:0:0:1:0:1:0:1:0:0:0:0:1:1:0:0:0:0:0:19:,20,0.19,1.0,
Q,0,20,explore:3:3:3:3:3:3:3:3:3:3:3:3:3:3:2:3:3:3:2:3:3:3:3:3:3:0:0:0:0:0:0:1:0:0:1:0:1:0:1:0:0:0:0:1:1:0:0:0:0:0:19:,14,0.421875,1.0,

Q,0,20,explore:3:3:3:3:3:3:3:3:3:3:3:3:3:3:2:3:3:3:3:3:3:3:3:3:3:0:0:0:0:0:0:1:0:0:1:0:1:0:1:0:0:0:0:1:1:0:0:0:0:0:19:,16,0.0,1.0,
Q,0,20,explore:3:3:3:3:3:3:3:3:3:3:3:3:3:3:2:3:3:3:3:3:3:3:3:3:3:0:0:0:0:0:0:1:0:0:1:0:1:0:1:0:0:0:0:1:1:0:0:0:0:0:19:,20,0.19,1.0,

Q,0,20,explore:3:3:3:3:3:3:3:3:3:3:3:3:3:3:3:3:3:3:3:3:3:3:3:3:3:0:0:0:0:0:0:0:0:0:1:1:1:0:0:0:1:0:0:1:1:0:0:0:0:0:19:,1,0.0,1.0,
Q,0,20,explore:3:3:3:3:3:3:3:3:3:3:3:3:3:3:3:3:3:3:3:3:3:3:3:3:3:0:0:0:0:0:0:0:0:0:1:1:1:0:0:0:1:0:0:1:1:0:0:0:0:0:19:,5,0.0,1.0,
Q,0,20,explore:3:3:3:3:3:3:3:3:3:3:3:3:3:3:3:3:3:3:3:3:3:3:3:3:3:0:0:0:0:0:0:0:0:0:1:1:1:0:0:0:1:0:0:1:1:0:0:0:0:0:19:,8,1.07875,1.0,
Q,0,20,explore:3:3:3:3:3:3:3:3:3:3:3:3:3:3:3:3:3:3:3:3:3:3:3:3:3:0:0:0:0:0:0:0:0:0:1:1:1:0:0:0:1:0:0:1:1:0:0:0:0:0:19:,13,0.0,1.0,
Q,0,20,explore:3:3:3:3:3:3:3:3:3:3:3:3:3:3:3:3:3:3:3:3:3:3:3:3:3:0:0:0:0:0:0:0:0:0:1:1:1:0:0:0:1:0:0:1:1:0:0:0:0:0:19:,17,0.000625,1.0,
Q,0,20,explore:3:3:3:3:3:3:3:3:3:3:3:3:3:3:3:3:3:3:3:3:3:3:3:3:3:0:0:0:0:0:0:0:0:0:1:1:1:0:0:0:1:0:0:1:1:0:0:0:0:0:19:,20,0.729375,1.0,

Q,0,20,explore:3:3:3:3:3:3:3:3:3:3:3:3:3:3:3:3:3:3:3:3:3:3:3:3:3:0:0:0:0:0:0:0:0:0:0:1:0:0:0:1:0:0:0:1:0:0:0:0:0:0:19:,24,29.25,1.0,
Q,0,20,explore:3:3:3:3:3:3:3:3:3:3:3:3:3:3:3:3:3:3:3:3:3:3:3:3:3:0:0:0:0:0:0:0:0:0:0:1:0:0:0:1:0:0:0:1:0:0:0:0:0:0:19:,9,30.890625,1.0,
Q,0,20,explore:3:3:3:3:3:3:3:3:3:3:3:3:3:3:3:3:3:3:3:3:3:3:3:3:3:0:0:0:0:0:0:0:0:0:0:1:0:0:0:1:0:0:0:1:0:0:0:0:0:0:19:,20,71.625,1.0,

Q,0,20,explore:3:3:3:3:3:3:3:3:3:3:3:3:3:3:2:2:3:3:2:2:3:3:3:3:3:0:0:0:0:0:0:1:0:0:1:0:1:0:1:0:0:0:0:1:1:0:0:0:0:0:19:,20,0.439166666667,1.0,
Q,0,20,explore:3:3:3:3:3:3:3:3:3:3:3:3:3:3:2:2:3:3:2:2:3:3:3:3:3:0:0:0:0:0:0:1:0:0:1:0:1:0:1:0:0:0:0:1:1:0:0:0:0:0:19:,14,2.5,1.0,


Q,0,21,explore:3:3:3:3:3:3:3:3:3:3:3:3:3:3:2:2:3:3:2:2:3:3:3:3:3:0:0:0:0:0:0:1:0:0:1:0:1:0:1:0:0:0:0:1:1:0:0:0:0:0:20:,21,64.1251236979,1.0,
Q,0,21,explore:3:3:3:3:3:3:3:3:3:3:3:3:3:3:2:2:3:3:2:2:3:3:3:3:3:0:0:0:0:0:0:1:0:0:1:0:1:0:1:0:0:0:0:1:1:0:0:0:0:0:20:,22,14.2502473958,1.0,

Q,0,21,explore:3:3:3:3:3:3:3:3:3:3:3:2:3:3:2:2:3:3:2:2:3:3:3:3:3:0:0:0:0:0:0:1:0:0:1:0:1:0:1:0:0:0:0:1:1:0:0:0:0:0:20:,21,64.125,1.0,
Q,0,21,explore:3:3:3:3:3:3:3:3:3:3:3:2:3:3:2:2:3:3:2:2:3:3:3:3:3:0:0:0:0:0:0:1:0:0:1:0:1:0:1:0:0:0:0:1:1:0:0:0:0:0:20:,5,14.25,1.0,

Q,0,21,explore:3:3:3:3:3:3:3:3:3:3:3:3:3:3:2:3:3:3:3:3:3:3:3:3:3:0:0:0:0:0:0:0:0:0:0:1:0:0:0:1:0:0:0:1:0:0:0:0:0:0:20:,24,6.75,1.0,
Q,0,21,explore:3:3:3:3:3:3:3:3:3:3:3:3:3:3:2:3:3:3:3:3:3:3:3:3:3:0:0:0:0:0:0:0:0:0:0:1:0:0:0:1:0:0:0:1:0:0:0:0:0:0:20:,21,60.375,1.0,
Q,0,21,explore:3:3:3:3:3:3:3:3:3:3:3:3:3:3:2:3:3:3:3:3:3:3:3:3:3:0:0:0:0:0:0:0:0:0:0:1:0:0:0:1:0:0:0:1:0:0:0:0:0:0:20:,22,0.421875,1.0,

Q,0,21,explore:3:3:3:3:3:3:3:3:3:3:3:3:3:3:2:3:3:3:2:3:3:3:3:3:3:0:0:0:0:0:0:1:0:0:1:0:1:0:1:0:0:0:0:1:1:0:0:0:0:0:20:,21,57.0001855469,1.0,
Q,0,21,explore:3:3:3:3:3:3:3:3:3:3:3:3:3:3:2:3:3:3:2:3:3:3:3:3:3:0:0:0:0:0:0:1:0:0:1:0:1:0:1:0:0:0:0:1:1:0:0:0:0:0:20:,6,0.00037109375,1.0,
Q,0,21,explore:3:3:3:3:3:3:3:3:3:3:3:3:3:3:2:3:3:3:2:3:3:3:3:3:3:0:0:0:0:0:0:1:0:0:1:0:1:0:1:0:0:0:0:1:1:0:0:0:0:0:20:,7,0.00296875,1.0,

Q,0,21,explore:3:3:3:3:3:3:3:3:3:3:3:3:3:3:3:3:3:3:3:3:3:3:3:3:3:0:0:0:0:0:0:0:0:0:0:1:0:0:0:1:0:0:0:1:0:0:0:0:0:0:20:,19,0.0,1.0,
Q,0,21,explore:3:3:3:3:3:3:3:3:3:3:3:3:3:3:3:3:3:3:3:3:3:3:3:3:3:0:0:0:0:0:0:0:0:0:0:1:0:0:0:1:0:0:0:1:0:0:0:0:0:0:20:,21,57.0,1.0,

Q,0,21,explore:3:3:3:3:3:3:3:3:3:3:3:3:3:3:2:2:3:3:2:3:3:3:3:3:3:0:0:0:0:0:0:1:0:0:1:0:1:0:1:0:0:0:0:1:1:0:0:0:0:0:20:,21,58.78125,1.0,
Q,0,21,explore:3:3:3:3:3:3:3:3:3:3:3:3:3:3:2:2:3:3:2:3:3:3:3:3:3:0:0:0:0:0:0:1:0:0:1:0:1:0:1:0:0:0:0:1:1:0:0:0:0:0:20:,13,7.125,1.0,


Q,0,22,explore:3:3:3:3:3:3:3:3:3:3:3:3:3:3:2:3:3:3:3:3:3:3:3:3:3:0:0:0:0:0:0:0:0:0:0:1:0:0:0:1:0:0:0:1:0:0:0:0:0:0:21:,24,0.0,1.0,
Q,0,22,explore:3:3:3:3:3:3:3:3:3:3:3:3:3:3:2:3:3:3:3:3:3:3:3:3:3:0:0:0:0:0:0:0:0:0:0:1:0:0:0:1:0:0:0:1:0:0:0:0:0:0:21:,20,0.000182291666667,1.0,
Q,0,22,explore:3:3:3:3:3:3:3:3:3:3:3:3:3:3:2:3:3:3:3:3:3:3:3:3:3:0:0:0:0:0:0:0:0:0:0:1:0:0:0:1:0:0:0:1:0:0:0:0:0:0:21:,22,57.0,1.0,

Q,0,22,explore:3:3:3:3:3:3:3:3:3:3:3:3:3:3:3:3:3:3:3:3:3:3:3:3:3:0:0:0:0:0:0:0:0:0:1:1:1:0:0:0:1:0:0:1:1:0:0:0:0:0:21:,25,3.5625,1.0,
Q,0,22,explore:3:3:3:3:3:3:3:3:3:3:3:3:3:3:3:3:3:3:3:3:3:3:3:3:3:0:0:0:0:0:0:0:0:0:1:1:1:0:0:0:1:0:0:1:1:0:0:0:0:0:21:,22,57.4453125,1.0,

Q,0,22,explore:3:3:3:3:3:3:3:3:3:3:3:3:3:3:3:3:3:3:3:3:3:3:3:3:3:0:0:0:0:0:0:0:0:0:0:1:0:0:0:1:0:0:0:1:0:0:0:0:0:0:21:,21,0.0,1.0,
Q,0,22,explore:3:3:3:3:3:3:3:3:3:3:3:3:3:3:3:3:3:3:3:3:3:3:3:3:3:0:0:0:0:0:0:0:0:0:0:1:0:0:0:1:0:0:0:1:0:0:0:0:0:0:21:,22,57.0,1.0,


Q,0,23,explore:3:3:3:3:3:3:3:3:3:3:3:3:3:3:2:3:3:3:3:3:3:3:3:3:3:0:0:0:0:0:0:0:0:0:0:1:0:0:0:1:0:0:0:1:0:0:0:0:0:0:22:,0,3.375,1.0,
Q,0,23,explore:3:3:3:3:3:3:3:3:3:3:3:3:3:3:2:3:3:3:3:3:3:3:3:3:3:0:0:0:0:0:0:0:0:0:0:1:0:0:0:1:0:0:0:1:0:0:0:0:0:0:22:,8,0.0,1.0,
Q,0,23,explore:3:3:3:3:3:3:3:3:3:3:3:3:3:3:2:3:3:3:3:3:3:3:3:3:3:0:0:0:0:0:0:0:0:0:0:1:0:0:0:1:0:0:0:1:0:0:0:0:0:0:22:,7,0.0,1.0,
Q,0,23,explore:3:3:3:3:3:3:3:3:3:3:3:3:3:3:2:3:3:3:3:3:3:3:3:3:3:0:0:0:0:0:0:0:0:0:0:1:0:0:0:1:0:0:0:1:0:0:0:0:0:0:22:,23,57.84375,1.0,

Q,0,23,explore:3:3:3:3:3:3:3:3:3:3:3:3:3:3:3:3:3:3:3:3:3:3:3:3:3:0:0:0:0:0:0:0:0:0:0:1:0:0:0:1:0:0:0:1:0:0:0:0:0:0:22:,0,0.0,1.0,
Q,0,23,explore:3:3:3:3:3:3:3:3:3:3:3:3:3:3:3:3:3:3:3:3:3:3:3:3:3:0:0:0:0:0:0:0:0:0:0:1:0:0:0:1:0:0:0:1:0:0:0:0:0:0:22:,23,57.0,1.0,

Q,0,23,explore:3:3:3:3:3:3:3:3:3:3:3:3:3:3:3:3:3:3:3:3:3:3:3:3:3:0:0:0:0:0:0:0:0:0:1:1:1:0:0:0:1:0:0:1:1:0:0:0:0:0:22:,23,57.0,1.0,


Q,0,24,explore:3:3:3:3:3:3:3:3:3:3:3:2:3:3:2:2:3:3:2:2:3:3:3:3:3:0:0:0:0:0:0:1:0:0:1:0:1:0:1:0:0:0:0:1:1:0:0:0:0:0:23:,24,57.0,1.0,
Q,0,24,explore:3:3:3:3:3:3:3:3:3:3:3:2:3:3:2:2:3:3:2:2:3:3:3:3:3:0:0:0:0:0:0:1:0:0:1:0:1:0:1:0:0:0:0:1:1:0:0:0:0:0:23:,14,0.0,1.0,

Q,0,24,explore:3:3:3:3:3:3:3:3:3:3:3:3:3:3:2:3:3:3:3:3:3:3:3:3:3:0:0:0:0:0:0:0:0:0:0:1:0:0:0:1:0:0:0:1:0:0:0:0:0:0:23:,4,0.84375,1.0,
Q,0,24,explore:3:3:3:3:3:3:3:3:3:3:3:3:3:3:2:3:3:3:3:3:3:3:3:3:3:0:0:0:0:0:0:0:0:0:0:1:0:0:0:1:0:0:0:1:0:0:0:0:0:0:23:,5,0.0,1.0,
Q,0,24,explore:3:3:3:3:3:3:3:3:3:3:3:3:3:3:2:3:3:3:3:3:3:3:3:3:3:0:0:0:0:0:0:0:0:0:0:1:0:0:0:1:0:0:0:1:0:0:0:0:0:0:23:,20,54.0,1.0,
Q,0,24,explore:3:3:3:3:3:3:3:3:3:3:3:3:3:3:2:3:3:3:3:3:3:3:3:3:3:0:0:0:0:0:0:0:0:0:0:1:0:0:0:1:0:0:0:1:0:0:0:0:0:0:23:,22,0.0,1.0,
Q,0,24,explore:3:3:3:3:3:3:3:3:3:3:3:3:3:3:2:3:3:3:3:3:3:3:3:3:3:0:0:0:0:0:0:0:0:0:0:1:0:0:0:1:0:0:0:1:0:0:0:0:0:0:23:,24,57.0,1.0,
Q,0,24,explore:3:3:3:3:3:3:3:3:3:3:3:3:3:3:2:3:3:3:3:3:3:3:3:3:3:0:0:0:0:0:0:0:0:0:0:1:0:0:0:1:0:0:0:1:0:0:0:0:0:0:23:,25,27.0,1.0,

Q,0,24,explore:3:3:3:3:3:3:3:3:3:3:3:3:3:3:3:3:3:3:3:3:3:3:3:3:3:0:0:0:0:0:0:0:0:0:0:1:0:0:0:1:0:0:0:1:0:0:0:0:0:0:23:,24,57.0,1.0,
Q,0,24,explore:3:3:3:3:3:3:3:3:3:3:3:3:3:3:3:3:3:3:3:3:3:3:3:3:3:0:0:0:0:0:0:0:0:0:0:1:0:0:0:1:0:0:0:1:0:0:0:0:0:0:23:,26,0.0,1.0,
Q,0,24,explore:3:3:3:3:3:3:3:3:3:3:3:3:3:3:3:3:3:3:3:3:3:3:3:3:3:0:0:0:0:0:0:0:0:0:0:1:0:0:0:1:0:0:0:1:0:0:0:0:0:0:23:,22,0.0,1.0,

Q,0,24,explore:3:3:3:3:3:3:3:3:3:3:3:3:3:3:2:2:3:3:2:2:3:3:3:3:3:0:0:0:0:0:0:1:0:0:1:0:1:0:1:0:0:0:0:1:1:0:0:0:0:0:23:,24,57.0009895833,1.0,
Q,0,24,explore:3:3:3:3:3:3:3:3:3:3:3:3:3:3:2:2:3:3:2:2:3:3:3:3:3:0:0:0:0:0:0:1:0:0:1:0:1:0:1:0:0:0:0:1:1:0:0:0:0:0:23:,25,45.0,1.0,
Q,0,24,explore:3:3:3:3:3:3:3:3:3:3:3:3:3:3:2:2:3:3:2:2:3:3:3:3:3:0:0:0:0:0:0:1:0:0:1:0:1:0:1:0:0:0:0:1:1:0:0:0:0:0:23:,7,0.00791666666667,1.0,

Q,0,24,explore:3:3:3:3:3:3:3:3:3:3:3:3:3:3:2:3:3:3:3:3:3:3:3:3:3:0:0:0:0:0:0:1:0:0:1:0:1:0:1:0:0:0:0:1:1:0:0:0:0:0:23:,24,57.75,1.0,
Q,0,24,explore:3:3:3:3:3:3:3:3:3:3:3:3:3:3:2:3:3:3:3:3:3:3:3:3:3:0:0:0:0:0:0:1:0:0:1:0:1:0:1:0:0:0:0:1:1:0:0:0:0:0:23:,21,12.0,1.0,


Q,0,25,explore:3:3:3:3:3:3:3:3:3:3:3:2:3:3:2:2:3:3:2:2:3:3:3:3:3:0:0:0:0:0:0:1:0:0:1:0:1:0:1:0:0:0:0:1:1:0:0:0:0:0:24:,25,57.0,1.0,
Q,0,25,explore:3:3:3:3:3:3:3:3:3:3:3:2:3:3:2:2:3:3:2:2:3:3:3:3:3:0:0:0:0:0:0:1:0:0:1:0:1:0:1:0:0:0:0:1:1:0:0:0:0:0:24:,11,0.0,1.0,

Q,0,25,explore:3:3:3:3:3:3:3:3:3:3:3:3:3:3:2:3:3:3:3:3:3:3:3:3:3:0:0:0:0:0:0:0:0:0:0:1:0:0:0:1:0:0:0:1:0:0:0:0:0:0:24:,24,52.125,1.0,
Q,0,25,explore:3:3:3:3:3:3:3:3:3:3:3:3:3:3:2:3:3:3:3:3:3:3:3:3:3:0:0:0:0:0:0:0:0:0:0:1:0:0:0:1:0:0:0:1:0:0:0:0:0:0:24:,25,70.03125,1.0,
Q,0,25,explore:3:3:3:3:3:3:3:3:3:3:3:3:3:3:2:3:3:3:3:3:3:3:3:3:3:0:0:0:0:0:0:0:0:0:0:1:0:0:0:1:0:0:0:1:0:0:0:0:0:0:24:,10,0.0,1.0,
