


Q,0,2,explore:3:3:3:3:3:3:3:3:3:3:3:3:3:3:2:3:3:3:2:3:3:3:3:3:3:0:0:0:0:0:0:1:0:0:1:0:1:0:1:0:1:0:0:0:1:0:0:0:0:0:1:,2,57.0,1.0,

Q,0,2,explore:3:3:3:3:3:3:3:3:3:3:3:3:3:3:3:3:3:3:3:3:3:3:3:3:3:0:0:0:0:0:0:0:0:0:1:1:0:0:0:1:1:0:0:1:1:0:0:0:0:0:1:,2,57.0,1.0,


Q,0,3,explore:3:3:3:3:3:3:3:3:3:3:3:3:3:3:2:3:3:3:3:3:3:3:3:3:3:0:0:0:0:0:0:0:0:0:0:1:0:0:0:1:0:0:0:0:0:0:0:0:0:0:2:,3,57.0,1.0,
Q,0,3,explore:3:3:3:3:3:3:3:3:3:3:3:3:3:3:2:3:3:3:3:3:3:3:3:3:3:0:0:0:0:0:0:0:0:0:0:1:0:0:0:1:0:0:0:0:0:0:0:0:0:0:2:,20,0.0,1.0,

Q,0,3,explore:3:3:3:3:3:3:3:3:3:3:3:3:3:3:2:3:3:3:2:3:3:3:3:3:3:0:0:0:0:0:0:1:0:0:1:0:1:0:1:0:1:0:0:0:1:0:0:0:0:0:2:,3,57.0,1.0,
Q,0,3,explore:3:3:3:3:3:3:3:3:3:3:3:3:3:3:2:3:3:3:2:3:3:3:3:3:3:0:0:0:0:0:0:1:0:0:1:0:1:0:1:0:1:0:0:0:1:0:0:0:0:0:2:,22,0.0,1.0,

Q,0,3,explore:3:3:3:3:3:3:3:3:3:3:3:3:3:3:3:3:3:3:3:3:3:3:3:3:3:0:0:0:0:0:0:0:0:0:0:1:0:0:0:1:0:0:0:0:0:0:0:0:0:0:2:,3,57.4453125,1.0,
Q,0,3,explore:3:3:3:3:3:3:3:3:3:3:3:3:3:3:3:3:3:3:3:3:3:3:3:3:3:0:0:0:0:0:0:0:0:0:0:1:0:0:0:1:0:0:0:0:0:0:0:0:0:0:2:,7,3.5625,1.0,


Q,0,4,explore:3:3:3:3:3:3:3:3:3:3:3:3:3:3:3:3:3:3:3:3:3:3:3:3:3:0:0:0:0:0:0:0:0:0:0:1:0:0:0:1:0:0:0:0:0:0:0:0:0:0:3:,25,7.40625,1.0,
Q,0,4,explore:3:3:3:3:3:3:3:3:3:3:3:3:3:3:3:3:3:3:3:3:3:3:3:3:3:0:0:0:0:0:0:0:0:0:0:1:0:0:0:1:0:0:0:0:0:0:0:0:0:0:3:,4,58.8515625,1.0,

Q,0,4,explore:3:3:3:3:3:3:3:3:3:3:3:3:3:3:2:3:3:3:3:3:3:3:3:3:3:0:0:0:0:0:0:0:0:0:0:1:0:0:0:1:0:0:0:0:0:0:0:0:0:0:3:,24,0.0,1.0,
Q,0,4,explore:3:3:3:3:3:3:3:3:3:3:3:3:3:3:2:3:3:3:3:3:3:3:3:3:3:0:0:0:0:0:0:0:0:0:0:1:0:0:0:1:0:0:0:0:0:0:0:0:0:0:3:,4,57.0,1.0,


Q,0,6,explore:3:3:3:3:3:3:3:3:3:3:3:3:3:3:3:3:3:3:3:3:3:3:3:3:3:0:0:0:0:0:0:0:0:0:1:1:0:0:0:1:1:0:0:1:1:0:0:0:0:0:5:,6,57.0,1.0,
Q,0,6,explore:3:3:3:3:3:3:3:3:3:3:3:3:3:3:3:3:3:3:3:3:3:3:3:3:3:0:0:0:0:0:0:0:0:0:1:1:0:0:0:1:1:0:0:1:1:0:0:0:0:0:5:,7,39.430078125,1.0,

Q,0,6,explore:3:3:3:3:3:3:3:3:3:3:3:3:3:3:2:2:3:3:2:2:3:3:3:3:3:0:0:0:0:0:0:1:0:0:1:0:1:0:1:0:1:0:0:0:1:0:0:0:0:0:5:,6,57.0,1.0,

Q,0,6,explore:3:3:3:3:3:3:3:3:3:3:3:3:3:3:3:3:3:3:3:3:3:3:3:3:3:0:0:0:0:0:0:0:0:0:0:1:0:0:0:1:0:0:0:0:0:0:0:0:0:0:5:,22,0.0,1.0,
Q,0,6,explore:3:3:3:3:3:3:3:3:3:3:3:3:3:3:3:3:3:3:3:3:3:3:3:3:3:0:0:0:0:0:0:0:0:0:0:1:0:0:0:1:0:0:0:0:0:0:0:0:0:0:5:,6,57.0,1.0,


Q,0,7,explore:3:3:3:3:3:3:3:3:3:3:3:3:3:3:2:3:3:3:3:3:3:3:3:3:3:0:0:0:0:0:0:0:0:0:0:1:0:0:0:1:0:0:0:0:0:0:0:0:0:0:6:,7,57.0,1.0,

Q,0,7,explore:3:3:3:3:3:3:3:3:3:3:3:3:3:3:3:3:3:3:3:3:3:3:3:3:3:0:0:0:0:0:0:0:0:0:1:1:0:0:0:1:1:0:0:1:1:0:0:0:0:0:6:,10,1.7203125,1.0,
Q,0,7,explore:3:3:3:3:3:3:3:3:3:3:3:3:3:3:3:3:3:3:3:3:3:3:3:3:3:0:0:0:0:0:0:0:0:0:1:1:0:0:0:1:1:0:0:1:1:0:0:0:0:0:6:,15,0.0,1.0,
Q,0,7,explore:3:3:3:3:3:3:3:3:3:3:3:3:3:3:3:3:3:3:3:3:3:3:3:3:3:0:0:0:0:0:0:0:0:0:1:1:0:0:0:1:1:0:0:1:1:0:0:0:0:0:6:,6,30.5625,1.0,
Q,0,7,explore:3:3:3:3:3:3:3:3:3:3:3:3:3:3:3:3:3:3:3:3:3:3:3:3:3:0:0:0:0:0:0:0:0:0:1:1:0:0:0:1:1:0:0:1:1:0:0:0:0:0:6:,7,60.8203125,1.0,


Q,0,8,explore:3:3:3:3:3:3:3:3:3:3:3:3:3:3:3:3:3:3:3:3:3:3:3:3:3:0:0:0:0:0:0:0:0:0:1:1:0:0:0:1:1:0:0:1:1:0:0:0:0:0:7:,8,57.0,1.0,
Q,0,8,explore:3:3:3:3:3:3:3:3:3:3:3:3:3:3:3:3:3:3:3:3:3:3:3:3:3:0:0:0:0:0:0:0:0:0:1:1:0:0:0:1:1:0:0:1:1:0:0:0:0:0:7:,23,0.0,1.0,

Q,0,8,explore:3:3:3:3:3:3:3:3:3:3:3:3:3:3:3:3:3:3:3:3:3:3:3:3:3:0:0:0:0:0:0:0:0:0:0:1:0:0:0:1:0:0:0:0:0:0:0:0:0:0:7:,8,57.0,1.0,
Q,0,8,explore:3:3:3:3:3:3:3:3:3:3:3:3:3:3:3:3:3:3:3:3:3:3:3:3:3:0:0:0:0:0:0:0:0:0:0:1:0:0:0:1:0:0:0:0:0:0:0:0:0:0:7:,15,0.0,1.0,


Q,0,9,explore:3:3:3:3:3:3:3:3:3:3:3:3:3:3:3:3:3:3:3:3:3:3:3:3:3:0:0:0:0:0:0:0:0:0:1:1:0:0:0:1:1:0:0:1:1:0:0:0:0:0:8:,9,57.000390625,1.0,
Q,0,9,explore:3:3:3:3:3:3:3:3:3:3:3:3:3:3:3:3:3:3:3:3:3:3:3:3:3:0:0:0:0:0:0:0:0:0:1:1:0:0:0:1:1:0:0:1:1:0:0:0:0:0:8:,2,0.003125,1.0,


Q,0,10,explore:3:3:3:3:3:3:3:3:3:3:3:3:3:3:3:3:3:3:3:3:3:3:3:3:3:0:0:0:0:0:0:0:0:0:0:1:0:0:0:1:0:0:0:0:0:0:0:0:0:0:9:,1,0.0,1.0,
Q,0,10,explore:3:3:3:3:3:3:3:3:3:3:3:3:3:3:3:3:3:3:3:3:3:3:3:3:3:0:0:0:0:0:0:0:0:0:0:1:0:0:0:1:0:0:0:0:0:0:0:0:0:0:9:,10,57.0,1.0,
Q,0,10,explore:3:3:3:3:3:3:3:3:3:3:3:3:3:3:3:3:3:3:3:3:3:3:3:3:3:0:0:0:0:0:0:0:0:0:0:1:0:0:0:1:0:0:0:0:0:0:0:0:0:0:9:,14,42.0,1.0,
Q,0,10,explore:3:3:3:3:3:3:3:3:3:3:3:3:3:3:3:3:3:3:3:3:3:3:3:3:3:0:0:0:0:0:0:0:0:0:0:1:0:0:0:1:0:0:0:0:0:0:0:0:0:0:9:,16,0.0,1.0,
Q,0,10,explore:3:3:3:3:3:3:3:3:3:3:3:3:3:3:3:3:3:3:3:3:3:3:3:3:3:0:0:0:0:0:0:0:0:0:0:1:0:0:0:1:0:0:0:0:0:0:0:0:0:0:9:,19,3.0703125,1.0,
Q,0,10,explore:3:3:3:3:3:3:3:3:3:3:3:3:3:3:3:3:3:3:3:3:3:3:3:3:3:0:0:0:0:0:0:0:0:0:0:1:0:0:0:1:0:0:0:0:0:0:0:0:0:0:9:,23,0.3837890625,1.0,

Q,0,10,explore:3:3:3:3:3:3:3:3:3:3:3:3:3:3:3:3:3:3:3:3:3:3:3:3:3:0:0:0:0:0:0:0:0:0:1:1:0:0:0:1:1:0:0:1:1:0:0:0:0:0:9:,9,15.205078125,1.0,
Q,0,10,explore:3:3:3:3:3:3:3:3:3:3:3:3:3:3:3:3:3:3:3:3:3:3:3:3:3:0:0:0:0:0:0:0:0:0:1:1:0:0:0:1:1:0:0:1:1:0:0:0:0:0:9:,10,7.7925390625,1.0,
Q,0,10,explore:3:3:3:3:3:3:3:3:3:3:3:3:3:3:3:3:3:3:3:3:3:3:3:3:3:0:0:0:0:0:0:0:0:0:1:1:0:0:0:1:1:0:0:1:1:0:0:0:0:0:9:,2,12.5625,1.0,
Q,0,10,explore:3:3:3:3:3:3:3:3:3:3:3:3:3:3:3:3:3:3:3:3:3:3:3:3:3:0:0:0:0:0:0:0:0:0:1:1:0:0:0:1:1:0:0:1:1:0:0:0:0:0:9:,13,3.515625,1.0,

Q,0,10,explore:3:3:3:3:3:3:3:3:3:3:3:2:3:3:2:2:3:3:2:2:3:3:3:3:3:0:0:0:0:0:0:1:0:0:1:0:1:0:1:0:1:0:0:0:1:0:0:0:0:0:9:,10,0.19,1.0,
Q,0,10,explore:3:3:3:3:3:3:3:3:3:3:3:2:3:3:2:2:3:3:2:2:3:3:3:3:3:0:0:0:0:0:0:1:0:0:1:0:1:0:1:0:1:0:0:0:1:0:0:0:0:0:9:,22,0.0,1.0,

Q,0,10,explore:3:3:3:3:3:3:3:3:3:3:3:3:3:3:2:2:3:3:2:2:3:3:3:3:3:0:0:0:0:0:0:1:0:0:1:0:1:0:1:0:1:0:0:0:1:0:0:0:0:0:9:,0,0.2109375,1.0,
Q,0,10,explore:3:3:3:3:3:3:3:3:3:3:3:3:3:3:2:2:3:3:2:2:3:3:3:3:3:0:0:0:0:0:0:1:0:0:1:0:1:0:1:0:1:0:0:0:1:0:0:0:0:0:9:,10,0.242734375,1.0,

Q,0,10,explore:3:3:3:3:3:3:3:3:3:3:3:3:3:3:2:3:3:3:3:3:3:3:3:3:3:0:0:0:0:0:0:0:0:0:0:1:0:0:0:1:0:0:0:0:0:0:0:0:0:0:9:,0,0.0,1.0,
Q,0,10,explore:3:3:3:3:3:3:3:3:3:3:3:3:3:3:2:3:3:3:3:3:3:3:3:3:3:0:0:0:0:0:0:0:0:0:0:1:0:0:0:1:0:0:0:0:0:0:0:0:0:0:9:,10,57.001875,1.0,
Q,0,10,explore:3:3:3:3:3:3:3:3:3:3:3:3:3:3:2:3:3:3:3:3:3:3:3:3:3:0:0:0:0:0:0:0:0:0:0:1:0:0:0:1:0:0:0:0:0:0:0:0:0:0:9:,18,0.0075,1.0,
Q,0,10,explore:3:3:3:3:3:3:3:3:3:3:3:3:3:3:2:3:3:3:3:3:3:3:3:3:3:0:0:0:0:0:0:0:0:0:0:1:0:0:0:1:0:0:0:0:0:0:0:0:0:0:9:,22,0.0,1.0,

Q,0,10,explore:3:3:3:3:3:3:3:3:3:3:3:3:3:3:2:3:3:3:2:3:3:3:3:3:3:0:0:0:0:0:0:1:0:0:1:0:1:0:1:0:1:0:0:0:1:0:0:0:0:0:9:,10,0.19,1.0,
Q,0,10,explore:3:3:3:3:3:3:3:3:3:3:3:3:3:3:2:3:3:3:2:3:3:3:3:3:3:0:0:0:0:0:0:1:0:0:1:0:1:0:1:0:1:0:0:0:1:0:0:0:0:0:9:,2,0.0,1.0,


Q,0,11,explore:3:3:3:3:3:3:3:3:3:3:3:3:3:3:3:3:3:3:3:3:3:3:3:3:3:0:0:0:0:0:0:0:0:0:0:1:0:0:0:1:0:0:0:0:0:0:0:0:0:0:10:,3,2.25,1.0,
Q,0,11,explore:3:3:3:3:3:3:3:3:3:3:3:3:3:3:3:3:3:3:3:3:3:3:3:3:3:0:0:0:0:0:0:0:0:0:0:1:0:0:0:1:0:0:0:0:0:0:0:0:0:0:10:,1,3.5625,1.0,
Q,0,11,explore:3:3:3:3:3:3:3:3:3:3:3:3:3:3:3:3:3:3:3:3:3:3:3:3:3:0:0:0:0:0:0:0:0:0:0:1:0:0:0:1:0:0:0:0:0:0:0:0:0:0:10:,11,0.19,1.0,
Q,0,11,explore:3:3:3:3:3:3:3:3:3:3:3:3:3:3:3:3:3:3:3:3:3:3:3:3:3:0:0:0:0:0:0:0:0:0:0:1:0:0:0:1:0:0:0:0:0:0:0:0:0:0:10:,6,18.0,1.0,
Q,0,11,explore:3:3:3:3:3:3:3:3:3:3:3:3:3:3:3:3:3:3:3:3:3:3:3:3:3:0:0:0:0:0:0:0:0:0:0:1:0:0:0:1:0:0:0:0:0:0:0:0:0:0:10:,22,0.0,1.0,

Q,0,11,explore:3:3:3:3:3:3:3:3:3:3:3:2:3:3:2:2:3:3:2:2:3:3:3:3:3:0:0:0:0:0:0:1:0:0:1:0:1:0:1:0:1:0:0:0:1:0:0:0:0:0:10:,11,57.0,1.0,
Q,0,11,explore:3:3:3:3:3:3:3:3:3:3:3:2:3:3:2:2:3:3:2:2:3:3:3:3:3:0:0:0:0:0:0:1:0:0:1:0:1:0:1:0:1:0:0:0:1:0:0:0:0:0:10:,13,0.0,1.0,

Q,0,11,explore:3:3:3:3:3:3:3:3:3:3:3:3:3:3:2:3:3:3:3:3:3:3:3:3:3:0:0:0:0:0:0:0:0:0:0:1:0:0:0:1:0:0:0:0:0:0:0:0:0:0:10:,26,0.0,1.0,
Q,0,11,explore:3:3:3:3:3:3:3:3:3:3:3:3:3:3:2:3:3:3:3:3:3:3:3:3:3:0:0:0:0:0:0:0:0:0:0:1:0:0:0:1:0:0:0:0:0:0:0:0:0:0:10:,11,2.065,1.0,
Q,0,11,explore:3:3:3:3:3:3:3:3:3:3:3:3:3:3:2:3:3:3:3:3:3:3:3:3:3:0:0:0:0:0:0:0:0:0:0:1:0:0:0:1:0:0:0:0:0:0:0:0:0:0:10:,13,0.017578125,1.0,
Q,0,11,explore:3:3:3:3:3:3:3:3:3:3:3:3:3:3:2:3:3:3:3:3:3:3:3:3:3:0:0:0:0:0:0:0:0:0:0:1:0:0:0:1:0:0:0:0:0:0:0:0:0:0:10:,14,30.0,1.0,

Q,0,11,explore:3:3:3:3:3:3:3:3:3:3:3:3:3:3:3:3:3:3:3:3:3:3:3:3:3:0:0:0:0:0:0:0:0:0:1:1:0:0:0:1:1:0:0:1:1:0:0:0:0:0:10:,6,19.7150390625,1.0,
Q,0,11,explore:3:3:3:3:3:3:3:3:3:3:3:3:3:3:3:3:3:3:3:3:3:3:3:3:3:0:0:0:0:0:0:0:0:0:1:1:0:0:0:1:1:0:0:1:1:0:0:0:0:0:10:,11,0.19,1.0,
Q,0,11,explore:3:3:3:3:3:3:3:3:3:3:3:3:3:3:3:3:3:3:3:3:3:3:3:3:3:0:0:0:0:0:0:0:0:0:1:1:0:0:0:1:1:0:0:1:1:0:0:0:0:0:10:,12,54.0,1.0,
Q,0,11,explore:3:3:3:3:3:3:3:3:3:3:3:3:3:3:3:3:3:3:3:3:3:3:3:3:3:0:0:0:0:0:0:0:0:0:1:1:0:0:0:1:1:0:0:1:1:0:0:0:0:0:10:,13,7.03125,1.0,
Q,0,11,explore:3:3:3:3:3:3:3:3:3:3:3:3:3:3:3:3:3:3:3:3:3:3:3:3:3:0:0:0:0:0:0:0:0:0:1:1:0:0:0:1:1:0:0:1:1:0:0:0:0:0:10:,17,0.0,1.0,
Q,0,11,explore:3:3:3:3:3:3:3:3:3:3:3:3:3:3:3:3:3:3:3:3:3:3:3:3:3:0:0:0:0:0:0:0:0:0:1:1:0:0:0:1:1:0:0:1:1:0:0:0:0:0:10:,19,0.0,1.0,

Q,0,11,explore:3:3:3:3:3:3:3:3:3:3:3:3:3:3:2:2:3:3:2:2:3:3:3:3:3:0:0:0:0:0:0:1:0:0:1:0:1:0:1:0:1:0:0:0:1:0:0:0:0:0:10:,26,0.4453125,1.0,
Q,0,11,explore:3:3:3:3:3:3:3:3:3:3:3:3:3:3:2:2:3:3:2:2:3:3:3:3:3:0:0:0:0:0:0:1:0:0:1:0:1:0:1:0:1:0:0:0:1:0:0:0:0:0:10:,11,57.111328125,1.0,
Q,0,11,explore:3:3:3:3:3:3:3:3:3:3:3:3:3:3:2:2:3:3:2:2:3:3:3:3:3:0:0:0:0:0:0:1:0:0:1:0:1:0:1:0:1:0:0:0:1:0:0:0:0:0:10:,6,3.5625,1.0,

Q,0,11,explore:3:3:3:3:3:3:3:3:3:3:3:3:3:3:2:3:3:3:2:3:3:3:3:3:3:0:0:0:0:0:0:1:0:0:1:0:1:0:1:0:1:0:0:0:1:0:0:0:0:0:10:,18,0.4453125,1.0,
Q,0,11,explore:3:3:3:3:3:3:3:3:3:3:3:3:3:3:2:3:3:3:2:3:3:3:3:3:3:0:0:0:0:0:0:1:0:0:1:0:1:0:1:0:1:0:0:0:1:0:0:0:0:0:10:,11,57.0325,1.0,
Q,0,11,explore:3:3:3:3:3:3:3:3:3:3:3:3:3:3:2:3:3:3:2:3:3:3:3:3:3:0:0:0:0:0:0:1:0:0:1:0:1:0:1:0:1:0:0:0:1:0:0:0:0:0:10:,14,0.13,1.0,

Q,0,11,explore:3:3:3:3:3:3:3:3:3:3:3:3:3:3:2:3:3:3:3:3:3:3:3:3:3:0:0:0:0:0:0:1:0:0:1:0:1:0:1:0:1:0:0:0:1:0:0:0:0:0:10:,24,0.0125,1.0,
Q,0,11,explore:3:3:3:3:3:3:3:3:3:3:3:3:3:3:2:3:3:3:3:3:3:3:3:3:3:0:0:0:0:0:0:1:0:0:1:0:1:0:1:0:1:0:0:0:1:0:0:0:0:0:10:,25,0.0,1.0,
Q,0,11,explore:3:3:3:3:3:3:3:3:3:3:3:3:3:3:2:3:3:3:3:3:3:3:3:3:3:0:0:0:0:0:0:1:0:0:1:0:1:0:1:0:1:0:0:0:1:0:0:0:0:0:10:,26,0.0,1.0,
Q,0,11,explore:3:3:3:3:3:3:3:3:3:3:3:3:3:3:2:3:3:3:3:3:3:3:3:3:3:0:0:0:0:0:0:1:0:0:1:0:1:0:1:0:1:0:0:0:1:0:0:0:0:0:10:,11,57.0,1.0,
Q,0,11,explore:3:3:3:3:3:3:3:3:3:3:3:3:3:3:2:3:3:3:3:3:3:3:3:3:3:0:0:0:0:0:0:1:0:0:1:0:1:0:1:0:1:0:0:0:1:0:0:0:0:0:10:,17,0.0,1.0,


Q,0,12,explore:3:3:3:3:3:3:3:3:3:3:3:2:3:3:2:2:3:3:2:2:3:3:3:3:3:0:0:0:0:0:0:1:0:0:1:0:1:0:1:0:1:0:0:0:1:0:0:0:0:0:11:,11,48.5625,1.0,
Q,0,12,explore:3:3:3:3:3:3:3:3:3:3:3:2:3:3:2:2:3:3:2:2:3:3:3:3:3:0:0:0:0:0:0:1:0:0:1:0:1:0:1:0:1:0:0:0:1:0:0:0:0:0:11:,12,6.19697916667,1.0,

Q,0,12,explore:3:3:3:3:3:3:3:3:3:3:3:3:3:3:3:3:3:3:3:3:3:3:3:3:3:0:0:0:0:0:0:0:0:0:1:1:0:0:0:1:1:0:0:1:1:0:0:0:0:0:11:,1,0.0,1.0,
Q,0,12,explore:3:3:3:3:3:3:3:3:3:3:3:3:3:3:3:3:3:3:3:3:3:3:3:3:3:0:0:0:0:0:0:0:0:0:1:1:0:0:0:1:1:0:0:1:1:0:0:0:0:0:11:,8,28.125,1.0,
Q,0,12,explore:3:3:3:3:3:3:3:3:3:3:3:3:3:3:3:3:3:3:3:3:3:3:3:3:3:0:0:0:0:0:0:0:0:0:1:1:0:0:0:1:1:0:0:1:1:0:0:0:0:0:11:,9,38.2500976562,1.0,
Q,0,12,explore:3:3:3:3:3:3:3:3:3:3:3:3:3:3:3:3:3:3:3:3:3:3:3:3:3:0:0:0:0:0:0:0:0:0:1:1:0:0:0:1:1:0:0:1:1:0:0:0:0:0:11:,12,76.1250488281,1.0,
Q,0,12,explore:3:3:3:3:3:3:3:3:3:3:3:3:3:3:3:3:3:3:3:3:3:3:3:3:3:0:0:0:0:0:0:0:0:0:1:1:0:0:0:1:1:0:0:1:1:0:0:0:0:0:11:,15,0.05,1.0,
Q,0,12,explore:3:3:3:3:3:3:3:3:3:3:3:3:3:3:3:3:3:3:3:3:3:3:3:3:3:0:0:0:0:0:0:0:0:0:1:1:0:0:0:1:1:0:0:1:1:0:0:0:0:0:11:,22,0.023935546875,1.0,

Q,0,12,explore:3:3:3:3:3:3:3:3:3:3:3:3:3:3:3:3:3:3:3:3:3:3:3:3:3:0:0:0:0:0:0:0:0:0:0:1:0:0:0:1:0:0:0:0:0:0:0:0:0:0:11:,8,10.125,1.0,
Q,0,12,explore:3:3:3:3:3:3:3:3:3:3:3:3:3:3:3:3:3:3:3:3:3:3:3:3:3:0:0:0:0:0:0:0:0:0:0:1:0:0:0:1:0:0:0:0:0:0:0:0:0:0:11:,17,22.142578125,1.0,
Q,0,12,explore:3:3:3:3:3:3:3:3:3:3:3:3:3:3:3:3:3:3:3:3:3:3:3:3:3:0:0:0:0:0:0:0:0:0:0:1:0:0:0:1:0:0:0:0:0:0:0:0:0:0:11:,3,0.0,1.0,
Q,0,12,explore:3:3:3:3:3:3:3:3:3:3:3:3:3:3:3:3:3:3:3:3:3:3:3:3:3:0:0:0:0:0:0:0:0:0:0:1:0:0:0:1:0:0:0:0:0:0:0:0:0:0:11:,12,68.0712890625,1.0,
Q,0,12,explore:3:3:3:3:3:3:3:3:3:3:3:3:3:3:3:3:3:3:3:3:3:3:3:3:3:0:0:0:0:0:0:0:0:0:0:1:0:0:0:1:0:0:0:0:0:0:0:0:0:0:11:,22,27.755859375,1.0,

Q,0,12,explore:3:3:3:3:3:3:3:3:3:3:3:3:3:3:2:3:3:3:3:3:3:3:3:3:3:0:0:0:0:0:0:0:0:0:0:1:0:0:0:1:0:0:0:0:0:0:0:0:0:0:11:,3,0.0703125,1.0,
Q,0,12,explore:3:3:3:3:3:3:3:3:3:3:3:3:3:3:2:3:3:3:3:3:3:3:3:3:3:0:0:0:0:0:0:0:0:0:0:1:0:0:0:1:0:0:0:0:0:0:0:0:0:0:11:,7,3.5625,1.0,
Q,0,12,explore:3:3:3:3:3:3:3:3:3:3:3:3:3:3:2:3:3:3:3:3:3:3:3:3:3:0:0:0:0:0:0:0:0:0:0:1:0:0:0:1:0:0:0:0:0:0:0:0:0:0:11:,8,9.0,1.0,
Q,0,12,explore:3:3:3:3:3:3:3:3:3:3:3:3:3:3:2:3:3:3:3:3:3:3:3:3:3:0:0:0:0:0:0:0:0:0:0:1:0:0:0:1:0:0:0:0:0:0:0:0:0:0:11:,12,57.4453125,1.0,
Q,0,12,explore:3:3:3:3:3:3:3:3:3:3:3:3:3:3:2:3:3:3:3:3:3:3:3:3:3:0:0:0:0:0:0:0:0:0:0:1:0:0:0:1:0:0:0:0:0:0:0:0:0:0:11:,15,0.106666666667,1.0,
Q,0,12,explore:3:3:3:3:3:3:3:3:3:3:3:3:3:3:2:3:3:3:3:3:3:3:3:3:3:0:0:0:0:0:0:0:0:0:0:1:0:0:0:1:0:0:0:0:0:0:0:0:0:0:11:,16,33.0,1.0,

Q,0,12,explore:3:3:3:3:3:3:3:3:3:3:3:3:3:3:2:2:3:3:2:2:3:3:3:3:3:0:0:0:0:0:0:1:0:0:1:0:1:0:1:0:1:0:0:0:1:0:0:0:0:0:11:,12,0.19,1.0,

Q,0,12,explore:3:3:3:3:3:3:3:3:3:3:3:3:3:3:2:2:3:3:2:3:3:3:3:3:3:0:0:0:0:0:0:1:0:0:1:0:1:0:1:0:1:0:0:0:1:0:0:0:0:0:11:,12,0.19,1.0,

Q,0,12,explore:3:3:3:3:3:3:3:3:3:3:3:3:3:3:2:3:3:3:3:3:3:3:3:3:3:0:0:0:0:0:0:1:0:0:1:0:1:0:1:0:1:0:0:0:1:0:0:0:0:0:11:,25,3.5625,1.0,
Q,0,12,explore:3:3:3:3:3:3:3:3:3:3:3:3:3:3:2:3:3:3:3:3:3:3:3:3:3:0:0:0:0:0:0:1:0:0:1:0:1:0:1:0:1:0:0:0:1:0:0:0:0:0:11:,19,0.0,1.0,
Q,0,12,explore:3:3:3:3:3:3:3:3:3:3:3:3:3:3:2:3:3:3:3:3:3:3:3:3:3:0:0:0:0:0:0:1:0:0:1:0:1:0:1:0:1:0:0:0:1:0:0:0:0:0:11:,12,0.6353125,1.0,
Q,0,12,explore:3:3:3:3:3:3:3:3:3:3:3:3:3:3:2:3:3:3:3:3:3:3:3:3:3:0:0:0:0:0:0:1:0:0:1:0:1:0:1:0:1:0:0:0:1:0:0:0:0:0:11:,15,12.0,1.0,


Q,0,14,explore:3:3:3:3:3:3:3:3:3:3:3:3:3:3:2:3:3:3:3:3:3:3:3:3:3:0:0:0:0:0:0:1:0:0:1:0:1:0:1:0:1:0:0:0:1:0:0:0:0:0:13:,0,5.0,1.0,
Q,0,14,explore:3:3:3:3:3:3:3:3:3:3:3:3:3:3:2:3:3:3:3:3:3:3:3:3:3:0:0:0:0:0:0:1:0:0:1:0:1:0:1:0:1:0:0:0:1:0:0:0:0:0:13:,7,0.0,1.0,
Q,0,14,explore:3:3:3:3:3:3:3:3:3:3:3:3:3:3:2:3:3:3:3:3:3:3:3:3:3:0:0:0:0:0:0:1:0:0:1:0:1:0:1:0:1:0:0:0:1:0:0:0:0:0:13:,9,28.5,1.0,
Q,0,14,explore:3:3:3:3:3:3:3:3:3:3:3:3:3:3:2:3:3:3:3:3:3:3:3:3:3:0:0:0:0:0:0:1:0:0:1:0:1:0:1:0:1:0:0:0:1:0:0:0:0:0:13:,12,0.00625,1.0,
Q,0,14,explore:3:3:3:3:3:3:3:3:3:3:3:3:3:3:2:3:3:3:3:3:3:3:3:3:3:0:0:0:0:0:0:1:0:0:1:0:1:0:1:0:1:0:0:0:1:0:0:0:0:0:13:,14,1.44,1.0,
Q,0,14,explore:3:3:3:3:3:3:3:3:3:3:3:3:3:3:2:3:3:3:3:3:3:3:3:3:3:0:0:0:0:0:0:1:0:0:1:0:1:0:1:0:1:0:0:0:1:0:0:0:0:0:13:,16,0.1144140625,1.0,

Q,0,14,explore:3:3:3:3:3:3:3:3:3:3:3:3:3:3:3:3:3:3:3:3:3:3:3:3:3:0:0:0:0:0:0:0:0:0:1:1:0:0:0:1:1:0:0:1:1:0:0:0:0:0:13:,0,0.111328125,1.0,
Q,0,14,explore:3:3:3:3:3:3:3:3:3:3:3:3:3:3:3:3:3:3:3:3:3:3:3:3:3:0:0:0:0:0:0:0:0:0:1:1:0:0:0:1:1:0:0:1:1:0:0:0:0:0:13:,14,57.0556640625,1.0,

Q,0,14,explore:3:3:3:3:3:3:3:3:3:3:3:2:3:3:2:2:3:3:2:2:3:3:3:3:3:0:0:0:0:0:0:1:0:0:1:0:1:0:1:0:1:0:0:0:1:0:0:0:0:0:13:,16,0.774622395833,1.0,
Q,0,14,explore:3:3:3:3:3:3:3:3:3:3:3:2:3:3:2:2:3:3:2:2:3:3:3:3:3:0:0:0:0:0:0:1:0:0:1:0:1:0:1:0:1:0:0:0:1:0:0:0:0:0:13:,14,0.19,1.0,
Q,0,14,explore:3:3:3:3:3:3:3:3:3:3:3:2:3:3:2:2:3:3:2:2:3:3:3:3:3:0:0:0:0:0:0:1:0:0:1:0:1:0:1:0:1:0:0:0:1:0:0:0:0:0:13:,15,20.00296875,1.0,

Q,0,14,explore:3:3:3:3:3:3:3:3:3:3:3:3:3:3:2:2:3:3:2:2:3:3:3:3:3:0:0:0:0:0:0:1:0:0:1:0:1:0:1:0:1:0:0:0:1:0:0:0:0:0:13:,24,1.953125e-05,1.0,
Q,0,14,explore:3:3:3:3:3:3:3:3:3:3:3:3:3:3:2:2:3:3:2:2:3:3:3:3:3:0:0:0:0:0:0:1:0:0:1:0:1:0:1:0:1:0:0:0:1:0:0:0:0:0:13:,14,0.190009765625,1.0,

Q,0,14,explore:3:3:3:3:3:3:3:3:3:3:3:2:3:2:2:2:3:3:2:2:3:3:3:3:3:0:0:0:0:0:0:1:0:0:1:0:1:0:1:0:1:0:0:0:1:0:0:0:0:0:13:,24,0.0,1.0,
Q,0,14,explore:3:3:3:3:3:3:3:3:3:3:3:2:3:2:2:2:3:3:2:2:3:3:3:3:3:0:0:0:0:0:0:1:0:0:1:0:1:0:1:0:1:0:0:0:1:0:0:0:0:0:13:,14,0.126666666667,1.0,

Q,0,14,explore:3:3:3:3:3:3:3:3:3:3:3:3:3:3:2:3:3:3:3:3:3:3:3:3:3:0:0:0:0:0:0:0:0:0:0:1:0:0:0:1:0:0:0:0:0:0:0:0:0:0:13:,5,7.125,1.0,
Q,0,14,explore:3:3:3:3:3:3:3:3:3:3:3:3:3:3:2:3:3:3:3:3:3:3:3:3:3:0:0:0:0:0:0:0:0:0:0:1:0:0:0:1:0:0:0:0:0:0:0:0:0:0:13:,12,0.0087890625,1.0,
Q,0,14,explore:3:3:3:3:3:3:3:3:3:3:3:3:3:3:2:3:3:3:3:3:3:3:3:3:3:0:0:0:0:0:0:0:0:0:0:1:0:0:0:1:0:0:0:0:0:0:0:0:0:0:13:,13,0.0,1.0,
Q,0,14,explore:3:3:3:3:3:3:3:3:3:3:3:3:3:3:2:3:3:3:3:3:3:3:3:3:3:0:0:0:0:0:0:0:0:0:0:1:0:0:0:1:0:0:0:0:0:0:0:0:0:0:13:,14,64.1251302083,1.0,
Q,0,14,explore:3:3:3:3:3:3:3:3:3:3:3:3:3:3:2:3:3:3:3:3:3:3:3:3:3:0:0:0:0:0:0:0:0:0:0:1:0:0:0:1:0:0:0:0:0:0:0:0:0:0:13:,15,0.06,1.0,
Q,0,14,explore:3:3:3:3:3:3:3:3:3:3:3:3:3:3:2:3:3:3:3:3:3:3:3:3:3:0:0:0:0:0:0:0:0:0:0:1:0:0:0:1:0:0:0:0:0:0:0:0:0:0:13:,17,0.0,1.0,
Q,0,14,explore:3:3:3:3:3:3:3:3:3:3:3:3:3:3:2:3:3:3:3:3:3:3:3:3:3:0:0:0:0:0:0:0:0:0:0:1:0:0:0:1:0:0:0:0:0:0:0:0:0:0:13:,19,51.0,1.0,
Q,0,14,explore:3:3:3:3:3:3:3:3:3:3:3:3:3:3:2:3:3:3:3:3:3:3:3:3:3:0:0:0:0:0:0:0:0:0:0:1:0:0:0:1:0:0:0:0:0:0:0:0:0:0:13:,21,0.00017578125,1.0,
Q,0,14,explore:3:3:3:3:3:3:3:3:3:3:3:3:3:3:2:3:3:3:3:3:3:3:3:3:3:0:0:0:0:0:0:0:0:0:0:1:0:0:0:1:0:0:0:0:0:0:0:0:0:0:13:,22,14.2502604167,1.0,
Q,0,14,explore:3:3:3:3:3:3:3:3:3:3:3:3:3:3:2:3:3:3:3:3:3:3:3:3:3:0:0:0:0:0:0:0:0:0:0:1:0:0:0:1:0:0:0:0:0:0:0:0:0:0:13:,23,0.890625,1.0,

Q,0,14,explore:3:3:3:3:3:3:3:3:3:3:3:3:3:3:2:3:3:3:2:3:3:3:3:3:3:0:0:0:0:0:0:1:0:0:1:0:1:0:1:0:1:0:0:0:1:0:0:0:0:0:13:,19,0.0,1.0,
Q,0,14,explore:3:3:3:3:3:3:3:3:3:3:3:3:3:3:2:3:3:3:2:3:3:3:3:3:3:0:0:0:0:0:0:1:0:0:1:0:1:0:1:0:1:0:0:0:1:0:0:0:0:0:13:,1,3.5625,1.0,
Q,0,14,explore:3:3:3:3:3:3:3:3:3:3:3:3:3:3:2:3:3:3:2:3:3:3:3:3:3:0:0:0:0:0:0:1:0:0:1:0:1:0:1:0:1:0:0:0:1:0:0:0:0:0:13:,3,37.125,1.0,
Q,0,14,explore:3:3:3:3:3:3:3:3:3:3:3:3:3:3:2:3:3:3:2:3:3:3:3:3:3:0:0:0:0:0:0:1:0:0:1:0:1:0:1:0:1:0:0:0:1:0:0:0:0:0:13:,14,9.47125,1.0,
Q,0,14,explore:3:3:3:3:3:3:3:3:3:3:3:3:3:3:2:3:3:3:2:3:3:3:3:3:3:0:0:0:0:0:0:1:0:0:1:0:1:0:1:0:1:0:0:0:1:0:0:0:0:0:13:,7,28.51625,1.0,

Q,0,14,explore:3:3:3:3:3:3:3:3:3:3:3:3:3:3:3:3:3:3:3:3:3:3:3:3:3:0:0:0:0:0:0:0:0:0:0:1:0:0:0:1:0:0:0:0:0:0:0:0:0:0:13:,5,29.42578125,1.0,
Q,0,14,explore:3:3:3:3:3:3:3:3:3:3:3:3:3:3:3:3:3:3:3:3:3:3:3:3:3:0:0:0:0:0:0:0:0:0:0:1:0:0:0:1:0:0:0:0:0:0:0:0:0:0:13:,12,4.5,1.0,
Q,0,14,explore:3:3:3:3:3:3:3:3:3:3:3:3:3:3:3:3:3:3:3:3:3:3:3:3:3:0:0:0:0:0:0:0:0:0:0:1:0:0:0:1:0:0:0:0:0:0:0:0:0:0:13:,14,58.78125,1.0,
Q,0,14,explore:3:3:3:3:3:3:3:3:3:3:3:3:3:3:3:3:3:3:3:3:3:3:3:3:3:0:0:0:0:0:0:0:0:0:0:1:0:0:0:1:0:0:0:0:0:0:0:0:0:0:13:,18,0.0,1.0,
Q,0,14,explore:3:3:3:3:3:3:3:3:3:3:3:3:3:3:3:3:3:3:3:3:3:3:3:3:3:0:0:0:0:0:0:0:0:0:0:1:0:0:0:1:0:0:0:0:0:0:0:0:0:0:13:,22,0.0,1.0,
Q,0,14,explore:3:3:3:3:3:3:3:3:3:3:3:3:3:3:3:3:3:3:3:3:3:3:3:3:3:0:0:0:0:0:0:0:0:0:0:1:0:0:0:1:0:0:0:0:0:0:0:0:0:0:13:,23,7.125,1.0,


Q,0,15,explore:3:3:3:3:3:3:3:3:3:3:3:3:3:3:2:3:3:3:2:3:3:3:3:3:3:0:0:0:0:0:0:1:0:0:1:0:1:0:1:0:1:0:0:0:1:0:0:0:0:0:14:,0,0.0,1.0,
Q,0,15,explore:3:3:3:3:3:3:3:3:3:3:3:3:3:3:2:3:3:3:2:3:3:3:3:3:3:0:0:0:0:0:0:1:0:0:1:0:1:0:1:0:1:0:0:0:1:0:0:0:0:0:14:,5,3.5625,1.0,
Q,0,15,explore:3:3:3:3:3:3:3:3:3:3:3:3:3:3:2:3:3:3:2:3:3:3:3:3:3:0:0:0:0:0:0:1:0:0:1:0:1:0:1:0:1:0:0:0:1:0:0:0:0:0:14:,7,0.111328125,1.0,
Q,0,15,explore:3:3:3:3:3:3:3:3:3:3:3:3:3:3:2:3:3:3:2:3:3:3:3:3:3:0:0:0:0:0:0:1:0:0:1:0:1:0:1:0:1:0:0:0:1:0:0:0:0:0:14:,10,0.02375,1.0,
Q,0,15,explore:3:3:3:3:3:3:3:3:3:3:3:3:3:3:2:3:3:3:2:3:3:3:3:3:3:0:0:0:0:0:0:1:0:0:1:0:1:0:1:0:1:0:0:0:1:0:0:0:0:0:14:,15,40.0,1.0,
Q,0,15,explore:3:3:3:3:3:3:3:3:3:3:3:3:3:3:2:3:3:3:2:3:3:3:3:3:3:0:0:0:0:0:0:1:0:0:1:0:1:0:1:0:1:0:0:0:1:0:0:0:0:0:14:,18,33.00296875,1.0,
Q,0,15,explore:3:3:3:3:3:3:3:3:3:3:3:3:3:3:2:3:3:3:2:3:3:3:3:3:3:0:0:0:0:0:0:1:0:0:1:0:1:0:1:0:1:0:0:0:1:0:0:0:0:0:14:,22,0.0,1.0,

Q,0,15,explore:3:3:3:3:3:3:3:3:3:3:3:3:3:3:2:3:3:3:3:3:3:3:3:3:3:0:0:0:0:0:0:1:0:0:1:0:1:0:1:0:1:0:0:0:1:0:0:0:0:0:14:,3,0.0,1.0,
Q,0,15,explore:3:3:3:3:3:3:3:3:3:3:3:3:3:3:2:3:3:3:3:3:3:3:3:3:3:0:0:0:0:0:0:1:0:0:1:0:1:0:1:0:1:0:0:0:1:0:0:0:0:0:14:,6,0.0,1.0,
Q,0,15,explore:3:3:3:3:3:3:3:3:3:3:3:3:3:3:2:3:3:3:3:3:3:3:3:3:3:0:0:0:0:0:0:1:0:0:1:0:1:0:1:0:1:0:0:0:1:0:0:0:0:0:14:,12,0.228828125,1.0,
Q,0,15,explore:3:3:3:3:3:3:3:3:3:3:3:3:3:3:2:3:3:3:3:3:3:3:3:3:3:0:0:0:0:0:0:1:0:0:1:0:1:0:1:0:1:0:0:0:1:0:0:0:0:0:14:,13,6.0,1.0,
Q,0,15,explore:3:3:3:3:3:3:3:3:3:3:3:3:3:3:2:3:3:3:3:3:3:3:3:3:3:0:0:0:0:0:0:1:0:0:1:0:1:0:1:0:1:0:0:0:1:0:0:0:0:0:14:,15,40.0,1.0,
Q,0,15,explore:3:3:3:3:3:3:3:3:3:3:3:3:3:3:2:3:3:3:3:3:3:3:3:3:3:0:0:0:0:0:0:1:0:0:1:0:1:0:1:0:1:0:0:0:1:0:0:0:0:0:14:,16,0.09,1.0,
Q,0,15,explore:3:3:3:3:3:3:3:3:3:3:3:3:3:3:2:3:3:3:3:3:3:3:3:3:3:0:0:0:0:0:0:1:0:0:1:0:1:0:1:0:1:0:0:0:1:0:0:0:0:0:14:,23,0.0,1.0,
Q,0,15,explore:3:3:3:3:3:3:3:3:3:3:3:3:3:3:2:3:3:3:3:3:3:3:3:3:3:0:0:0:0:0:0:1:0:0:1:0:1:0:1:0:1:0:0:0:1:0:0:0:0:0:14:,26,0.0,1.0,

Q,0,15,explore:3:3:3:3:3:3:3:3:3:3:3:3:3:3:2:3:3:3:3:3:3:3:3:3:3:0:0:0:0:0:0:0:0:0:0:1:0:0:0:1:0:0:0:0:0:0:0:0:0:0:14:,0,0.0,1.0,
Q,0,15,explore:3:3:3:3:3:3:3:3:3:3:3:3:3:3:2:3:3:3:3:3:3:3:3:3:3:0:0:0:0:0:0:0:0:0:0:1:0:0:0:1:0:0:0:0:0:0:0:0:0:0:14:,1,0.0,1.0,
Q,0,15,explore:3:3:3:3:3:3:3:3:3:3:3:3:3:3:2:3:3:3:3:3:3:3:3:3:3:0:0:0:0:0:0:0:0:0:0:1:0:0:0:1:0:0:0:0:0:0:0:0:0:0:14:,2,28.5009375,1.0,
Q,0,15,explore:3:3:3:3:3:3:3:3:3:3:3:3:3:3:2:3:3:3:3:3:3:3:3:3:3:0:0:0:0:0:0:0:0:0:0:1:0:0:0:1:0:0:0:0:0:0:0:0:0:0:14:,3,0.0,1.0,
Q,0,15,explore:3:3:3:3:3:3:3:3:3:3:3:3:3:3:2:3:3:3:3:3:3:3:3:3:3:0:0:0:0:0:0:0:0:0:0:1:0:0:0:1:0:0:0:0:0:0:0:0:0:0:14:,4,3.890625,1.0,
Q,0,15,explore:3:3:3:3:3:3:3:3:3:3:3:3:3:3:2:3:3:3:3:3:3:3:3:3:3:0:0:0:0:0:0:0:0:0:0:1:0:0:0:1:0:0:0:0:0:0:0:0:0:0:14:,5,0.0,1.0,
Q,0,15,explore:3:3:3:3:3:3:3:3:3:3:3:3:3:3:2:3:3:3:3:3:3:3:3:3:3:0:0:0:0:0:0:0:0:0:0:1:0:0:0:1:0:0:0:0:0:0:0:0:0:0:14:,10,0.0,1.0,
Q,0,15,explore:3:3:3:3:3:3:3:3:3:3:3:3:3:3:2:3:3:3:3:3:3:3:3:3:3:0:0:0:0:0:0:0:0:0:0:1:0:0:0:1:0:0:0:0:0:0:0:0:0:0:14:,11,0.18,1.0,
Q,0,15,explore:3:3:3:3:3:3:3:3:3:3:3:3:3:3:2:3:3:3:3:3:3:3:3:3:3:0:0:0:0:0:0:0:0:0:0:1:0:0:0:1:0:0:0:0:0:0:0:0:0:0:14:,12,30.0266666667,1.0,
Q,0,15,explore:3:3:3:3:3:3:3:3:3:3:3:3:3:3:2:3:3:3:3:3:3:3:3:3:3:0:0:0:0:0:0:0:0:0:0:1:0:0:0:1:0:0:0:0:0:0:0:0:0:0:14:,13,0.5625,1.0,
Q,0,15,explore:3:3:3:3:3:3:3:3:3:3:3:3:3:3:2:3:3:3:3:3:3:3:3:3:3:0:0:0:0:0:0:0:0:0:0:1:0:0:0:1:0:0:0:0:0:0:0:0:0:0:14:,14,49.5,1.0,
Q,0,15,explore:3:3:3:3:3:3:3:3:3:3:3:3:3:3:2:3:3:3:3:3:3:3:3:3:3:0:0:0:0:0:0:0:0:0:0:1:0:0:0:1:0:0:0:0:0:0:0:0:0:0:14:,15,0.133333333333,1.0,
Q,0,15,explore:3:3:3:3:3:3:3:3:3:3:3:3:3:3:2:3:3:3:3:3:3:3:3:3:3:0:0:0:0:0:0:0:0:0:0:1:0:0:0:1:0:0:0:0:0:0:0:0:0:0:14:,20,15.0,1.0,
Q,0,15,explore:3:3:3:3:3:3:3:3:3:3:3:3:3:3:2:3:3:3:3:3:3:3:3:3:3:0:0:0:0:0:0:0:0:0:0:1:0:0:0:1:0:0:0:0:0:0:0:0:0:0:14:,21,0.0,1.0,
Q,0,15,explore:3:3:3:3:3:3:3:3:3:3:3:3:3:3:2:3:3:3:3:3:3:3:3:3:3:0:0:0:0:0:0:0:0:0:0:1:0:0:0:1:0:0:0:0:0:0:0:0:0:0:14:,23,0.032265625,1.0,
Q,0,15,explore:3:3:3:3:3:3:3:3:3:3:3:3:3:3:2:3:3:3:3:3:3:3:3:3:3:0:0:0:0:0:0:0:0:0:0:1:0:0:0:1:0:0:0:0:0:0:0:0:0:0:14:,24,0.0,1.0,
Q,0,15,explore:3:3:3:3:3:3:3:3:3:3:3:3:3:3:2:3:3:3:3:3:3:3:3:3:3:0:0:0:0:0:0:0:0:0:0:1:0:0:0:1:0:0:0:0:0:0:0:0:0:0:14:,25,0.46875,1.0,
Q,0,15,explore:3:3:3:3:3:3:3:3:3:3:3:3:3:3:2:3:3:3:3:3:3:3:3:3:3:0:0:0:0:0:0:0:0:0:0:1:0:0:0:1:0:0:0:0:0:0:0:0:0:0:14:,26,0.0,1.0,

Q,0,15,explore:3:3:3:3:3:3:3:3:3:3:3:3:3:3:2:2:3:3:2:3:3:3:3:3:3:0:0:0:0:0:0:1:0:0:1:0:1:0:1:0:1:0:0:0:1:0:0:0:0:0:14:,20,6.63130859375,1.0,
Q,0,15,explore:3:3:3:3:3:3:3:3:3:3:3:3:3:3:2:2:3:3:2:3:3:3:3:3:3:0:0:0:0:0:0:1:0:0:1:0:1:0:1:0:1:0:0:0:1:0:0:0:0:0:14:,26,1.78125,1.0,
Q,0,15,explore:3:3:3:3:3:3:3:3:3:3:3:3:3:3:2:2:3:3:2:3:3:3:3:3:3:0:0:0:0:0:0:1:0:0:1:0:1:0:1:0:1:0:0:0:1:0:0:0:0:0:14:,4,7.125,1.0,
Q,0,15,explore:3:3:3:3:3:3:3:3:3:3:3:3:3:3:2:2:3:3:2:3:3:3:3:3:3:0:0:0:0:0:0:1:0:0:1:0:1:0:1:0:1:0:0:0:1:0:0:0:0:0:14:,12,0.041875,1.0,
Q,0,15,explore:3:3:3:3:3:3:3:3:3:3:3:3:3:3:2:2:3:3:2:3:3:3:3:3:3:0:0:0:0:0:0:1:0:0:1:0:1:0:1:0:1:0:0:0:1:0:0:0:0:0:14:,15,40.890625,1.0,

Q,0,15,explore:3:3:3:3:3:3:3:3:3:3:3:3:3:3:3:3:3:3:3:3:3:3:3:3:3:0:0:0:0:0:0:0:0:0:1:1:0:0:0:1:1:0:0:1:1:0:0:0:0:0:14:,2,7.7925390625,1.0,
Q,0,15,explore:3:3:3:3:3:3:3:3:3:3:3:3:3:3:3:3:3:3:3:3:3:3:3:3:3:0:0:0:0:0:0:0:0:0:1:1:0:0:0:1:1:0:0:1:1:0:0:0:0:0:14:,9,0.0,1.0,
Q,0,15,explore:3:3:3:3:3:3:3:3:3:3:3:3:3:3:3:3:3:3:3:3:3:3:3:3:3:0:0:0:0:0:0:0:0:0:1:1:0:0:0:1:1:0:0:1:1:0:0:0:0:0:14:,10,3.605625,1.0,
Q,0,15,explore:3:3:3:3:3:3:3:3:3:3:3:3:3:3:3:3:3:3:3:3:3:3:3:3:3:0:0:0:0:0:0:0:0:0:1:1:0:0:0:1:1:0:0:1:1:0:0:0:0:0:14:,11,19.8050390625,1.0,
Q,0,15,explore:3:3:3:3:3:3:3:3:3:3:3:3:3:3:3:3:3:3:3:3:3:3:3:3:3:0:0:0:0:0:0:0:0:0:1:1:0:0:0:1:1:0:0:1:1:0:0:0:0:0:14:,12,27.0239355469,1.0,
Q,0,15,explore:3:3:3:3:3:3:3:3:3:3:3:3:3:3:3:3:3:3:3:3:3:3:3:3:3:0:0:0:0:0:0:0:0:0:1:1:0:0:0:1:1:0:0:1:1:0:0:0:0:0:14:,13,76.1250488281,1.0,
Q,0,15,explore:3:3:3:3:3:3:3:3:3:3:3:3:3:3:3:3:3:3:3:3:3:3:3:3:3:0:0:0:0:0:0:0:0:0:1:1:0:0:0:1:1:0:0:1:1:0:0:0:0:0:14:,14,84.0556640625,1.0,
Q,0,15,explore:3:3:3:3:3:3:3:3:3:3:3:3:3:3:3:3:3:3:3:3:3:3:3:3:3:0:0:0:0:0:0:0:0:0:1:1:0:0:0:1:1:0:0:1:1:0:0:0:0:0:14:,15,0.29796875,1.0,
Q,0,15,explore:3:3:3:3:3:3:3:3:3:3:3:3:3:3:3:3:3:3:3:3:3:3:3:3:3:0:0:0:0:0:0:0:0:0:1:1:0:0:0:1:1:0:0:1:1:0:0:0:0:0:14:,16,0.09,1.0,
Q,0,15,explore:3:3:3:3:3:3:3:3:3:3:3:3:3:3:3:3:3:3:3:3:3:3:3:3:3:0:0:0:0:0:0:0:0:0:1:1:0:0:0:1:1:0:0:1:1:0:0:0:0:0:14:,17,0.09796875,1.0,
Q,0,15,explore:3:3:3:3:3:3:3:3:3:3:3:3:3:3:3:3:3:3:3:3:3:3:3:3:3:0:0:0:0:0:0:0:0:0:1:1:0:0:0:1:1:0:0:1:1:0:0:0:0:0:14:,20,28.665234375,1.0,
Q,0,15,explore:3:3:3:3:3:3:3:3:3:3:3:3:3:3:3:3:3:3:3:3:3:3:3:3:3:0:0:0:0:0:0:0:0:0:1:1:0:0:0:1:1:0:0:1:1:0:0:0:0:0:14:,21,0.04787109375,1.0,
Q,0,15,explore:3:3:3:3:3:3:3:3:3:3:3:3:3:3:3:3:3:3:3:3:3:3:3:3:3:0:0:0:0:0:0:0:0:0:1:1:0:0:0:1:1:0:0:1:1:0:0:0:0:0:14:,24,0.4453125,1.0,

Q,0,15,explore:3:3:3:3:3:3:3:3:3:3:3:2:3:2:2:2:3:3:2:2:3:3:3:3:3:0:0:0:0:0:0:1:0:0:1:0:1:0:1:0:1:0:0:0:1:0:0:0:0:0:14:,17,0.0,1.0,
Q,0,15,explore:3:3:3:3:3:3:3:3:3:3:3:2:3:2:2:2:3:3:2:2:3:3:3:3:3:0:0:0:0:0:0:1:0:0:1:0:1:0:1:0:1:0:0:0:1:0:0:0:0:0:14:,19,36.0,1.0,
Q,0,15,explore:3:3:3:3:3:3:3:3:3:3:3:2:3:2:2:2:3:3:2:2:3:3:3:3:3:0:0:0:0:0:0:1:0:0:1:0:1:0:1:0:1:0:0:0:1:0:0:0:0:0:14:,15,49.0,1.0,

Q,0,15,explore:3:3:3:3:3:3:3:3:3:3:3:3:3:3:2:2:3:3:2:2:3:3:3:3:3:0:0:0:0:0:0:1:0:0:1:0:1:0:1:0:1:0:0:0:1:0:0:0:0:0:14:,1,0.1213671875,1.0,
Q,0,15,explore:3:3:3:3:3:3:3:3:3:3:3:3:3:3:2:2:3:3:2:2:3:3:3:3:3:0:0:0:0:0:0:1:0:0:1:0:1:0:1:0:1:0:0:0:1:0:0:0:0:0:14:,5,0.000625,1.0,
Q,0,15,explore:3:3:3:3:3:3:3:3:3:3:3:3:3:3:2:2:3:3:2:2:3:3:3:3:3:0:0:0:0:0:0:1:0:0:1:0:1:0:1:0:1:0:0:0:1:0:0:0:0:0:14:,9,0.011875,1.0,
Q,0,15,explore:3:3:3:3:3:3:3:3:3:3:3:3:3:3:2:2:3:3:2:2:3:3:3:3:3:0:0:0:0:0:0:1:0:0:1:0:1:0:1:0:1:0:0:0:1:0:0:0:0:0:14:,11,28.5556640625,1.0,
Q,0,15,explore:3:3:3:3:3:3:3:3:3:3:3:3:3:3:2:2:3:3:2:2:3:3:3:3:3:0:0:0:0:0:0:1:0:0:1:0:1:0:1:0:1:0:0:0:1:0:0:0:0:0:14:,15,40.0133333333,1.0,
Q,0,15,explore:3:3:3:3:3:3:3:3:3:3:3:3:3:3:2:2:3:3:2:2:3:3:3:3:3:0:0:0:0:0:0:1:0:0:1:0:1:0:1:0:1:0:0:0:1:0:0:0:0:0:14:,16,0.0533333333333,1.0,
Q,0,15,explore:3:3:3:3:3:3:3:3:3:3:3:3:3:3:2:2:3:3:2:2:3:3:3:3:3:0:0:0:0:0:0:1:0:0:1:0:1:0:1:0:1:0:0:0:1:0:0:0:0:0:14:,22,0.00037109375,1.0,
Q,0,15,explore:3:3:3:3:3:3:3:3:3:3:3:3:3:3:2:2:3:3:2:2:3:3:3:3:3:0:0:0:0:0:0:1:0:0:1:0:1:0:1:0:1:0:0:0:1:0:0:0:0:0:14:,23,1.6875,1.0,

Q,0,15,explore:3:3:3:3:3:3:3:3:3:3:3:3:3:3:3:3:3:3:3:3:3:3:3:3:3:0:0:0:0:0:0:0:0:0:0:1:0:0:0:1:0:0:0:0:0:0:0:0:0:0:14:,0,3.375,1.0,
Q,0,15,explore:3:3:3:3:3:3:3:3:3:3:3:3:3:3:3:3:3:3:3:3:3:3:3:3:3:0:0:0:0:0:0:0:0:0:0:1:0:0:0:1:0:0:0:0:0:0:0:0:0:0:14:,1,0.3837890625,1.0,
Q,0,15,explore:3:3:3:3:3:3:3:3:3:3:3:3:3:3:3:3:3:3:3:3:3:3:3:3:3:0:0:0:0:0:0:0:0:0:0:1:0:0:0:1:0:0:0:0:0:0:0:0:0:0:14:,2,42.0,1.0,
Q,0,15,explore:3:3:3:3:3:3:3:3:3:3:3:3:3:3:3:3:3:3:3:3:3:3:3:3:3:0:0:0:0:0:0:0:0:0:0:1:0:0:0:1:0:0:0:0:0:0:0:0:0:0:14:,3,29.390625,1.0,
Q,0,15,explore:3:3:3:3:3:3:3:3:3:3:3:3:3:3:3:3:3:3:3:3:3:3:3:3:3:0:0:0:0:0:0:0:0:0:0:1:0:0:0:1:0:0:0:0:0:0:0:0:0:0:14:,4,32.0903320312,2.0,
Q,0,15,explore:3:3:3:3:3:3:3:3:3:3:3:3:3:3:3:3:3:3:3:3:3:3:3:3:3:0:0:0:0:0:0:0:0:0:0:1:0:0:0:1:0:0:0:0:0:0:0:0:0:0:14:,5,4.265625,1.0,
Q,0,15,explore:3:3:3:3:3:3:3:3:3:3:3:3:3:3:3:3:3:3:3:3:3:3:3:3:3:0:0:0:0:0:0:0:0:0:0:1:0:0:0:1:0:0:0:0:0:0:0:0:0:0:14:,6,0.767578125,1.0,
Q,0,15,explore:3:3:3:3:3:3:3:3:3:3:3:3:3:3:3:3:3:3:3:3:3:3:3:3:3:0:0:0:0:0:0:0:0:0:0:1:0:0:0:1:0:0:0:0:0:0:0:0:0:0:14:,7,0.19,1.0,
Q,0,15,explore:3:3:3:3:3:3:3:3:3:3:3:3:3:3:3:3:3:3:3:3:3:3:3:3:3:0:0:0:0:0:0:0:0:0:0:1:0:0:0:1:0:0:0:0:0:0:0:0:0:0:14:,8,0.0,1.0,
Q,0,15,explore:3:3:3:3:3:3:3:3:3:3:3:3:3:3:3:3:3:3:3:3:3:3:3:3:3:0:0:0:0:0:0:0:0:0:0:1:0:0:0:1:0:0:0:0:0:0:0:0:0:0:14:,9,0.0,1.0,
Q,0,15,explore:3:3:3:3:3:3:3:3:3:3:3:3:3:3:3:3:3:3:3:3:3:3:3:3:3:0:0:0:0:0:0:0:0:0:0:1:0:0:0:1:0:0:0:0:0:0:0:0:0:0:14:,10,27.0,1.0,
Q,0,15,explore:3:3:3:3:3:3:3:3:3:3:3:3:3:3:3:3:3:3:3:3:3:3:3:3:3:0:0:0:0:0:0:0:0:0:0:1:0:0:0:1:0:0:0:0:0:0:0:0:0:0:14:,11,2.28,1.0,
Q,0,15,explore:3:3:3:3:3:3:3:3:3:3:3:3:3:3:3:3:3:3:3:3:3:3:3:3:3:0:0:0:0:0:0:0:0:0:0:1:0:0:0:1:0:0:0:0:0:0:0:0:0:0:14:,12,59.3012695312,2.0,
Q,0,15,explore:3:3:3:3:3:3:3:3:3:3:3:3:3:3:3:3:3:3:3:3:3:3:3:3:3:0:0:0:0:0:0:0:0:0:0:1:0:0:0:1:0:0:0:0:0:0:0:0:0:0:14:,13,27.755859375,1.0,
Q,0,15,explore:3:3:3:3:3:3:3:3:3:3:3:3:3:3:3:3:3:3:3:3:3:3:3:3:3:0:0:0:0:0:0:0:0:0:0:1:0:0:0:1:0:0:0:0:0:0:0:0:0:0:14:,14,53.42578125,1.0,
Q,0,15,explore:3:3:3:3:3:3:3:3:3:3:3:3:3:3:3:3:3:3:3:3:3:3:3:3:3:0:0:0:0:0:0:0:0:0:0:1:0:0:0:1:0:0:0:0:0:0:0:0:0:0:14:,15,29.590625,1.0,
Q,0,15,explore:3:3:3:3:3:3:3:3:3:3:3:3:3:3:3:3:3:3:3:3:3:3:3:3:3:0:0:0:0:0:0:0:0:0:0:1:0:0:0:1:0:0:0:0:0:0:0:0:0:0:14:,16,45.7763671875,1.0,
Q,0,15,explore:3:3:3:3:3:3:3:3:3:3:3:3:3:3:3:3:3:3:3:3:3:3:3:3:3:0:0:0:0:0:0:0:0:0:0:1:0:0:0:1:0:0:0:0:0:0:0:0:0:0:14:,17,0.111328125,1.0,
Q,0,15,explore:3:3:3:3:3:3:3:3:3:3:3:3:3:3:3:3:3:3:3:3:3:3:3:3:3:0:0:0:0:0:0:0:0:0:0:1:0:0:0:1:0:0:0:0:0:0:0:0:0:0:14:,18,6.0,1.0,
Q,0,15,explore:3:3:3:3:3:3:3:3:3:3:3:3:3:3:3:3:3:3:3:3:3:3:3:3:3:0:0:0:0:0:0:0:0:0:0:1:0:0:0:1:0:0:0:0:0:0:0:0:0:0:14:,19,55.51171875,1.0,
Q,0,15,explore:3:3:3:3:3:3:3:3:3:3:3:3:3:3:3:3:3:3:3:3:3:3:3:3:3:0:0:0:0:0:0:0:0:0:0:1:0:0:0:1:0:0:0:0:0:0:0:0:0:0:14:,20,24.5625,1.0,
Q,0,15,explore:3:3:3:3:3:3:3:3:3:3:3:3:3:3:3:3:3:3:3:3:3:3:3:3:3:0:0:0:0:0:0:0:0:0:0:1:0:0:0:1:0:0:0:0:0:0:0:0:0:0:14:,21,0.421875,1.0,
Q,0,15,explore:3:3:3:3:3:3:3:3:3:3:3:3:3:3:3:3:3:3:3:3:3:3:3:3:3:0:0:0:0:0:0:0:0:0:0:1:0:0:0:1:0:0:0:0:0:0:0:0:0:0:14:,22,48.0,1.0,
Q,0,15,explore:3:3:3:3:3:3:3:3:3:3:3:3:3:3:3:3:3:3:3:3:3:3:3:3:3:0:0:0:0:0:0:0:0:0:0:1:0:0:0:1:0:0:0:0:0:0:0:0:0:0:14:,23,0.0,1.0,
Q,0,15,explore:3:3:3:3:3:3:3:3:3:3:3:3:3:3:3:3:3:3:3:3:3:3:3:3:3:0:0:0:0:0:0:0:0:0:0:1:0:0:0:1:0:0:0:0:0:0:0:0:0:0:14:,24,0.0556640625,1.0,
Q,0,15,explore:3:3:3:3:3:3:3:3:3:3:3:3:3:3:3:3:3:3:3:3:3:3:3:3:3:0:0:0:0:0:0:0:0:0:0:1:0:0:0:1:0:0:0:0:0:0:0:0:0:0:14:,25,8.53125,1.0,
Q,0,15,explore:3:3:3:3:3:3:3:3:3:3:3:3:3:3:3:3:3:3:3:3:3:3:3:3:3:0:0:0:0:0:0:0:0:0:0:1:0:0:0:1:0:0:0:0:0:0:0:0:0:0:14:,26,0.0,1.0,

Q,0,15,explore:3:3:3:3:3:3:3:3:3:3:3:2:3:3:2:2:3:3:2:2:3:3:3:3:3:0:0:0:0:0:0:1:0:0:1:0:1:0:1:0:1:0:0:0:1:0:0:0:0:0:14:,8,1.54924479167,1.0,
Q,0,15,explore:3:3:3:3:3:3:3:3:3:3:3:2:3:3:2:2:3:3:2:2:3:3:3:3:3:0:0:0:0:0:0:1:0:0:1:0:1:0:1:0:1:0:0:0:1:0:0:0:0:0:14:,2,0.02375,1.0,
Q,0,15,explore:3:3:3:3:3:3:3:3:3:3:3:2:3:3:2:2:3:3:2:2:3:3:3:3:3:0:0:0:0:0:0:1:0:0:1:0:1:0:1:0:1:0:0:0:1:0:0:0:0:0:14:,7,0.0,1.0,
Q,0,15,explore:3:3:3:3:3:3:3:3:3:3:3:2:3:3:2:2:3:3:2:2:3:3:3:3:3:0:0:0:0:0:0:1:0:0:1:0:1:0:1:0:1:0:0:0:1:0:0:0:0:0:14:,15,40.0059375,1.0,


Q,0,16,explore:3:3:3:3:3:3:3:3:3:3:3:3:3:3:2:3:3:3:3:3:3:3:3:3:3:0:0:0:0:0:0:1:0:0:1:0:1:0:1:0:1:0:0:0:1:0:0:0:0:0:15:,0,0.01125,1.0,
Q,0,16,explore:3:3:3:3:3:3:3:3:3:3:3:3:3:3:2:3:3:3:3:3:3:3:3:3:3:0:0:0:0:0:0:1:0:0:1:0:1:0:1:0:1:0:0:0:1:0:0:0:0:0:15:,4,4.03125,1.0,
Q,0,16,explore:3:3:3:3:3:3:3:3:3:3:3:3:3:3:2:3:3:3:3:3:3:3:3:3:3:0:0:0:0:0:0:1:0:0:1:0:1:0:1:0:1:0:0:0:1:0:0:0:0:0:15:,6,0.0,1.0,
Q,0,16,explore:3:3:3:3:3:3:3:3:3:3:3:3:3:3:2:3:3:3:3:3:3:3:3:3:3:0:0:0:0:0:0:1:0:0:1:0:1:0:1:0:1:0:0:0:1:0:0:0:0:0:15:,12,0.05,1.0,
Q,0,16,explore:3:3:3:3:3:3:3:3:3:3:3:3:3:3:2:3:3:3:3:3:3:3:3:3:3:0:0:0:0:0:0:1:0:0:1:0:1:0:1:0:1:0:0:0:1:0:0:0:0:0:15:,14,0.0,1.0,
Q,0,16,explore:3:3:3:3:3:3:3:3:3:3:3:3:3:3:2:3:3:3:3:3:3:3:3:3:3:0:0:0:0:0:0:1:0:0:1:0:1:0:1:0:1:0:0:0:1:0:0:0:0:0:15:,16,2.205625,1.0,
Q,0,16,explore:3:3:3:3:3:3:3:3:3:3:3:3:3:3:2:3:3:3:3:3:3:3:3:3:3:0:0:0:0:0:0:1:0:0:1:0:1:0:1:0:1:0:0:0:1:0:0:0:0:0:15:,20,0.0,1.0,
Q,0,16,explore:3:3:3:3:3:3:3:3:3:3:3:3:3:3:2:3:3:3:3:3:3:3:3:3:3:0:0:0:0:0:0:1:0:0:1:0:1:0:1:0:1:0:0:0:1:0:0:0:0:0:15:,23,11.625,1.0,

Q,0,16,explore:3:3:3:3:3:3:3:3:3:3:3:3:3:3:2:3:3:3:3:3:3:3:3:3:3:0:0:0:0:0:0:0:0:0:0:1:0:0:0:1:0:0:0:0:0:0:0:0:0:0:15:,0,0.0,1.0,
Q,0,16,explore:3:3:3:3:3:3:3:3:3:3:3:3:3:3:2:3:3:3:3:3:3:3:3:3:3:0:0:0:0:0:0:0:0:0:0:1:0:0:0:1:0:0:0:0:0:0:0:0:0:0:15:,2,0.258125,1.0,
Q,0,16,explore:3:3:3:3:3:3:3:3:3:3:3:3:3:3:2:3:3:3:3:3:3:3:3:3:3:0:0:0:0:0:0:0:0:0:0:1:0:0:0:1:0:0:0:0:0:0:0:0:0:0:15:,3,0.234375,1.0,
Q,0,16,explore:3:3:3:3:3:3:3:3:3:3:3:3:3:3:2:3:3:3:3:3:3:3:3:3:3:0:0:0:0:0:0:0:0:0:0:1:0:0:0:1:0:0:0:0:0:0:0:0:0:0:15:,7,0.0,1.0,
Q,0,16,explore:3:3:3:3:3:3:3:3:3:3:3:3:3:3:2:3:3:3:3:3:3:3:3:3:3:0:0:0:0:0:0:0:0:0:0:1:0:0:0:1:0:0:0:0:0:0:0:0:0:0:15:,8,4.125,1.0,
Q,0,16,explore:3:3:3:3:3:3:3:3:3:3:3:3:3:3:2:3:3:3:3:3:3:3:3:3:3:0:0:0:0:0:0:0:0:0:0:1:0:0:0:1:0:0:0:0:0:0:0:0:0:0:15:,12,62.361328125,1.0,
Q,0,16,explore:3:3:3:3:3:3:3:3:3:3:3:3:3:3:2:3:3:3:3:3:3:3:3:3:3:0:0:0:0:0:0:0:0:0:0:1:0:0:0:1:0:0:0:0:0:0:0:0:0:0:15:,16,88.1806640625,1.0,
Q,0,16,explore:3:3:3:3:3:3:3:3:3:3:3:3:3:3:2:3:3:3:3:3:3:3:3:3:3:0:0:0:0:0:0:0:0:0:0:1:0:0:0:1:0:0:0:0:0:0:0:0:0:0:15:,20,48.0,1.0,
Q,0,16,explore:3:3:3:3:3:3:3:3:3:3:3:3:3:3:2:3:3:3:3:3:3:3:3:3:3:0:0:0:0:0:0:0:0:0:0:1:0:0:0:1:0:0:0:0:0:0:0:0:0:0:15:,24,0.515625,1.0,

Q,0,16,explore:3:3:3:3:3:3:3:3:3:3:3:3:3:3:2:3:3:3:2:3:3:3:3:3:3:0:0:0:0:0:0:1:0:0:1:0:1:0:1:0:1:0:0:0:1:0:0:0:0:0:15:,16,0.2456640625,1.0,
Q,0,16,explore:3:3:3:3:3:3:3:3:3:3:3:3:3:3:2:3:3:3:2:3:3:3:3:3:3:0:0:0:0:0:0:1:0:0:1:0:1:0:1:0:1:0:0:0:1:0:0:0:0:0:15:,18,0.111328125,1.0,
Q,0,16,explore:3:3:3:3:3:3:3:3:3:3:3:3:3:3:2:3:3:3:2:3:3:3:3:3:3:0:0:0:0:0:0:1:0:0:1:0:1:0:1:0:1:0:0:0:1:0:0:0:0:0:15:,26,0.0,1.0,
Q,0,16,explore:3:3:3:3:3:3:3:3:3:3:3:3:3:3:2:3:3:3:2:3:3:3:3:3:3:0:0:0:0:0:0:1:0:0:1:0:1:0:1:0:1:0:0:0:1:0:0:0:0:0:15:,14,0.0,1.0,

Q,0,16,explore:3:3:3:3:3:3:3:3:3:3:3:3:3:3:3:3:3:3:3:3:3:3:3:3:3:0:0:0:0:0:0:0:0:0:0:1:0:0:0:1:0:0:0:0:0:0:0:0:0:0:15:,7,0.4453125,1.0,
Q,0,16,explore:3:3:3:3:3:3:3:3:3:3:3:3:3:3:3:3:3:3:3:3:3:3:3:3:3:0:0:0:0:0:0:0:0:0:0:1:0:0:0:1:0:0:0:0:0:0:0:0:0:0:15:,14,14.765625,1.0,
Q,0,16,explore:3:3:3:3:3:3:3:3:3:3:3:3:3:3:3:3:3:3:3:3:3:3:3:3:3:0:0:0:0:0:0:0:0:0:0:1:0:0:0:1:0:0:0:0:0:0:0:0:0:0:15:,16,57.0,1.0,
Q,0,16,explore:3:3:3:3:3:3:3:3:3:3:3:3:3:3:3:3:3:3:3:3:3:3:3:3:3:0:0:0:0:0:0:0:0:0:0:1:0:0:0:1:0:0:0:0:0:0:0:0:0:0:15:,20,54.2109375,1.0,
Q,0,16,explore:3:3:3:3:3:3:3:3:3:3:3:3:3:3:3:3:3:3:3:3:3:3:3:3:3:0:0:0:0:0:0:0:0:0:0:1:0:0:0:1:0:0:0:0:0:0:0:0:0:0:15:,22,7.125,1.0,
Q,0,16,explore:3:3:3:3:3:3:3:3:3:3:3:3:3:3:3:3:3:3:3:3:3:3:3:3:3:0:0:0:0:0:0:0:0:0:0:1:0:0:0:1:0:0:0:0:0:0:0:0:0:0:15:,24,12.7763671875,1.0,

Q,0,16,explore:3:3:3:3:3:3:3:3:3:3:3:3:3:3:3:3:3:3:3:3:3:3:3:3:3:0:0:0:0:0:0:0:0:0:1:1:0:0:0:1:1:0:0:1:1:0:0:0:0:0:15:,16,0.1959375,1.0,
Q,0,16,explore:3:3:3:3:3:3:3:3:3:3:3:3:3:3:3:3:3:3:3:3:3:3:3:3:3:0:0:0:0:0:0:0:0:0:1:1:0:0:0:1:1:0:0:1:1:0:0:0:0:0:15:,3,0.0,1.0,
Q,0,16,explore:3:3:3:3:3:3:3:3:3:3:3:3:3:3:3:3:3:3:3:3:3:3:3:3:3:0:0:0:0:0:0:0:0:0:1:1:0:0:0:1:1:0:0:1:1:0:0:0:0:0:15:,6,0.02375,1.0,
Q,0,16,explore:3:3:3:3:3:3:3:3:3:3:3:3:3:3:3:3:3:3:3:3:3:3:3:3:3:0:0:0:0:0:0:0:0:0:1:1:0:0:0:1:1:0:0:1:1:0:0:0:0:0:15:,7,3.375,1.0,

Q,0,16,explore:3:3:3:3:3:3:3:3:3:3:3:2:3:2:2:2:3:3:2:2:3:3:3:3:3:0:0:0:0:0:0:1:0:0:1:0:1:0:1:0:1:0:0:0:1:0:0:0:0:0:15:,16,0.126666666667,1.0,
Q,0,16,explore:3:3:3:3:3:3:3:3:3:3:3:2:3:2:2:2:3:3:2:2:3:3:3:3:3:0:0:0:0:0:0:1:0:0:1:0:1:0:1:0:1:0:0:0:1:0:0:0:0:0:15:,19,28.0158333333,1.0,

Q,0,16,explore:3:3:3:3:3:3:3:3:3:3:3:2:3:3:2:2:3:3:2:2:3:3:3:3:3:0:0:0:0:0:0:1:0:0:1:0:1:0:1:0:1:0:0:0:1:0:0:0:0:0:15:,16,0.183333333333,1.0,
Q,0,16,explore:3:3:3:3:3:3:3:3:3:3:3:2:3:3:2:2:3:3:2:2:3:3:3:3:3:0:0:0:0:0:0:1:0:0:1:0:1:0:1:0:1:0:0:0:1:0:0:0:0:0:15:,20,0.113333333333,1.0,

Q,0,16,explore:3:3:3:3:3:3:3:3:3:3:3:3:3:3:2:2:3:3:2:2:3:3:3:3:3:0:0:0:0:0:0:1:0:0:1:0:1:0:1:0:1:0:0:0:1:0:0:0:0:0:15:,16,0.126783854167,1.0,
Q,0,16,explore:3:3:3:3:3:3:3:3:3:3:3:3:3:3:2:2:3:3:2:2:3:3:3:3:3:0:0:0:0:0:0:1:0:0:1:0:1:0:1:0:1:0:0:0:1:0:0:0:0:0:15:,17,31.958984375,1.0,
Q,0,16,explore:3:3:3:3:3:3:3:3:3:3:3:3:3:3:2:2:3:3:2:2:3:3:3:3:3:0:0:0:0:0:0:1:0:0:1:0:1:0:1:0:1:0:0:0:1:0:0:0:0:0:15:,18,0.0,1.0,
Q,0,16,explore:3:3:3:3:3:3:3:3:3:3:3:3:3:3:2:2:3:3:2:2:3:3:3:3:3:0:0:0:0:0:0:1:0:0:1:0:1:0:1:0:1:0:0:0:1:0:0:0:0:0:15:,20,0.12,1.0,
Q,0,16,explore:3:3:3:3:3:3:3:3:3:3:3:3:3:3:2:2:3:3:2:2:3:3:3:3:3:0:0:0:0:0:0:1:0:0:1:0:1:0:1:0:1:0:0:0:1:0:0:0:0:0:15:,23,0.0,1.0,
Q,0,16,explore:3:3:3:3:3:3:3:3:3:3:3:3:3:3:2:2:3:3:2:2:3:3:3:3:3:0:0:0:0:0:0:1:0:0:1:0:1:0:1:0:1:0:0:0:1:0:0:0:0:0:15:,24,0.000234375,1.0,
Q,0,16,explore:3:3:3:3:3:3:3:3:3:3:3:3:3:3:2:2:3:3:2:2:3:3:3:3:3:0:0:0:0:0:0:1:0:0:1:0:1:0:1:0:1:0:0:0:1:0:0:0:0:0:15:,25,28.5,1.0,


Q,0,17,explore:3:3:3:3:3:3:3:3:3:3:3:3:3:3:3:3:3:3:3:3:3:3:3:3:3:0:0:0:0:0:0:0:0:0:1:1:0:0:0:1:1:0:0:1:1:0:0:0:0:0:16:,17,57.0,1.0,

Q,0,17,explore:3:3:3:3:3:3:3:3:3:3:3:3:3:3:2:2:3:3:2:2:3:3:3:3:3:0:0:0:0:0:0:1:0:0:1:0:1:0:1:0:1:0:0:0:1:0:0:0:0:0:16:,17,57.91796875,1.0,
Q,0,17,explore:3:3:3:3:3:3:3:3:3:3:3:3:3:3:2:2:3:3:2:2:3:3:3:3:3:0:0:0:0:0:0:1:0:0:1:0:1:0:1:0:1:0:0:0:1:0:0:0:0:0:16:,22,3.671875,1.0,

Q,0,17,explore:3:3:3:3:3:3:3:3:3:3:3:3:3:3:3:3:3:3:3:3:3:3:3:3:3:0:0:0:0:0:0:0:0:0:0:1:0:0:0:1:0:0:0:0:0:0:0:0:0:0:16:,16,60.5625,1.0,
Q,0,17,explore:3:3:3:3:3:3:3:3:3:3:3:3:3:3:3:3:3:3:3:3:3:3:3:3:3:0:0:0:0:0:0:0:0:0:0:1:0:0:0:1:0:0:0:0:0:0:0:0:0:0:16:,17,64.5703125,1.0,

Q,0,17,explore:3:3:3:3:3:3:3:3:3:3:3:3:3:3:2:3:3:3:3:3:3:3:3:3:3:0:0:0:0:0:0:1:0:0:1:0:1:0:1:0:1:0:0:0:1:0:0:0:0:0:16:,17,57.0,1.0,


Q,0,18,explore:3:3:3:3:3:3:3:3:3:3:3:3:3:3:2:3:3:3:3:3:3:3:3:3:3:0:0:0:0:0:0:1:0:0:1:0:1:0:1:0:1:0:0:0:1:0:0:0:0:0:17:,9,0.0,1.0,
Q,0,18,explore:3:3:3:3:3:3:3:3:3:3:3:3:3:3:2:3:3:3:3:3:3:3:3:3:3:0:0:0:0:0:0:1:0:0:1:0:1:0:1:0:1:0:0:0:1:0:0:0:0:0:17:,18,57.0,1.0,

Q,0,18,explore:3:3:3:3:3:3:3:3:3:3:3:3:3:3:2:3:3:3:3:3:3:3:3:3:3:0:0:0:0:0:0:0:0:0:0:1:0:0:0:1:0:0:0:0:0:0:0:0:0:0:17:,1,14.25,1.0,
Q,0,18,explore:3:3:3:3:3:3:3:3:3:3:3:3:3:3:2:3:3:3:3:3:3:3:3:3:3:0:0:0:0:0:0:0:0:0:0:1:0:0:0:1:0:0:0:0:0:0:0:0:0:0:17:,2,0.0,1.0,
Q,0,18,explore:3:3:3:3:3:3:3:3:3:3:3:3:3:3:2:3:3:3:3:3:3:3:3:3:3:0:0:0:0:0:0:0:0:0:0:1:0:0:0:1:0:0:0:0:0:0:0:0:0:0:17:,9,15.0133333333,1.0,
Q,0,18,explore:3:3:3:3:3:3:3:3:3:3:3:3:3:3:2:3:3:3:3:3:3:3:3:3:3:0:0:0:0:0:0:0:0:0:0:1:0:0:0:1:0:0:0:0:0:0:0:0:0:0:17:,17,0.00833333333333,1.0,
Q,0,18,explore:3:3:3:3:3:3:3:3:3:3:3:3:3:3:2:3:3:3:3:3:3:3:3:3:3:0:0:0:0:0:0:0:0:0:0:1:0:0:0:1:0:0:0:0:0:0:0:0:0:0:17:,18,57.0010416667,1.0,
Q,0,18,explore:3:3:3:3:3:3:3:3:3:3:3:3:3:3:2:3:3:3:3:3:3:3:3:3:3:0:0:0:0:0:0:0:0:0:0:1:0:0:0:1:0:0:0:0:0:0:0:0:0:0:17:,20,0.111328125,1.0,
Q,0,18,explore:3:3:3:3:3:3:3:3:3:3:3:3:3:3:2:3:3:3:3:3:3:3:3:3:3:0:0:0:0:0:0:0:0:0:0:1:0:0:0:1:0:0:0:0:0:0:0:0:0:0:17:,24,7.78125,1.0,
Q,0,18,explore:3:3:3:3:3:3:3:3:3:3:3:3:3:3:2:3:3:3:3:3:3:3:3:3:3:0:0:0:0:0:0:0:0:0:0:1:0:0:0:1:0:0:0:0:0:0:0:0:0:0:17:,26,7.125,1.0,

Q,0,18,explore:3:3:3:3:3:3:3:3:3:3:3:3:3:3:2:2:3:3:2:2:3:3:3:3:3:0:0:0:0:0:0:1:0:0:1:0:1:0:1:0:1:0:0:0:1:0:0:0:0:0:17:,8,0.001484375,1.0,
Q,0,18,explore:3:3:3:3:3:3:3:3:3:3:3:3:3:3:2:2:3:3:2:2:3:3:3:3:3:0:0:0:0:0:0:1:0:0:1:0:1:0:1:0:1:0:0:0:1:0:0:0:0:0:17:,18,57.0,1.0,
Q,0,18,explore:3:3:3:3:3:3:3:3:3:3:3:3:3:3:2:2:3:3:2:2:3:3:3:3:3:0:0:0:0:0:0:1:0:0:1:0:1:0:1:0:1:0:0:0:1:0:0:0:0:0:17:,20,0.0,1.0,
Q,0,18,explore:3:3:3:3:3:3:3:3:3:3:3:3:3:3:2:2:3:3:2:2:3:3:3:3:3:0:0:0:0:0:0:1:0:0:1:0:1:0:1:0:1:0:0:0:1:0:0:0:0:0:17:,14,0.01,1.0,

Q,0,18,explore:3:3:3:3:3:3:3:3:3:3:3:3:3:3:2:2:3:3:2:3:3:3:3:3:3:0:0:0:0:0:0:1:0:0:1:0:1:0:1:0:1:0:0:0:1:0:0:0:0:0:17:,16,0.0,1.0,
Q,0,18,explore:3:3:3:3:3:3:3:3:3:3:3:3:3:3:2:2:3:3:2:3:3:3:3:3:3:0:0:0:0:0:0:1:0:0:1:0:1:0:1:0:1:0:0:0:1:0:0:0:0:0:17:,9,3.31565429688,1.0,
Q,0,18,explore:3:3:3:3:3:3:3:3:3:3:3:3:3:3:2:2:3:3:2:3:3:3:3:3:3:0:0:0:0:0:0:1:0:0:1:0:1:0:1:0:1:0:0:0:1:0:0:0:0:0:17:,18,57.0,1.0,

Q,0,18,explore:3:3:3:3:3:3:3:3:3:3:3:3:3:3:3:3:3:3:3:3:3:3:3:3:3:0:0:0:0:0:0:0:0:0:0:1:0:0:0:1:0:0:0:0:0:0:0:0:0:0:17:,0,0.0,1.0,
Q,0,18,explore:3:3:3:3:3:3:3:3:3:3:3:3:3:3:3:3:3:3:3:3:3:3:3:3:3:0:0:0:0:0:0:0:0:0:0:1:0:0:0:1:0:0:0:0:0:0:0:0:0:0:17:,1,0.0,1.0,
Q,0,18,explore:3:3:3:3:3:3:3:3:3:3:3:3:3:3:3:3:3:3:3:3:3:3:3:3:3:0:0:0:0:0:0:0:0:0:0:1:0:0:0:1:0:0:0:0:0:0:0:0:0:0:17:,2,14.361328125,1.0,
Q,0,18,explore:3:3:3:3:3:3:3:3:3:3:3:3:3:3:3:3:3:3:3:3:3:3:3:3:3:0:0:0:0:0:0:0:0:0:0:1:0:0:0:1:0:0:0:0:0:0:0:0:0:0:17:,7,0.375,1.0,
Q,0,18,explore:3:3:3:3:3:3:3:3:3:3:3:3:3:3:3:3:3:3:3:3:3:3:3:3:3:0:0:0:0:0:0:0:0:0:0:1:0:0:0:1:0:0:0:0:0:0:0:0:0:0:17:,8,0.0,1.0,
Q,0,18,explore:3:3:3:3:3:3:3:3:3:3:3:3:3:3:3:3:3:3:3:3:3:3:3:3:3:0:0:0:0:0:0:0:0:0:0:1:0:0:0:1:0:0:0:0:0:0:0:0:0:0:17:,11,0.0,1.0,
Q,0,18,explore:3:3:3:3:3:3:3:3:3:3:3:3:3:3:3:3:3:3:3:3:3:3:3:3:3:0:0:0:0:0:0:0:0:0:0:1:0:0:0:1:0:0:0:0:0:0:0:0:0:0:17:,12,4.265625,1.0,
Q,0,18,explore:3:3:3:3:3:3:3:3:3:3:3:3:3:3:3:3:3:3:3:3:3:3:3:3:3:0:0:0:0:0:0:0:0:0:0:1:0:0:0:1:0:0:0:0:0:0:0:0:0:0:17:,18,64.1806640625,1.0,
Q,0,18,explore:3:3:3:3:3:3:3:3:3:3:3:3:3:3:3:3:3:3:3:3:3:3:3:3:3:0:0:0:0:0:0:0:0:0:0:1:0:0:0:1:0:0:0:0:0:0:0:0:0:0:17:,22,48.0,1.0,

Q,0,18,explore:3:3:3:3:3:3:3:3:3:3:3:3:3:3:2:3:3:3:2:3:3:3:3:3:3:0:0:0:0:0:0:1:0:0:1:0:1:0:1:0:1:0:0:0:1:0:0:0:0:0:17:,8,0.0059375,1.0,
Q,0,18,explore:3:3:3:3:3:3:3:3:3:3:3:3:3:3:2:3:3:3:2:3:3:3:3:3:3:0:0:0:0:0:0:1:0:0:1:0:1:0:1:0:1:0:0:0:1:0:0:0:0:0:17:,18,57.0,1.0,
Q,0,18,explore:3:3:3:3:3:3:3:3:3:3:3:3:3:3:2:3:3:3:2:3:3:3:3:3:3:0:0:0:0:0:0:1:0:0:1:0:1:0:1:0:1:0:0:0:1:0:0:0:0:0:17:,7,0.0,1.0,


Q,0,19,explore:3:3:3:3:3:3:3:3:3:3:3:3:3:3:2:3:3:3:3:3:3:3:3:3:3:0:0:0:0:0:0:0:0:0:0:1:0:0:0:1:0:0:0:0:0:0:0:0:0:0:18:,0,28.5009375,1.0,
Q,0,19,explore:3:3:3:3:3:3:3:3:3:3:3:3:3:3:2:3:3:3:3:3:3:3:3:3:3:0:0:0:0:0:0:0:0:0:0:1:0:0:0:1:0:0:0:0:0:0:0:0:0:0:18:,1,0.00017578125,1.0,
Q,0,19,explore:3:3:3:3:3:3:3:3:3:3:3:3:3:3:2:3:3:3:3:3:3:3:3:3:3:0:0:0:0:0:0:0:0:0:0:1:0:0:0:1:0:0:0:0:0:0:0:0:0:0:18:,2,0.890625,1.0,
Q,0,19,explore:3:3:3:3:3:3:3:3:3:3:3:3:3:3:2:3:3:3:3:3:3:3:3:3:3:0:0:0:0:0:0:0:0:0:0:1:0:0:0:1:0:0:0:0:0:0:0:0:0:0:18:,3,1.78125,1.0,
Q,0,19,explore:3:3:3:3:3:3:3:3:3:3:3:3:3:3:2:3:3:3:3:3:3:3:3:3:3:0:0:0:0:0:0:0:0:0:0:1:0:0:0:1:0:0:0:0:0:0:0:0:0:0:18:,4,7.125,1.0,
Q,0,19,explore:3:3:3:3:3:3:3:3:3:3:3:3:3:3:2:3:3:3:3:3:3:3:3:3:3:0:0:0:0:0:0:0:0:0:0:1:0:0:0:1:0:0:0:0:0:0:0:0:0:0:18:,5,32.390625,1.0,
Q,0,19,explore:3:3:3:3:3:3:3:3:3:3:3:3:3:3:2:3:3:3:3:3:3:3:3:3:3:0:0:0:0:0:0:0:0:0:0:1:0:0:0:1:0:0:0:0:0:0:0:0:0:0:18:,6,64.1251302083,1.0,
Q,0,19,explore:3:3:3:3:3:3:3:3:3:3:3:3:3:3:2:3:3:3:3:3:3:3:3:3:3:0:0:0:0:0:0:0:0:0:0:1:0:0:0:1:0:0:0:0:0:0:0:0:0:0:18:,7,0.032265625,1.0,
Q,0,19,explore:3:3:3:3:3:3:3:3:3:3:3:3:3:3:2:3:3:3:3:3:3:3:3:3:3:0:0:0:0:0:0:0:0:0:0:1:0:0:0:1:0:0:0:0:0:0:0:0:0:0:18:,8,88.1806640625,1.0,
Q,0,19,explore:3:3:3:3:3:3:3:3:3:3:3:3:3:3:2:3:3:3:3:3:3:3:3:3:3:0:0:0:0:0:0:0:0:0:0:1:0:0:0:1:0:0:0:0:0:0:0:0:0:0:18:,9,0.0,1.0,
Q,0,19,explore:3:3:3:3:3:3:3:3:3:3:3:3:3:3:2:3:3:3:3:3:3:3:3:3:3:0:0:0:0:0:0:0:0:0:0:1:0:0:0:1:0:0:0:0:0:0:0:0:0:0:18:,10,0.0,1.0,
Q,0,19,explore:3:3:3:3:3:3:3:3:3:3:3:3:3:3:2:3:3:3:3:3:3:3:3:3:3:0:0:0:0:0:0:0:0:0:0:1:0:0:0:1:0:0:0:0:0:0:0:0:0:0:18:,11,3.890625,1.0,
Q,0,19,explore:3:3:3:3:3:3:3:3:3:3:3:3:3:3:2:3:3:3:3:3:3:3:3:3:3:0:0:0:0:0:0:0:0:0:0:1:0:0:0:1:0:0:0:0:0:0:0:0:0:0:18:,12,0.06453125,1.0,
Q,0,19,explore:3:3:3:3:3:3:3:3:3:3:3:3:3:3:2:3:3:3:3:3:3:3:3:3:3:0:0:0:0:0:0:0:0:0:0:1:0:0:0:1:0:0:0:0:0:0:0:0:0:0:18:,13,0.234375,1.0,
Q,0,19,explore:3:3:3:3:3:3:3:3:3:3:3:3:3:3:2:3:3:3:3:3:3:3:3:3:3:0:0:0:0:0:0:0:0:0:0:1:0:0:0:1:0:0:0:0:0:0:0:0:0:0:18:,14,30.0087890625,1.0,
Q,0,19,explore:3:3:3:3:3:3:3:3:3:3:3:3:3:3:2:3:3:3:3:3:3:3:3:3:3:0:0:0:0:0:0:0:0:0:0:1:0:0:0:1:0:0:0:0:0:0:0:0:0:0:18:,15,49.5866666667,1.0,
Q,0,19,explore:3:3:3:3:3:3:3:3:3:3:3:3:3:3:2:3:3:3:3:3:3:3:3:3:3:0:0:0:0:0:0:0:0:0:0:1:0:0:0:1:0:0:0:0:0:0:0:0:0:0:18:,16,75.0,1.0,
Q,0,19,explore:3:3:3:3:3:3:3:3:3:3:3:3:3:3:2:3:3:3:3:3:3:3:3:3:3:0:0:0:0:0:0:0:0:0:0:1:0:0:0:1:0:0:0:0:0:0:0:0:0:0:18:,17,0.515625,1.0,
Q,0,19,explore:3:3:3:3:3:3:3:3:3:3:3:3:3:3:2:3:3:3:3:3:3:3:3:3:3:0:0:0:0:0:0:0:0:0:0:1:0:0:0:1:0:0:0:0:0:0:0:0:0:0:18:,18,42.0133333333,1.0,
Q,0,19,explore:3:3:3:3:3:3:3:3:3:3:3:3:3:3:2:3:3:3:3:3:3:3:3:3:3:0:0:0:0:0:0:0:0:0:0:1:0:0:0:1:0:0:0:0:0:0:0:0:0:0:18:,19,89.390625,1.0,
Q,0,19,explore:3:3:3:3:3:3:3:3:3:3:3:3:3:3:2:3:3:3:3:3:3:3:3:3:3:0:0:0:0:0:0:0:0:0:0:1:0:0:0:1:0:0:0:0:0:0:0:0:0:0:18:,20,30.0,1.0,
Q,0,19,explore:3:3:3:3:3:3:3:3:3:3:3:3:3:3:2:3:3:3:3:3:3:3:3:3:3:0:0:0:0:0:0:0:0:0:0:1:0:0:0:1:0:0:0:0:0:0:0:0:0:0:18:,21,3.5625,1.0,
Q,0,19,explore:3:3:3:3:3:3:3:3:3:3:3:3:3:3:2:3:3:3:3:3:3:3:3:3:3:0:0:0:0:0:0:0:0:0:0:1:0:0:0:1:0:0:0:0:0:0:0:0:0:0:18:,22,10.1806640625,1.0,
Q,0,19,explore:3:3:3:3:3:3:3:3:3:3:3:3:3:3:2:3:3:3:3:3:3:3:3:3:3:0:0:0:0:0:0:0:0:0:0:1:0:0:0:1:0:0:0:0:0:0:0:0:0:0:18:,23,3.0556640625,1.0,
Q,0,19,explore:3:3:3:3:3:3:3:3:3:3:3:3:3:3:2:3:3:3:3:3:3:3:3:3:3:0:0:0:0:0:0:0:0:0:0:1:0:0:0:1:0:0:0:0:0:0:0:0:0:0:18:,24,14.361328125,1.0,
Q,0,19,explore:3:3:3:3:3:3:3:3:3:3:3:3:3:3:2:3:3:3:3:3:3:3:3:3:3:0:0:0:0:0:0:0:0:0:0:1:0:0:0:1:0:0:0:0:0:0:0:0:0:0:18:,25,0.0003515625,1.0,
Q,0,19,explore:3:3:3:3:3:3:3:3:3:3:3:3:3:3:2:3:3:3:3:3:3:3:3:3:3:0:0:0:0:0:0:0:0:0:0:1:0:0:0:1:0:0:0:0:0:0:0:0:0:0:18:,26,0.4453125,1.0,

Q,0,19,explore:3:3:3:3:3:3:3:3:3:3:3:2:3:2:2:2:3:3:2:2:3:3:3:3:3:0:0:0:0:0:0:1:0:0:1:0:1:0:1:0:1:0:0:0:1:0:0:0:0:0:18:,8,28.0158333333,1.0,
Q,0,19,explore:3:3:3:3:3:3:3:3:3:3:3:2:3:2:2:2:3:3:2:2:3:3:3:3:3:0:0:0:0:0:0:1:0:0:1:0:1:0:1:0:1:0:0:0:1:0:0:0:0:0:18:,11,0.0,1.0,
Q,0,19,explore:3:3:3:3:3:3:3:3:3:3:3:2:3:2:2:2:3:3:2:2:3:3:3:3:3:0:0:0:0:0:0:1:0:0:1:0:1:0:1:0:1:0:0:0:1:0:0:0:0:0:18:,13,0.0,1.0,
Q,0,19,explore:3:3:3:3:3:3:3:3:3:3:3:2:3:2:2:2:3:3:2:2:3:3:3:3:3:0:0:0:0:0:0:1:0:0:1:0:1:0:1:0:1:0:0:0:1:0:0:0:0:0:18:,14,0.0316666666667,1.0,
Q,0,19,explore:3:3:3:3:3:3:3:3:3:3:3:2:3:2:2:2:3:3:2:2:3:3:3:3:3:0:0:0:0:0:0:1:0:0:1:0:1:0:1:0:1:0:0:0:1:0:0:0:0:0:18:,15,44.5,1.0,
Q,0,19,explore:3:3:3:3:3:3:3:3:3:3:3:2:3:2:2:2:3:3:2:2:3:3:3:3:3:0:0:0:0:0:0:1:0:0:1:0:1:0:1:0:1:0:0:0:1:0:0:0:0:0:18:,19,82.5,1.0,
Q,0,19,explore:3:3:3:3:3:3:3:3:3:3:3:2:3:2:2:2:3:3:2:2:3:3:3:3:3:0:0:0:0:0:0:1:0:0:1:0:1:0:1:0:1:0:0:0:1:0:0:0:0:0:18:,25,64.1251236979,1.0,

Q,0,19,explore:3:3:3:3:3:3:3:3:3:3:3:3:3:3:3:3:3:3:3:3:3:3:3:3:3:0:0:0:0:0:0:0:0:0:1:1:0:0:0:1:1:0:0:1:1:0:0:0:0:0:18:,19,0.19,1.0,

Q,0,19,explore:3:3:3:3:3:3:3:3:3:3:3:3:3:3:2:3:3:3:3:3:3:3:3:3:3:0:0:0:0:0:0:1:0:0:1:0:1:0:1:0:1:0:0:0:1:0:0:0:0:0:18:,1,0.00625,1.0,
Q,0,19,explore:3:3:3:3:3:3:3:3:3:3:3:3:3:3:2:3:3:3:3:3:3:3:3:3:3:0:0:0:0:0:0:1:0:0:1:0:1:0:1:0:1:0:0:0:1:0:0:0:0:0:18:,2,0.72,1.0,
Q,0,19,explore:3:3:3:3:3:3:3:3:3:3:3:3:3:3:2:3:3:3:3:3:3:3:3:3:3:0:0:0:0:0:0:1:0:0:1:0:1:0:1:0:1:0:0:0:1:0:0:0:0:0:18:,3,0.1144140625,1.0,
Q,0,19,explore:3:3:3:3:3:3:3:3:3:3:3:3:3:3:2:3:3:3:3:3:3:3:3:3:3:0:0:0:0:0:0:1:0:0:1:0:1:0:1:0:1:0:0:0:1:0:0:0:0:0:18:,6,28.5,1.0,
Q,0,19,explore:3:3:3:3:3:3:3:3:3:3:3:3:3:3:2:3:3:3:3:3:3:3:3:3:3:0:0:0:0:0:0:1:0:0:1:0:1:0:1:0:1:0:0:0:1:0:0:0:0:0:18:,8,2.205625,1.0,
Q,0,19,explore:3:3:3:3:3:3:3:3:3:3:3:3:3:3:2:3:3:3:3:3:3:3:3:3:3:0:0:0:0:0:0:1:0:0:1:0:1:0:1:0:1:0:0:0:1:0:0:0:0:0:18:,9,0.0,1.0,
Q,0,19,explore:3:3:3:3:3:3:3:3:3:3:3:3:3:3:2:3:3:3:3:3:3:3:3:3:3:0:0:0:0:0:0:1:0:0:1:0:1:0:1:0:1:0:0:0:1:0:0:0:0:0:18:,15,20.0,1.0,
Q,0,19,explore:3:3:3:3:3:3:3:3:3:3:3:3:3:3:2:3:3:3:3:3:3:3:3:3:3:0:0:0:0:0:0:1:0:0:1:0:1:0:1:0:1:0:0:0:1:0:0:0:0:0:18:,17,11.625,1.0,
Q,0,19,explore:3:3:3:3:3:3:3:3:3:3:3:3:3:3:2:3:3:3:3:3:3:3:3:3:3:0:0:0:0:0:0:1:0:0:1:0:1:0:1:0:1:0:0:0:1:0:0:0:0:0:18:,18,23.25,1.0,
Q,0,19,explore:3:3:3:3:3:3:3:3:3:3:3:3:3:3:2:3:3:3:3:3:3:3:3:3:3:0:0:0:0:0:0:1:0:0:1:0:1:0:1:0:1:0:0:0:1:0:0:0:0:0:18:,19,57.72,1.0,
Q,0,19,explore:3:3:3:3:3:3:3:3:3:3:3:3:3:3:2:3:3:3:3:3:3:3:3:3:3:0:0:0:0:0:0:1:0:0:1:0:1:0:1:0:1:0:0:0:1:0:0:0:0:0:18:,20,0.3456640625,1.0,
Q,0,19,explore:3:3:3:3:3:3:3:3:3:3:3:3:3:3:2:3:3:3:3:3:3:3:3:3:3:0:0:0:0:0:0:1:0:0:1:0:1:0:1:0:1:0:0:0:1:0:0:0:0:0:18:,21,0.4453125,1.0,
Q,0,19,explore:3:3:3:3:3:3:3:3:3:3:3:3:3:3:2:3:3:3:3:3:3:3:3:3:3:0:0:0:0:0:0:1:0:0:1:0:1:0:1:0:1:0:0:0:1:0:0:0:0:0:18:,22,16.125,1.0,
Q,0,19,explore:3:3:3:3:3:3:3:3:3:3:3:3:3:3:2:3:3:3:3:3:3:3:3:3:3:0:0:0:0:0:0:1:0:0:1:0:1:0:1:0:1:0:0:0:1:0:0:0:0:0:18:,23,33.00140625,1.0,
Q,0,19,explore:3:3:3:3:3:3:3:3:3:3:3:3:3:3:2:3:3:3:3:3:3:3:3:3:3:0:0:0:0:0:0:1:0:0:1:0:1:0:1:0:1:0:0:0:1:0:0:0:0:0:18:,24,87.0,1.0,

Q,0,19,explore:3:3:3:3:3:3:3:3:3:3:3:2:3:3:2:2:3:3:2:2:3:3:3:3:3:0:0:0:0:0:0:1:0:0:1:0:1:0:1:0:1:0:0:0:1:0:0:0:0:0:18:,1,20.00296875,1.0,
Q,0,19,explore:3:3:3:3:3:3:3:3:3:3:3:2:3:3:2:2:3:3:2:2:3:3:3:3:3:0:0:0:0:0:0:1:0:0:1:0:1:0:1:0:1:0:0:0:1:0:0:0:0:0:18:,3,0.774622395833,1.0,
Q,0,19,explore:3:3:3:3:3:3:3:3:3:3:3:2:3:3:2:2:3:3:2:2:3:3:3:3:3:0:0:0:0:0:0:1:0:0:1:0:1:0:1:0:1:0:0:0:1:0:0:0:0:0:18:,14,0.181875,1.0,
Q,0,19,explore:3:3:3:3:3:3:3:3:3:3:3:2:3:3:2:2:3:3:2:2:3:3:3:3:3:0:0:0:0:0:0:1:0:0:1:0:1:0:1:0:1:0:0:0:1:0:0:0:0:0:18:,17,0.183333333333,1.0,
Q,0,19,explore:3:3:3:3:3:3:3:3:3:3:3:2:3:3:2:2:3:3:2:2:3:3:3:3:3:0:0:0:0:0:0:1:0:0:1:0:1:0:1:0:1:0:0:0:1:0:0:0:0:0:18:,19,66.5028417969,1.0,
Q,0,19,explore:3:3:3:3:3:3:3:3:3:3:3:2:3:3:2:2:3:3:2:2:3:3:3:3:3:0:0:0:0:0:0:1:0:0:1:0:1:0:1:0:1:0:0:0:1:0:0:0:0:0:18:,20,20.5172916667,1.0,
Q,0,19,explore:3:3:3:3:3:3:3:3:3:3:3:2:3:3:2:2:3:3:2:2:3:3:3:3:3:0:0:0:0:0:0:1:0:0:1:0:1:0:1:0:1:0:0:0:1:0:0:0:0:0:18:,24,28.5028417969,1.0,

Q,0,19,explore:3:3:3:3:3:3:3:3:3:3:3:3:3:3:2:3:3:3:2:3:3:3:3:3:3:0:0:0:0:0:0:1:0:0:1:0:1:0:1:0:1:0:0:0:1:0:0:0:0:0:18:,0,0.4453125,1.0,
Q,0,19,explore:3:3:3:3:3:3:3:3:3:3:3:3:3:3:2:3:3:3:2:3:3:3:3:3:3:0:0:0:0:0:0:1:0:0:1:0:1:0:1:0:1:0:0:0:1:0:0:0:0:0:18:,1,28.51625,1.0,
Q,0,19,explore:3:3:3:3:3:3:3:3:3:3:3:3:3:3:2:3:3:3:2:3:3:3:3:3:3:0:0:0:0:0:0:1:0:0:1:0:1:0:1:0:1:0:0:0:1:0:0:0:0:0:18:,2,4.735625,1.0,
Q,0,19,explore:3:3:3:3:3:3:3:3:3:3:3:3:3:3:2:3:3:3:2:3:3:3:3:3:3:0:0:0:0:0:0:1:0:0:1:0:1:0:1:0:1:0:0:0:1:0:0:0:0:0:18:,8,0.0,1.0,
Q,0,19,explore:3:3:3:3:3:3:3:3:3:3:3:3:3:3:2:3:3:3:2:3:3:3:3:3:3:0:0:0:0:0:0:1:0:0:1:0:1:0:1:0:1:0:0:0:1:0:0:0:0:0:18:,11,33.00296875,1.0,
Q,0,19,explore:3:3:3:3:3:3:3:3:3:3:3:3:3:3:2:3:3:3:2:3:3:3:3:3:3:0:0:0:0:0:0:1:0:0:1:0:1:0:1:0:1:0:0:0:1:0:0:0:0:0:18:,13,0.0,1.0,
Q,0,19,explore:3:3:3:3:3:3:3:3:3:3:3:3:3:3:2:3:3:3:2:3:3:3:3:3:3:0:0:0:0:0:0:1:0:0:1:0:1:0:1:0:1:0:0:0:1:0:0:0:0:0:18:,16,0.2856640625,1.0,
Q,0,19,explore:3:3:3:3:3:3:3:3:3:3:3:3:3:3:2:3:3:3:2:3:3:3:3:3:3:0:0:0:0:0:0:1:0:0:1:0:1:0:1:0:1:0:0:0:1:0:0:0:0:0:18:,19,42.735625,1.0,
Q,0,19,explore:3:3:3:3:3:3:3:3:3:3:3:3:3:3:2:3:3:3:2:3:3:3:3:3:3:0:0:0:0:0:0:1:0:0:1:0:1:0:1:0:1:0:0:0:1:0:0:0:0:0:18:,21,0.0556640625,1.0,
Q,0,19,explore:3:3:3:3:3:3:3:3:3:3:3:3:3:3:2:3:3:3:2:3:3:3:3:3:3:0:0:0:0:0:0:1:0:0:1:0:1:0:1:0:1:0:0:0:1:0:0:0:0:0:18:,23,96.1128125,1.0,

Q,0,19,explore:3:3:3:3:3:3:3:3:3:3:3:3:3:3:3:3:3:3:3:3:3:3:3:3:3:0:0:0:0:0:0:0:0:0:0:1:0:0:0:1:0:0:0:0:0:0:0:0:0:0:18:,0,0.0,1.0,
Q,0,19,explore:3:3:3:3:3:3:3:3:3:3:3:3:3:3:3:3:3:3:3:3:3:3:3:3:3:0:0:0:0:0:0:0:0:0:0:1:0:0:0:1:0:0:0:0:0:0:0:0:0:0:18:,7,0.84375,1.0,
Q,0,19,explore:3:3:3:3:3:3:3:3:3:3:3:3:3:3:3:3:3:3:3:3:3:3:3:3:3:0:0:0:0:0:0:0:0:0:0:1:0:0:0:1:0:0:0:0:0:0:0:0:0:0:18:,8,0.0,1.0,
Q,0,19,explore:3:3:3:3:3:3:3:3:3:3:3:3:3:3:3:3:3:3:3:3:3:3:3:3:3:0:0:0:0:0:0:0:0:0:0:1:0:0:0:1:0:0:0:0:0:0:0:0:0:0:18:,9,14.765625,1.0,
Q,0,19,explore:3:3:3:3:3:3:3:3:3:3:3:3:3:3:3:3:3:3:3:3:3:3:3:3:3:0:0:0:0:0:0:0:0:0:0:1:0:0:0:1:0:0:0:0:0:0:0:0:0:0:18:,11,0.0,1.0,
Q,0,19,explore:3:3:3:3:3:3:3:3:3:3:3:3:3:3:3:3:3:3:3:3:3:3:3:3:3:0:0:0:0:0:0:0:0:0:0:1:0:0:0:1:0:0:0:0:0:0:0:0:0:0:18:,16,31.125,1.0,
Q,0,19,explore:3:3:3:3:3:3:3:3:3:3:3:3:3:3:3:3:3:3:3:3:3:3:3:3:3:0:0:0:0:0:0:0:0:0:0:1:0:0:0:1:0:0:0:0:0:0:0:0:0:0:18:,18,30.046875,1.0,
Q,0,19,explore:3:3:3:3:3:3:3:3:3:3:3:3:3:3:3:3:3:3:3:3:3:3:3:3:3:0:0:0:0:0:0:0:0:0:0:1:0:0:0:1:0:0:0:0:0:0:0:0:0:0:18:,19,57.0,1.0,
Q,0,19,explore:3:3:3:3:3:3:3:3:3:3:3:3:3:3:3:3:3:3:3:3:3:3:3:3:3:0:0:0:0:0:0:0:0:0:0:1:0:0:0:1:0:0:0:0:0:0:0:0:0:0:18:,20,27.0,1.0,
Q,0,19,explore:3:3:3:3:3:3:3:3:3:3:3:3:3:3:3:3:3:3:3:3:3:3:3:3:3:0:0:0:0:0:0:0:0:0:0:1:0:0:0:1:0:0:0:0:0:0:0:0:0:0:18:,23,57.0,1.0,
Q,0,19,explore:3:3:3:3:3:3:3:3:3:3:3:3:3:3:3:3:3:3:3:3:3:3:3:3:3:0:0:0:0:0:0:0:0:0:0:1:0:0:0:1:0:0:0:0:0:0:0:0:0:0:18:,24,14.25,1.0,

Q,0,19,explore:3:3:3:3:3:3:3:3:3:3:3:3:3:3:2:2:3:3:2:3:3:3:3:3:3:0:0:0:0:0:0:1:0:0:1:0:1:0:1:0:1:0:0:0:1:0:0:0:0:0:18:,18,39.3156542969,1.0,
Q,0,19,explore:3:3:3:3:3:3:3:3:3:3:3:3:3:3:2:2:3:3:2:3:3:3:3:3:3:0:0:0:0:0:0:1:0:0:1:0:1:0:1:0:1:0:0:0:1:0:0:0:0:0:18:,19,66.5014355469,1.0,
Q,0,19,explore:3:3:3:3:3:3:3:3:3:3:3:3:3:3:2:2:3:3:2:3:3:3:3:3:3:0:0:0:0:0:0:1:0:0:1:0:1:0:1:0:1:0:0:0:1:0:0:0:0:0:18:,20,0.091875,1.0,
Q,0,19,explore:3:3:3:3:3:3:3:3:3:3:3:3:3:3:2:2:3:3:2:3:3:3:3:3:3:0:0:0:0:0:0:1:0:0:1:0:1:0:1:0:1:0:0:0:1:0:0:0:0:0:18:,5,28.5014355469,1.0,
Q,0,19,explore:3:3:3:3:3:3:3:3:3:3:3:3:3:3:2:2:3:3:2:3:3:3:3:3:3:0:0:0:0:0:0:1:0:0:1:0:1:0:1:0:1:0:0:0:1:0:0:0:0:0:18:,7,40.890625,1.0,

Q,0,19,explore:3:3:3:3:3:3:3:3:3:3:3:3:3:3:2:2:3:3:2:2:3:3:3:3:3:0:0:0:0:0:0:1:0:0:1:0:1:0:1:0:1:0:0:0:1:0:0:0:0:0:18:,0,20.0066666667,1.0,
Q,0,19,explore:3:3:3:3:3:3:3:3:3:3:3:3:3:3:2:2:3:3:2:2:3:3:3:3:3:0:0:0:0:0:0:1:0:0:1:0:1:0:1:0:1:0:0:0:1:0:0:0:0:0:18:,4,7.125,1.0,
Q,0,19,explore:3:3:3:3:3:3:3:3:3:3:3:3:3:3:2:2:3:3:2:2:3:3:3:3:3:0:0:0:0:0:0:1:0:0:1:0:1:0:1:0:1:0:0:0:1:0:0:0:0:0:18:,7,7.8125e-05,1.0,
Q,0,19,explore:3:3:3:3:3:3:3:3:3:3:3:3:3:3:2:2:3:3:2:2:3:3:3:3:3:0:0:0:0:0:0:1:0:0:1:0:1:0:1:0:1:0:0:0:1:0:0:0:0:0:18:,9,0.126783854167,1.0,
Q,0,19,explore:3:3:3:3:3:3:3:3:3:3:3:3:3:3:2:2:3:3:2:2:3:3:3:3:3:0:0:0:0:0:0:1:0:0:1:0:1:0:1:0:1:0:0:0:1:0:0:0:0:0:18:,10,0.190009765625,1.0,
Q,0,19,explore:3:3:3:3:3:3:3:3:3:3:3:3:3:3:2:2:3:3:2:2:3:3:3:3:3:0:0:0:0:0:0:1:0:0:1:0:1:0:1:0:1:0:0:0:1:0:0:0:0:0:18:,11,0.1213671875,1.0,
Q,0,19,explore:3:3:3:3:3:3:3:3:3:3:3:3:3:3:2:2:3:3:2:2:3:3:3:3:3:0:0:0:0:0:0:1:0:0:1:0:1:0:1:0:1:0:0:0:1:0:0:0:0:0:18:,12,31.958984375,1.0,
Q,0,19,explore:3:3:3:3:3:3:3:3:3:3:3:3:3:3:2:2:3:3:2:2:3:3:3:3:3:0:0:0:0:0:0:1:0:0:1:0:1:0:1:0:1:0:0:0:1:0:0:0:0:0:18:,13,0.0,1.0,
Q,0,19,explore:3:3:3:3:3:3:3:3:3:3:3:3:3:3:2:2:3:3:2:2:3:3:3:3:3:0:0:0:0:0:0:1:0:0:1:0:1:0:1:0:1:0:0:0:1:0:0:0:0:0:18:,15,32.5556640625,1.0,
Q,0,19,explore:3:3:3:3:3:3:3:3:3:3:3:3:3:3:2:2:3:3:2:2:3:3:3:3:3:0:0:0:0:0:0:1:0:0:1:0:1:0:1:0:1:0:0:0:1:0:0:0:0:0:18:,16,28.5066666667,1.0,
Q,0,19,explore:3:3:3:3:3:3:3:3:3:3:3:3:3:3:2:2:3:3:2:2:3:3:3:3:3:0:0:0:0:0:0:1:0:0:1:0:1:0:1:0:1:0:0:0:1:0:0:0:0:0:18:,17,0.0,1.0,
Q,0,19,explore:3:3:3:3:3:3:3:3:3:3:3:3:3:3:2:2:3:3:2:2:3:3:3:3:3:0:0:0:0:0:0:1:0:0:1:0:1:0:1:0:1:0:0:0:1:0:0:0:0:0:18:,19,66.5019791667,1.0,
Q,0,19,explore:3:3:3:3:3:3:3:3:3:3:3:3:3:3:2:2:3:3:2:2:3:3:3:3:3:0:0:0:0:0:0:1:0:0:1:0:1:0:1:0:1:0:0:0:1:0:0:0:0:0:18:,21,6.00018554687,1.0,
Q,0,19,explore:3:3:3:3:3:3:3:3:3:3:3:3:3:3:2:2:3:3:2:2:3:3:3:3:3:0:0:0:0:0:0:1:0:0:1:0:1:0:1:0:1:0:0:0:1:0:0:0:0:0:18:,22,27.0,1.0,
Q,0,19,explore:3:3:3:3:3:3:3:3:3:3:3:3:3:3:2:2:3:3:2:2:3:3:3:3:3:0:0:0:0:0:0:1:0:0:1:0:1:0:1:0:1:0:0:0:1:0:0:0:0:0:18:,23,105.890625,1.0,
Q,0,19,explore:3:3:3:3:3:3:3:3:3:3:3:3:3:3:2:2:3:3:2:2:3:3:3:3:3:0:0:0:0:0:0:1:0:0:1:0:1:0:1:0:1:0:0:0:1:0:0:0:0:0:18:,25,28.5019791667,1.0,
Q,0,19,explore:3:3:3:3:3:3:3:3:3:3:3:3:3:3:2:2:3:3:2:2:3:3:3:3:3:0:0:0:0:0:0:1:0:0:1:0:1:0:1:0:1:0:0:0:1:0:0:0:0:0:18:,26,20.0066666667,1.0,


Q,0,20,explore:3:3:3:3:3:3:3:3:3:3:3:3:3:3:2:3:3:3:3:3:3:3:3:3:3:0:0:0:0:0:0:0:0:0:0:1:0:0:0:1:0:0:0:0:0:0:0:0:0:0:19:,1,0.0,1.0,
Q,0,20,explore:3:3:3:3:3:3:3:3:3:3:3:3:3:3:2:3:3:3:3:3:3:3:3:3:3:0:0:0:0:0:0:0:0:0:0:1:0:0:0:1:0:0:0:0:0:0:0:0:0:0:19:,2,1.875,1.0,
Q,0,20,explore:3:3:3:3:3:3:3:3:3:3:3:3:3:3:2:3:3:3:3:3:3:3:3:3:3:0:0:0:0:0:0:0:0:0:0:1:0:0:0:1:0:0:0:0:0:0:0:0:0:0:19:,6,0.0,1.0,
Q,0,20,explore:3:3:3:3:3:3:3:3:3:3:3:3:3:3:2:3:3:3:3:3:3:3:3:3:3:0:0:0:0:0:0:0:0:0:0:1:0:0:0:1:0:0:0:0:0:0:0:0:0:0:19:,8,1.03125,1.0,
Q,0,20,explore:3:3:3:3:3:3:3:3:3:3:3:3:3:3:2:3:3:3:3:3:3:3:3:3:3:0:0:0:0:0:0:0:0:0:0:1:0:0:0:1:0:0:0:0:0:0:0:0:0:0:19:,10,0.01125,1.0,
Q,0,20,explore:3:3:3:3:3:3:3:3:3:3:3:3:3:3:2:3:3:3:3:3:3:3:3:3:3:0:0:0:0:0:0:0:0:0:0:1:0:0:0:1:0:0:0:0:0:0:0:0:0:0:19:,11,0.0,1.0,
Q,0,20,explore:3:3:3:3:3:3:3:3:3:3:3:3:3:3:2:3:3:3:3:3:3:3:3:3:3:0:0:0:0:0:0:0:0:0:0:1:0:0:0:1:0:0:0:0:0:0:0:0:0:0:19:,20,57.0,1.0,
Q,0,20,explore:3:3:3:3:3:3:3:3:3:3:3:3:3:3:2:3:3:3:3:3:3:3:3:3:3:0:0:0:0:0:0:0:0:0:0:1:0:0:0:1:0:0:0:0:0:0:0:0:0:0:19:,22,0.0,1.0,
Q,0,20,explore:3:3:3:3:3:3:3:3:3:3:3:3:3:3:2:3:3:3:3:3:3:3:3:3:3:0:0:0:0:0:0:0:0:0:0:1:0:0:0:1:0:0:0:0:0:0:0:0:0:0:19:,26,0.0,1.0,

Q,0,20,explore:3:3:3:3:3:3:3:3:3:3:3:3:3:3:2:3:3:3:3:3:3:3:3:3:3:0:0:0:0:0:0:1:0:0:1:0:1:0:1:0:1:0:0:0:1:0:0:0:0:0:19:,4,0.111328125,1.0,
Q,0,20,explore:3:3:3:3:3:3:3:3:3:3:3:3:3:3:2:3:3:3:3:3:3:3:3:3:3:0:0:0:0:0:0:1:0:0:1:0:1:0:1:0:1:0:0:0:1:0:0:0:0:0:19:,20,0.2456640625,1.0,
Q,0,20,explore:3:3:3:3:3:3:3:3:3:3:3:3:3:3:2:3:3:3:3:3:3:3:3:3:3:0:0:0:0:0:0:1:0:0:1:0:1:0:1:0:1:0:0:0:1:0:0:0:0:0:19:,13,0.0,1.0,
Q,0,20,explore:3:3:3:3:3:3:3:3:3:3:3:3:3:3:2:3:3:3:3:3:3:3:3:3:3:0:0:0:0:0:0:1:0:0:1:0:1:0:1:0:1:0:0:0:1:0:0:0:0:0:19:,22,3.5625,1.0,
Q,0,20,explore:3:3:3:3:3:3:3:3:3:3:3:3:3:3:2:3:3:3:3:3:3:3:3:3:3:0:0:0:0:0:0:1:0:0:1:0:1:0:1:0:1:0:0:0:1:0:0:0:0:0:19:,12,0.0028125,1.0,

Q,0,20,explore:3:3:3:3:3:3:3:3:3:3:3:2:3:3:2:2:3:3:2:2:3:3:3:3:3:0:0:0:0:0:0:1:0:0:1:0:1:0:1:0:1:0:0:0:1:0:0:0:0:0:19:,24,40.78125,1.0,
Q,0,20,explore:3:3:3:3:3:3:3:3:3:3:3:2:3:3:2:2:3:3:2:2:3:3:3:3:3:0:0:0:0:0:0:1:0:0:1:0:1:0:1:0:1:0:0:0:1:0:0:0:0:0:19:,0,0.0,1.0,
Q,0,20,explore:3:3:3:3:3:3:3:3:3:3:3:2:3:3:2:2:3:3:2:2:3:3:3:3:3:0:0:0:0:0:0:1:0:0:1:0:1:0:1:0:1:0:0:0:1:0:0:0:0:0:19:,20,20.5172916667,1.0,

Q,0,20,explore:3:3:3:3:3:3:3:3:3:3:3:3:3:3:2:3:3:3:2:3:3:3:3:3:3:0:0:0:0:0:0:1:0:0:1:0:1:0:1:0:1:0:0:0:1:0:0:0:0:0:19:,1,2.5,1.0,
Q,0,20,explore:3:3:3:3:3:3:3:3:3:3:3:3:3:3:2:3:3:3:2:3:3:3:3:3:3:0:0:0:0:0:0:1:0:0:1:0:1:0:1:0:1:0:0:0:1:0:0:0:0:0:19:,20,0.5025,1.0,
Q,0,20,explore:3:3:3:3:3:3:3:3:3:3:3:3:3:3:2:3:3:3:2:3:3:3:3:3:3:0:0:0:0:0:0:1:0:0:1:0:1:0:1:0:1:0:0:0:1:0:0:0:0:0:19:,6,0.0556640625,1.0,

Q,0,20,explore:3:3:3:3:3:3:3:3:3:3:3:3:3:3:2:2:3:3:2:2:3:3:3:3:3:0:0:0:0:0:0:1:0:0:1:0:1:0:1:0:1:0:0:0:1:0:0:0:0:0:19:,5,0.0,1.0,
Q,0,20,explore:3:3:3:3:3:3:3:3:3:3:3:3:3:3:2:2:3:3:2:2:3:3:3:3:3:0:0:0:0:0:0:1:0:0:1:0:1:0:1:0:1:0:0:0:1:0:0:0:0:0:19:,8,0.0075,1.0,
Q,0,20,explore:3:3:3:3:3:3:3:3:3:3:3:3:3:3:2:2:3:3:2:2:3:3:3:3:3:0:0:0:0:0:0:1:0:0:1:0:1:0:1:0:1:0:0:0:1:0:0:0:0:0:19:,15,6.00018554687,1.0,
Q,0,20,explore:3:3:3:3:3:3:3:3:3:3:3:3:3:3:2:2:3:3:2:2:3:3:3:3:3:0:0:0:0:0:0:1:0:0:1:0:1:0:1:0:1:0:0:0:1:0:0:0:0:0:19:,20,0.126666666667,1.0,
Q,0,20,explore:3:3:3:3:3:3:3:3:3:3:3:3:3:3:2:2:3:3:2:2:3:3:3:3:3:0:0:0:0:0:0:1:0:0:1:0:1:0:1:0:1:0:0:0:1:0:0:0:0:0:19:,23,29.375,1.0,
Q,0,20,explore:3:3:3:3:3:3:3:3:3:3:3:3:3:3:2:2:3:3:2:2:3:3:3:3:3:0:0:0:0:0:0:1:0:0:1:0:1:0:1:0:1:0:0:0:1:0:0:0:0:0:19:,26,0.0009375,1.0,

Q,0,20,explore:3:3:3:3:3:3:3:3:3:3:3:3:3:3:2:2:3:3:2:3:3:3:3:3:3:0:0:0:0:0:0:1:0:0:1:0:1:0:1:0:1:0:0:0:1:0:0:0:0:0:19:,20,0.19,1.0,
Q,0,20,explore:3:3:3:3:3:3:3:3:3:3:3:3:3:3:2:2:3:3:2:3:3:3:3:3:3:0:0:0:0:0:0:1:0:0:1:0:1:0:1:0:1:0:0:0:1:0:0:0:0:0:19:,15,26.005234375,1.0,

Q,0,20,explore:3:3:3:3:3:3:3:3:3:3:3:3:3:3:3:3:3:3:3:3:3:3:3:3:3:0:0:0:0:0:0:0:0:0:1:1:0:0:0:1:1:0:0:1:1:0:0:0:0:0:19:,4,0.011875,1.0,
Q,0,20,explore:3:3:3:3:3:3:3:3:3:3:3:3:3:3:3:3:3:3:3:3:3:3:3:3:3:0:0:0:0:0:0:0:0:0:1:1:0:0:0:1:1:0:0:1:1:0:0:0:0:0:19:,20,0.191484375,1.0,
Q,0,20,explore:3:3:3:3:3:3:3:3:3:3:3:3:3:3:3:3:3:3:3:3:3:3:3:3:3:0:0:0:0:0:0:0:0:0:1:1:0:0:0:1:1:0:0:1:1:0:0:0:0:0:19:,21,28.575234375,1.0,
Q,0,20,explore:3:3:3:3:3:3:3:3:3:3:3:3:3:3:3:3:3:3:3:3:3:3:3:3:3:0:0:0:0:0:0:0:0:0:1:1:0:0:0:1:1:0:0:1:1:0:0:0:0:0:19:,9,3.5625,1.0,

Q,0,20,explore:3:3:3:3:3:3:3:3:3:3:3:3:3:3:3:3:3:3:3:3:3:3:3:3:3:0:0:0:0:0:0:0:0:0:0:1:0:0:0:1:0:0:0:0:0:0:0:0:0:0:19:,0,0.0556640625,1.0,
Q,0,20,explore:3:3:3:3:3:3:3:3:3:3:3:3:3:3:3:3:3:3:3:3:3:3:3:3:3:0:0:0:0:0:0:0:0:0:0:1:0:0:0:1:0:0:0:0:0:0:0:0:0:0:19:,4,0.421875,1.0,
Q,0,20,explore:3:3:3:3:3:3:3:3:3:3:3:3:3:3:3:3:3:3:3:3:3:3:3:3:3:0:0:0:0:0:0:0:0:0:0:1:0:0:0:1:0:0:0:0:0:0:0:0:0:0:19:,16,25.552734375,1.0,
Q,0,20,explore:3:3:3:3:3:3:3:3:3:3:3:3:3:3:3:3:3:3:3:3:3:3:3:3:3:0:0:0:0:0:0:0:0:0:0:1:0:0:0:1:0:0:0:0:0:0:0:0:0:0:19:,18,1.6875,1.0,
Q,0,20,explore:3:3:3:3:3:3:3:3:3:3:3:3:3:3:3:3:3:3:3:3:3:3:3:3:3:0:0:0:0:0:0:0:0:0:0:1:0:0:0:1:0:0:0:0:0:0:0:0:0:0:19:,20,57.0,1.0,
Q,0,20,explore:3:3:3:3:3:3:3:3:3:3:3:3:3:3:3:3:3:3:3:3:3:3:3:3:3:0:0:0:0:0:0:0:0:0:0:1:0:0:0:1:0:0:0:0:0:0:0:0:0:0:19:,25,34.125,1.0,


Q,0,21,explore:3:3:3:3:3:3:3:3:3:3:3:3:3:3:2:3:3:3:3:3:3:3:3:3:3:0:0:0:0:0:0:0:0:0:0:1:0:0:0:1:0:0:0:0:0:0:0:0:0:0:20:,21,57.0,1.0,

Q,0,21,explore:3:3:3:3:3:3:3:3:3:3:3:3:3:3:2:2:3:3:2:2:3:3:3:3:3:0:0:0:0:0:0:1:0:0:1:0:1:0:1:0:1:0:0:0:1:0:0:0:0:0:20:,16,0.0,1.0,
Q,0,21,explore:3:3:3:3:3:3:3:3:3:3:3:3:3:3:2:2:3:3:2:2:3:3:3:3:3:0:0:0:0:0:0:1:0:0:1:0:1:0:1:0:1:0:0:0:1:0:0:0:0:0:20:,21,57.0,1.0,

Q,0,21,explore:3:3:3:3:3:3:3:3:3:3:3:2:3:2:2:2:3:3:2:2:3:3:3:3:3:0:0:0:0:0:0:1:0:0:1:0:1:0:1:0:1:0:0:0:1:0:0:0:0:0:20:,12,0.00791666666667,1.0,
Q,0,21,explore:3:3:3:3:3:3:3:3:3:3:3:2:3:2:2:2:3:3:2:2:3:3:3:3:3:0:0:0:0:0:0:1:0:0:1:0:1:0:1:0:1:0:0:0:1:0:0:0:0:0:20:,21,57.0009895833,1.0,

Q,0,21,explore:3:3:3:3:3:3:3:3:3:3:3:3:3:3:3:3:3:3:3:3:3:3:3:3:3:0:0:0:0:0:0:0:0:0:1:1:0:0:0:1:1:0:0:1:1:0:0:0:0:0:20:,16,0.601875,1.0,
Q,0,21,explore:3:3:3:3:3:3:3:3:3:3:3:3:3:3:3:3:3:3:3:3:3:3:3:3:3:0:0:0:0:0:0:0:0:0:1:1:0:0:0:1:1:0:0:1:1:0:0:0:0:0:20:,21,57.15046875,1.0,


Q,0,22,explore:3:3:3:3:3:3:3:3:3:3:3:3:3:3:2:3:3:3:3:3:3:3:3:3:3:0:0:0:0:0:0:0:0:0:0:1:0:0:0:1:0:0:0:0:0:0:0:0:0:0:21:,7,7.1806640625,1.0,
Q,0,22,explore:3:3:3:3:3:3:3:3:3:3:3:3:3:3:2:3:3:3:3:3:3:3:3:3:3:0:0:0:0:0:0:0:0:0:0:1:0:0:0:1:0:0:0:0:0:0:0:0:0:0:21:,22,64.78125,1.0,
Q,0,22,explore:3:3:3:3:3:3:3:3:3:3:3:3:3:3:2:3:3:3:3:3:3:3:3:3:3:0:0:0:0:0:0:0:0:0:0:1:0:0:0:1:0:0:0:0:0:0:0:0:0:0:21:,23,31.125,1.0,

Q,0,22,explore:3:3:3:3:3:3:3:3:3:3:3:3:3:3:3:3:3:3:3:3:3:3:3:3:3:0:0:0:0:0:0:0:0:0:0:1:0:0:0:1:0:0:0:0:0:0:0:0:0:0:21:,18,36.0,1.0,
Q,0,22,explore:3:3:3:3:3:3:3:3:3:3:3:3:3:3:3:3:3:3:3:3:3:3:3:3:3:0:0:0:0:0:0:0:0:0:0:1:0:0:0:1:0:0:0:0:0:0:0:0:0:0:21:,22,59.25,1.0,
Q,0,22,explore:3:3:3:3:3:3:3:3:3:3:3:3:3:3:3:3:3:3:3:3:3:3:3:3:3:0:0:0:0:0:0:0:0:0:0:1:0:0:0:1:0:0:0:0:0:0:0:0:0:0:21:,7,0.0,1.0,

Q,0,22,explore:3:3:3:3:3:3:3:3:3:3:3:3:3:3:2:3:3:3:3:3:3:3:3:3:3:0:0:0:0:0:0:1:0:0:1:0:1:0:1:0:1:0:0:0:1:0:0:0:0:0:21:,17,0.0,1.0,
Q,0,22,explore:3:3:3:3:3:3:3:3:3:3:3:3:3:3:2:3:3:3:3:3:3:3:3:3:3:0:0:0:0:0:0:1:0:0:1:0:1:0:1:0:1:0:0:0:1:0:0:0:0:0:21:,22,57.0,1.0,

Q,0,22,explore:3:3:3:3:3:3:3:3:3:3:3:3:3:3:2:2:3:3:2:3:3:3:3:3:3:0:0:0:0:0:0:1:0:0:1:0:1:0:1:0:1:0:0:0:1:0:0:0:0:0:21:,12,0.011484375,1.0,
Q,0,22,explore:3:3:3:3:3:3:3:3:3:3:3:3:3:3:2:2:3:3:2:3:3:3:3:3:3:0:0:0:0:0:0:1:0:0:1:0:1:0:1:0:1:0:0:0:1:0:0:0:0:0:21:,22,57.0028710938,1.0,


Q,0,23,explore:3:3:3:3:3:3:3:3:3:3:3:2:3:3:2:2:3:3:2:2:3:3:3:3:3:0:0:0:0:0:0:1:0:0:1:0:1:0:1:0:1:0:0:0:1:0:0:0:0:0:22:,15,0.0,1.0,
Q,0,23,explore:3:3:3:3:3:3:3:3:3:3:3:2:3:3:2:2:3:3:2:2:3:3:3:3:3:0:0:0:0:0:0:1:0:0:1:0:1:0:1:0:1:0:0:0:1:0:0:0:0:0:22:,23,57.0,1.0,

Q,0,23,explore:3:3:3:3:3:3:3:3:3:3:3:3:3:3:2:3:3:3:3:3:3:3:3:3:3:0:0:0:0:0:0:0:0:0:0:1:0:0:0:1:0:0:0:0:0:0:0:0:0:0:22:,3,0.0556640625,1.0,
Q,0,23,explore:3:3:3:3:3:3:3:3:3:3:3:3:3:3:2:3:3:3:3:3:3:3:3:3:3:0:0:0:0:0:0:0:0:0:0:1:0:0:0:1:0:0:0:0:0:0:0:0:0:0:22:,8,0.0,1.0,
Q,0,23,explore:3:3:3:3:3:3:3:3:3:3:3:3:3:3:2:3:3:3:3:3:3:3:3:3:3:0:0:0:0:0:0:0:0:0:0:1:0:0:0:1:0:0:0:0:0:0:0:0:0:0:22:,11,0.0,1.0,
Q,0,23,explore:3:3:3:3:3:3:3:3:3:3:3:3:3:3:2:3:3:3:3:3:3:3:3:3:3:0:0:0:0:0:0:0:0:0:0:1:0:0:0:1:0:0:0:0:0:0:0:0:0:0:22:,23,57.0,1.0,
Q,0,23,explore:3:3:3:3:3:3:3:3:3:3:3:3:3:3:2:3:3:3:3:3:3:3:3:3:3:0:0:0:0:0:0:0:0:0:0:1:0:0:0:1:0:0:0:0:0:0:0:0:0:0:22:,24,31.125,1.0,
Q,0,23,explore:3:3:3:3:3:3:3:3:3:3:3:3:3:3:2:3:3:3:3:3:3:3:3:3:3:0:0:0:0:0:0:0:0:0:0:1:0:0:0:1:0:0:0:0:0:0:0:0:0:0:22:,25,0.0,1.0,

Q,0,23,explore:3:3:3:3:3:3:3:3:3:3:3:3:3:3:3:3:3:3:3:3:3:3:3:3:3:0:0:0:0:0:0:0:0:0:0:1:0:0:0:1:0:0:0:0:0:0:0:0:0:0:22:,6,0.0,1.0,
Q,0,23,explore:3:3:3:3:3:3:3:3:3:3:3:3:3:3:3:3:3:3:3:3:3:3:3:3:3:0:0:0:0:0:0:0:0:0:0:1:0:0:0:1:0:0:0:0:0:0:0:0:0:0:22:,23,57.0,1.0,

Q,0,23,explore:3:3:3:3:3:3:3:3:3:3:3:3:3:3:2:2:3:3:2:2:3:3:3:3:3:0:0:0:0:0:0:1:0:0:1:0:1:0:1:0:1:0:0:0:1:0:0:0:0:0:22:,0,1.78125,1.0,
Q,0,23,explore:3:3:3:3:3:3:3:3:3:3:3:3:3:3:2:2:3:3:2:2:3:3:3:3:3:0:0:0:0:0:0:1:0:0:1:0:1:0:1:0:1:0:0:0:1:0:0:0:0:0:22:,19,38.0,1.0,
Q,0,23,explore:3:3:3:3:3:3:3:3:3:3:3:3:3:3:2:2:3:3:2:2:3:3:3:3:3:0:0:0:0:0:0:1:0:0:1:0:1:0:1:0:1:0:0:0:1:0:0:0:0:0:22:,23,57.890625,1.0,

Q,0,23,explore:3:3:3:3:3:3:3:3:3:3:3:3:3:3:2:3:3:3:2:3:3:3:3:3:3:0:0:0:0:0:0:1:0:0:1:0:1:0:1:0:1:0:0:0:1:0:0:0:0:0:22:,20,0.225625,1.0,
Q,0,23,explore:3:3:3:3:3:3:3:3:3:3:3:3:3:3:2:3:3:3:2:3:3:3:3:3:3:0:0:0:0:0:0:1:0:0:1:0:1:0:1:0:1:0:0:0:1:0:0:0:0:0:22:,23,57.1128125,1.0,

Q,0,23,explore:3:3:3:3:3:3:3:3:3:3:3:3:3:3:2:3:3:3:3:3:3:3:3:3:3:0:0:0:0:0:0:1:0:0:1:0:1:0:1:0:1:0:0:0:1:0:0:0:0:0:22:,8,0.00140625,1.0,
Q,0,23,explore:3:3:3:3:3:3:3:3:3:3:3:3:3:3:2:3:3:3:3:3:3:3:3:3:3:0:0:0:0:0:0:1:0:0:1:0:1:0:1:0:1:0:0:0:1:0:0:0:0:0:22:,23,57.0,1.0,


Q,0,24,explore:3:3:3:3:3:3:3:3:3:3:3:2:3:3:2:2:3:3:2:2:3:3:3:3:3:0:0:0:0:0:0:1:0:0:1:0:1:0:1:0:1:0:0:0:1:0:0:0:0:0:23:,24,57.0056835937,1.0,
Q,0,24,explore:3:3:3:3:3:3:3:3:3:3:3:2:3:3:2:2:3:3:2:2:3:3:3:3:3:0:0:0:0:0:0:1:0:0:1:0:1:0:1:0:1:0:0:0:1:0:0:0:0:0:23:,1,0.022734375,1.0,
Q,0,24,explore:3:3:3:3:3:3:3:3:3:3:3:2:3:3:2:2:3:3:2:2:3:3:3:3:3:0:0:0:0:0:0:1:0:0:1:0:1:0:1:0:1:0:0:0:1:0:0:0:0:0:23:,22,7.125,1.0,

Q,0,24,explore:3:3:3:3:3:3:3:3:3:3:3:3:3:3:2:2:3:3:2:2:3:3:3:3:3:0:0:0:0:0:0:1:0:0:1:0:1:0:1:0:1:0:0:0:1:0:0:0:0:0:23:,24,57.0039583333,1.0,
Q,0,24,explore:3:3:3:3:3:3:3:3:3:3:3:3:3:3:2:2:3:3:2:2:3:3:3:3:3:0:0:0:0:0:0:1:0:0:1:0:1:0:1:0:1:0:0:0:1:0:0:0:0:0:23:,16,0.0158333333333,1.0,

Q,0,24,explore:3:3:3:3:3:3:3:3:3:3:3:3:3:3:3:3:3:3:3:3:3:3:3:3:3:0:0:0:0:0:0:0:0:0:0:1:0:0:0:1:0:0:0:0:0:0:0:0:0:0:23:,24,57.0,1.0,
Q,0,24,explore:3:3:3:3:3:3:3:3:3:3:3:3:3:3:3:3:3:3:3:3:3:3:3:3:3:0:0:0:0:0:0:0:0:0:0:1:0:0:0:1:0:0:0:0:0:0:0:0:0:0:23:,14,0.0,1.0,

Q,0,24,explore:3:3:3:3:3:3:3:3:3:3:3:3:3:3:2:3:3:3:3:3:3:3:3:3:3:0:0:0:0:0:0:0:0:0:0:1:0:0:0:1:0:0:0:0:0:0:0:0:0:0:23:,24,57.4453125,1.0,
Q,0,24,explore:3:3:3:3:3:3:3:3:3:3:3:3:3:3:2:3:3:3:3:3:3:3:3:3:3:0:0:0:0:0:0:0:0:0:0:1:0:0:0:1:0:0:0:0:0:0:0:0:0:0:23:,9,3.5625,1.0,
Q,0,24,explore:3:3:3:3:3:3:3:3:3:3:3:3:3:3:2:3:3:3:3:3:3:3:3:3:3:0:0:0:0:0:0:0:0:0:0:1:0:0:0:1:0:0:0:0:0:0:0:0:0:0:23:,16,0.00140625,1.0,
Q,0,24,explore:3:3:3:3:3:3:3:3:3:3:3:3:3:3:2:3:3:3:3:3:3:3:3:3:3:0:0:0:0:0:0:0:0:0:0:1:0:0:0:1:0:0:0:0:0:0:0:0:0:0:23:,23,57.0,1.0,

Q,0,24,explore:3:3:3:3:3:3:3:3:3:3:3:2:3:2:2:2:3:3:2:2:3:3:3:3:3:0:0:0:0:0:0:1:0:0:1:0:1:0:1:0:1:0:0:0:1:0:0:0:0:0:23:,24,64.1251236979,1.0,
Q,0,24,explore:3:3:3:3:3:3:3:3:3:3:3:2:3:2:2:2:3:3:2:2:3:3:3:3:3:0:0:0:0:0:0:1:0:0:1:0:1:0:1:0:1:0:0:0:1:0:0:0:0:0:23:,17,14.2502473958,1.0,

Q,0,24,explore:3:3:3:3:3:3:3:3:3:3:3:3:3:3:2:3:3:3:3:3:3:3:3:3:3:0:0:0:0:0:0:1:0:0:1:0:1:0:1:0:1:0:0:0:1:0:0:0:0:0:23:,24,57.0,1.0,
Q,0,24,explore:3:3:3:3:3:3:3:3:3:3:3:3:3:3:2:3:3:3:3:3:3:3:3:3:3:0:0:0:0:0:0:1:0:0:1:0:1:0:1:0:1:0:0:0:1:0:0:0:0:0:23:,14,0.0,1.0,


Q,0,25,explore:3:3:3:3:3:3:3:3:3:3:3:3:3:3:3:3:3:3:3:3:3:3:3:3:3:0:0:0:0:0:0:0:0:0:0:1:0:0:0:1:0:0:0:0:0:0:0:0:0:0:24:,25,57.0,1.0,
Q,0,25,explore:3:3:3:3:3:3:3:3:3:3:3:3:3:3:3:3:3:3:3:3:3:3:3:3:3:0:0:0:0:0:0:0:0:0:0:1:0:0:0:1:0:0:0:0:0:0:0:0:0:0:24:,7,0.0,1.0,
