


Q,0,2,explore:3:3:3:3:3:3:3:3:3:3:3:3:3:3:2:2:3:3:2:2:3:3:3:3:3:0:0:0:0:0:0:1:0:0:1:0:1:0:0:0:1:0:0:1:1:0:0:0:0:0:1:,16,0.00395833333333,1.0,
Q,0,2,explore:3:3:3:3:3:3:3:3:3:3:3:3:3:3:2:2:3:3:2:2:3:3:3:3:3:0:0:0:0:0:0:1:0:0:1:0:1:0:0:0:1:0:0:1:1:0:0:0:0:0:1:,2,57.0019791667,1.0,
Q,0,2,explore:3:3:3:3:3:3:3:3:3:3:3:3:3:3:2:2:3:3:2:2:3:3:3:3:3:0:0:0:0:0:0:1:0:0:1:0:1:0:0:0:1:0:0:1:1:0:0:0:0:0:1:,23,0.02375,1.0,

Q,0,2,explore:3:3:3:3:3:3:3:3:3:3:3:2:3:3:2:2:3:3:2:2:3:3:3:3:3:0:0:0:0:0:0:1:0:0:1:0:1:0:0:0:1:0:0:1:1:0:0:0:0:0:1:,2,57.0234375,1.0,
Q,0,2,explore:3:3:3:3:3:3:3:3:3:3:3:2:3:3:2:2:3:3:2:2:3:3:3:3:3:0:0:0:0:0:0:1:0:0:1:0:1:0:0:0:1:0:0:1:1:0:0:0:0:0:1:,20,0.1875,1.0,

Q,0,2,explore:3:3:3:3:3:3:3:3:3:3:3:3:3:3:3:3:3:3:3:3:3:3:3:3:3:0:0:0:0:0:0:0:0:0:1:1:1:0:0:0:1:0:0:0:1:0:0:0:0:0:1:,16,0.0,1.0,
Q,0,2,explore:3:3:3:3:3:3:3:3:3:3:3:3:3:3:3:3:3:3:3:3:3:3:3:3:3:0:0:0:0:0:0:0:0:0:1:1:1:0:0:0:1:0:0:0:1:0:0:0:0:0:1:,2,57.0,1.0,

Q,0,2,explore:3:3:3:3:3:3:3:3:3:3:3:3:3:3:2:3:3:3:2:3:3:3:3:3:3:0:0:0:0:0:0:0:0:0:0:1:1:0:0:1:1:0:0:1:1:0:0:0:0:0:1:,2,57.0,1.0,
Q,0,2,explore:3:3:3:3:3:3:3:3:3:3:3:3:3:3:2:3:3:3:2:3:3:3:3:3:3:0:0:0:0:0:0:0:0:0:0:1:1:0:0:1:1:0:0:1:1:0:0:0:0:0:1:,5,29.390625,1.0,

Q,0,2,explore:3:3:3:3:3:3:3:3:3:3:3:3:3:3:2:3:3:3:3:3:3:3:3:3:3:0:0:0:0:0:0:0:0:0:0:1:1:0:0:1:1:0:0:1:1:0:0:0:0:0:1:,2,58.048828125,1.0,
Q,0,2,explore:3:3:3:3:3:3:3:3:3:3:3:3:3:3:2:3:3:3:3:3:3:3:3:3:3:0:0:0:0:0:0:0:0:0:0:1:1:0:0:1:1:0:0:1:1:0:0:0:0:0:1:,19,0.890625,1.0,
Q,0,2,explore:3:3:3:3:3:3:3:3:3:3:3:3:3:3:2:3:3:3:3:3:3:3:3:3:3:0:0:0:0:0:0:0:0:0:0:1:1:0:0:1:1:0:0:1:1:0:0:0:0:0:1:,18,4.1953125,1.0,

Q,0,2,explore:3:3:3:3:3:3:3:3:3:3:3:3:3:3:2:2:3:3:2:3:3:3:3:3:3:0:0:0:0:0:0:1:0:0:1:0:1:0:0:0:1:0:0:1:1:0:0:0:0:0:1:,2,63.0002473958,1.0,
Q,0,2,explore:3:3:3:3:3:3:3:3:3:3:3:3:3:3:2:2:3:3:2:3:3:3:3:3:3:0:0:0:0:0:0:1:0:0:1:0:1:0:0:0:1:0:0:1:1:0:0:0:0:0:1:,14,24.0009895833,1.0,
Q,0,2,explore:3:3:3:3:3:3:3:3:3:3:3:3:3:3:2:2:3:3:2:3:3:3:3:3:3:0:0:0:0:0:0:1:0:0:1:0:1:0:0:0:1:0:0:1:1:0:0:0:0:0:1:,15,7.125,1.0,


Q,0,3,explore:3:3:3:3:3:3:3:3:3:3:3:3:3:3:2:3:3:3:2:3:3:3:3:3:3:0:0:0:0:0:0:0:0:0:0:1:1:0:0:1:1:0:0:1:1:0:0:0:0:0:2:,25,7.125,1.0,
Q,0,3,explore:3:3:3:3:3:3:3:3:3:3:3:3:3:3:2:3:3:3:2:3:3:3:3:3:3:0:0:0:0:0:0:0:0:0:0:1:1:0:0:1:1:0:0:1:1:0:0:0:0:0:2:,3,58.78125,1.0,

Q,0,3,explore:3:3:3:3:3:3:3:3:3:3:3:3:3:3:2:3:3:3:3:3:3:3:3:3:3:0:0:0:0:0:0:0:0:0:0:1:1:0:0:1:1:0:0:1:1:0:0:0:0:0:2:,16,0.0,1.0,
Q,0,3,explore:3:3:3:3:3:3:3:3:3:3:3:3:3:3:2:3:3:3:3:3:3:3:3:3:3:0:0:0:0:0:0:0:0:0:0:1:1:0:0:1:1:0:0:1:1:0:0:0:0:0:2:,3,57.0,1.0,

Q,0,3,explore:3:3:3:3:3:3:3:3:3:3:3:3:3:3:2:2:3:3:2:2:3:3:3:3:3:0:0:0:0:0:0:1:0:0:1:0:1:0:0:0:1:0:0:1:1:0:0:0:0:0:2:,25,3.5625,1.0,
Q,0,3,explore:3:3:3:3:3:3:3:3:3:3:3:3:3:3:2:2:3:3:2:2:3:3:3:3:3:0:0:0:0:0:0:1:0:0:1:0:1:0:0:0:1:0:0:1:1:0:0:0:0:0:2:,3,57.4453125,1.0,

Q,0,3,explore:3:3:3:3:3:3:3:3:3:3:3:3:3:3:2:2:3:3:2:3:3:3:3:3:3:0:0:0:0:0:0:1:0:0:1:0:1:0:0:0:1:0:0:1:1:0:0:0:0:0:2:,3,64.1806640625,1.0,
Q,0,3,explore:3:3:3:3:3:3:3:3:3:3:3:3:3:3:2:2:3:3:2:3:3:3:3:3:3:0:0:0:0:0:0:1:0:0:1:0:1:0:0:0:1:0:0:1:1:0:0:0:0:0:2:,5,14.361328125,1.0,


Q,0,4,explore:3:3:3:3:3:3:3:3:3:3:3:2:3:3:2:2:3:3:2:2:3:3:3:3:3:0:0:0:0:0:0:1:0:0:1:0:1:0:0:0:1:0:0:1:1:0:0:0:0:0:3:,4,64.125,1.0,
Q,0,4,explore:3:3:3:3:3:3:3:3:3:3:3:2:3:3:2:2:3:3:2:2:3:3:3:3:3:0:0:0:0:0:0:1:0:0:1:0:1:0:0:0:1:0:0:1:1:0:0:0:0:0:3:,22,14.25,1.0,

Q,0,4,explore:3:3:3:3:3:3:3:3:3:3:3:3:3:3:2:2:3:3:2:2:3:3:3:3:3:0:0:0:0:0:0:1:0:0:1:0:1:0:0:0:1:0:0:1:1:0:0:0:0:0:3:,2,14.361328125,1.0,
Q,0,4,explore:3:3:3:3:3:3:3:3:3:3:3:3:3:3:2:2:3:3:2:2:3:3:3:3:3:0:0:0:0:0:0:1:0:0:1:0:1:0:0:0:1:0:0:1:1:0:0:0:0:0:3:,4,64.1806640625,1.0,

Q,0,4,explore:3:3:3:3:3:3:3:3:3:3:3:3:3:3:3:3:3:3:3:3:3:3:3:3:3:0:0:0:0:0:0:0:0:0:1:1:1:0:0:0:1:0:0:0:1:0:0:0:0:0:3:,4,57.0,1.0,

Q,0,4,explore:3:3:3:3:3:3:3:3:3:3:3:3:3:3:2:3:3:3:3:3:3:3:3:3:3:0:0:0:0:0:0:0:0:0:0:1:1:0:0:1:1:0:0:1:1:0:0:0:0:0:3:,20,0.0,1.0,
Q,0,4,explore:3:3:3:3:3:3:3:3:3:3:3:3:3:3:2:3:3:3:3:3:3:3:3:3:3:0:0:0:0:0:0:0:0:0:0:1:1:0:0:1:1:0:0:1:1:0:0:0:0:0:3:,4,57.0,1.0,
Q,0,4,explore:3:3:3:3:3:3:3:3:3:3:3:3:3:3:2:3:3:3:3:3:3:3:3:3:3:0:0:0:0:0:0:0:0:0:0:1:1:0:0:1:1:0:0:1:1:0:0:0:0:0:3:,23,7.125,1.0,

Q,0,4,explore:3:3:3:3:3:3:3:3:3:3:3:3:3:3:2:2:3:3:2:3:3:3:3:3:3:0:0:0:0:0:0:1:0:0:1:0:1:0:0:0:1:0:0:1:1:0:0:0:0:0:3:,24,3.5625,1.0,
Q,0,4,explore:3:3:3:3:3:3:3:3:3:3:3:3:3:3:2:2:3:3:2:3:3:3:3:3:3:0:0:0:0:0:0:1:0:0:1:0:1:0:0:0:1:0:0:1:1:0:0:0:0:0:3:,4,57.4453125,1.0,

Q,0,4,explore:3:3:3:3:3:3:3:3:3:3:3:3:3:3:2:3:3:3:2:3:3:3:3:3:3:0:0:0:0:0:0:0:0:0:0:1:1:0:0:1:1:0:0:1:1:0:0:0:0:0:3:,17,0.02505859375,1.0,
Q,0,4,explore:3:3:3:3:3:3:3:3:3:3:3:3:3:3:2:3:3:3:2:3:3:3:3:3:3:0:0:0:0:0:0:0:0:0:0:1:1:0:0:1:1:0:0:1:1:0:0:0:0:0:3:,4,57.0125292969,1.0,


Q,0,6,explore:3:3:3:3:3:3:3:3:3:3:3:3:3:3:3:3:3:3:3:3:3:3:3:3:3:0:0:0:0:0:0:0:0:0:1:1:1:0:0:0:1:0:0:0:1:0:0:0:0:0:5:,6,57.0,1.0,

Q,0,6,explore:3:3:3:3:3:3:3:3:3:3:3:3:3:3:2:3:3:3:3:3:3:3:3:3:3:0:0:0:0:0:0:0:0:0:0:1:1:0:0:1:1:0:0:1:1:0:0:0:0:0:5:,0,0.0,1.0,
Q,0,6,explore:3:3:3:3:3:3:3:3:3:3:3:3:3:3:2:3:3:3:3:3:3:3:3:3:3:0:0:0:0:0:0:0:0:0:0:1:1:0:0:1:1:0:0:1:1:0:0:0:0:0:5:,5,0.0,1.0,
Q,0,6,explore:3:3:3:3:3:3:3:3:3:3:3:3:3:3:2:3:3:3:3:3:3:3:3:3:3:0:0:0:0:0:0:0:0:0:0:1:1:0:0:1:1:0:0:1:1:0:0:0:0:0:5:,6,57.0,1.0,

Q,0,6,explore:3:3:3:3:3:3:3:3:3:3:3:3:3:3:2:3:3:3:2:3:3:3:3:3:3:0:0:0:0:0:0:0:0:0:0:1:1:0:0:1:1:0:0:1:1:0:0:0:0:0:5:,18,0.0,1.0,
Q,0,6,explore:3:3:3:3:3:3:3:3:3:3:3:3:3:3:2:3:3:3:2:3:3:3:3:3:3:0:0:0:0:0:0:0:0:0:0:1:1:0:0:1:1:0:0:1:1:0:0:0:0:0:5:,6,57.0,1.0,


Q,0,7,explore:3:3:3:3:3:3:3:3:3:3:3:3:3:3:3:3:3:3:3:3:3:3:3:3:3:0:0:0:0:0:0:0:0:0:1:1:1:0:0:0:1:0:0:0:1:0:0:0:0:0:6:,10,0.0,1.0,
Q,0,7,explore:3:3:3:3:3:3:3:3:3:3:3:3:3:3:3:3:3:3:3:3:3:3:3:3:3:0:0:0:0:0:0:0:0:0:1:1:1:0:0:0:1:0:0:0:1:0:0:0:0:0:6:,5,0.0,1.0,
Q,0,7,explore:3:3:3:3:3:3:3:3:3:3:3:3:3:3:3:3:3:3:3:3:3:3:3:3:3:0:0:0:0:0:0:0:0:0:1:1:1:0:0:0:1:0:0:0:1:0:0:0:0:0:6:,6,60.5625,1.0,
Q,0,7,explore:3:3:3:3:3:3:3:3:3:3:3:3:3:3:3:3:3:3:3:3:3:3:3:3:3:0:0:0:0:0:0:0:0:0:1:1:1:0:0:0:1:0:0:0:1:0:0:0:0:0:6:,7,57.0,1.0,

Q,0,7,explore:3:3:3:3:3:3:3:3:3:3:3:3:3:3:2:2:3:3:2:3:3:3:3:3:3:0:0:0:0:0:0:1:0:0:1:0:1:0:0:0:1:0:0:1:1:0:0:0:0:0:6:,24,0.02453125,1.0,
Q,0,7,explore:3:3:3:3:3:3:3:3:3:3:3:3:3:3:2:2:3:3:2:3:3:3:3:3:3:0:0:0:0:0:0:1:0:0:1:0:1:0:0:0:1:0:0:1:1:0:0:0:0:0:6:,7,0.1961328125,1.0,

Q,0,7,explore:3:3:3:3:3:3:3:3:3:3:3:3:3:3:2:3:3:3:3:3:3:3:3:3:3:0:0:0:0:0:0:0:0:0:0:1:1:0:0:1:1:0:0:1:1:0:0:0:0:0:6:,21,0.0225,1.0,
Q,0,7,explore:3:3:3:3:3:3:3:3:3:3:3:3:3:3:2:3:3:3:3:3:3:3:3:3:3:0:0:0:0:0:0:0:0:0:0:1:1:0:0:1:1:0:0:1:1:0:0:0:0:0:6:,7,57.005625,1.0,


Q,0,8,explore:3:3:3:3:3:3:3:3:3:3:3:3:3:3:2:3:3:3:3:3:3:3:3:3:3:0:0:0:0:0:0:0:0:0:0:1:1:0:0:1:1:0:0:1:1:0:0:0:0:0:7:,8,57.0,1.0,
Q,0,8,explore:3:3:3:3:3:3:3:3:3:3:3:3:3:3:2:3:3:3:3:3:3:3:3:3:3:0:0:0:0:0:0:0:0:0:0:1:1:0:0:1:1:0:0:1:1:0:0:0:0:0:7:,7,0.0,1.0,

Q,0,8,explore:3:3:3:3:3:3:3:3:3:3:3:3:3:3:3:3:3:3:3:3:3:3:3:3:3:0:0:0:0:0:0:0:0:0:1:1:1:0:0:0:1:0:0:0:1:0:0:0:0:0:7:,8,57.0,1.0,
Q,0,8,explore:3:3:3:3:3:3:3:3:3:3:3:3:3:3:3:3:3:3:3:3:3:3:3:3:3:0:0:0:0:0:0:0:0:0:1:1:1:0:0:0:1:0:0:0:1:0:0:0:0:0:7:,24,0.0,1.0,


Q,0,9,explore:3:3:3:3:3:3:3:3:3:3:3:3:3:3:2:3:3:3:3:3:3:3:3:3:3:0:0:0:0:0:0:0:0:0:0:1:1:0:0:1:1:0:0:1:1:0:0:0:0:0:8:,8,64.125,1.0,
Q,0,9,explore:3:3:3:3:3:3:3:3:3:3:3:3:3:3:2:3:3:3:3:3:3:3:3:3:3:0:0:0:0:0:0:0:0:0:0:1:1:0:0:1:1:0:0:1:1:0:0:0:0:0:8:,9,73.03125,1.0,


Q,0,10,explore:3:3:3:3:3:3:3:3:3:3:3:3:3:3:2:3:3:3:3:3:3:3:3:3:3:0:0:0:0:0:0:0:0:0:0:1:1:0:0:1:1:0:0:1:1:0:0:0:0:0:9:,2,29.0244140625,1.0,
Q,0,10,explore:3:3:3:3:3:3:3:3:3:3:3:3:3:3:2:3:3:3:3:3:3:3:3:3:3:0:0:0:0:0:0:0:0:0:0:1:1:0:0:1:1:0:0:1:1:0:0:0:0:0:9:,6,6.0,1.0,
Q,0,10,explore:3:3:3:3:3:3:3:3:3:3:3:3:3:3:2:3:3:3:3:3:3:3:3:3:3:0:0:0:0:0:0:0:0:0:0:1:1:0:0:1:1:0:0:1:1:0:0:0:0:0:9:,10,57.0059375,1.0,
Q,0,10,explore:3:3:3:3:3:3:3:3:3:3:3:3:3:3:2:3:3:3:3:3:3:3:3:3:3:0:0:0:0:0:0:0:0:0:0:1:1:0:0:1:1:0:0:1:1:0:0:0:0:0:9:,11,18.890625,1.0,
Q,0,10,explore:3:3:3:3:3:3:3:3:3:3:3:3:3:3:2:3:3:3:3:3:3:3:3:3:3:0:0:0:0:0:0:0:0:0:0:1:1:0:0:1:1:0:0:1:1:0:0:0:0:0:9:,12,0.00140625,1.0,
Q,0,10,explore:3:3:3:3:3:3:3:3:3:3:3:3:3:3:2:3:3:3:3:3:3:3:3:3:3:0:0:0:0:0:0:0:0:0:0:1:1:0:0:1:1:0:0:1:1:0:0:0:0:0:9:,13,0.02375,1.0,
Q,0,10,explore:3:3:3:3:3:3:3:3:3:3:3:3:3:3:2:3:3:3:3:3:3:3:3:3:3:0:0:0:0:0:0:0:0:0:0:1:1:0:0:1:1:0:0:1:1:0:0:0:0:0:9:,22,0.02,1.0,

Q,0,10,explore:3:3:3:3:3:3:3:3:3:3:3:3:3:3:2:2:3:3:2:2:3:3:3:3:3:0:0:0:0:0:0:1:0:0:1:0:1:0:0:0:1:0:0:1:1:0:0:0:0:0:9:,0,0.0,1.0,
Q,0,10,explore:3:3:3:3:3:3:3:3:3:3:3:3:3:3:2:2:3:3:2:2:3:3:3:3:3:0:0:0:0:0:0:1:0:0:1:0:1:0:0:0:1:0:0:1:1:0:0:0:0:0:9:,10,0.19,1.0,

Q,0,10,explore:3:3:3:3:3:3:3:3:3:3:3:3:3:3:3:3:3:3:3:3:3:3:3:3:3:0:0:0:0:0:0:0:0:0:1:1:1:0:0:0:1:0:0:0:1:0:0:0:0:0:9:,2,52.125,1.0,
Q,0,10,explore:3:3:3:3:3:3:3:3:3:3:3:3:3:3:3:3:3:3:3:3:3:3:3:3:3:0:0:0:0:0:0:0:0:0:1:1:1:0:0:0:1:0:0:0:1:0:0:0:0:0:9:,7,14.25,1.0,
Q,0,10,explore:3:3:3:3:3:3:3:3:3:3:3:3:3:3:3:3:3:3:3:3:3:3:3:3:3:0:0:0:0:0:0:0:0:0:1:1:1:0:0:0:1:0:0:0:1:0:0:0:0:0:9:,9,0.0,1.0,
Q,0,10,explore:3:3:3:3:3:3:3:3:3:3:3:3:3:3:3:3:3:3:3:3:3:3:3:3:3:0:0:0:0:0:0:0:0:0:1:1:1:0:0:0:1:0:0:0:1:0:0:0:0:0:9:,10,7.315,1.0,
Q,0,10,explore:3:3:3:3:3:3:3:3:3:3:3:3:3:3:3:3:3:3:3:3:3:3:3:3:3:0:0:0:0:0:0:0:0:0:1:1:1:0:0:0:1:0:0:0:1:0:0:0:0:0:9:,13,0.0,1.0,
Q,0,10,explore:3:3:3:3:3:3:3:3:3:3:3:3:3:3:3:3:3:3:3:3:3:3:3:3:3:0:0:0:0:0:0:0:0:0:1:1:1:0:0:0:1:0:0:0:1:0:0:0:0:0:9:,15,45.0,1.0,
Q,0,10,explore:3:3:3:3:3:3:3:3:3:3:3:3:3:3:3:3:3:3:3:3:3:3:3:3:3:0:0:0:0:0:0:0:0:0:1:1:1:0:0:0:1:0:0:0:1:0:0:0:0:0:9:,18,0.00109375,1.0,
Q,0,10,explore:3:3:3:3:3:3:3:3:3:3:3:3:3:3:3:3:3:3:3:3:3:3:3:3:3:0:0:0:0:0:0:0:0:0:1:1:1:0:0:0:1:0:0:0:1:0:0:0:0:0:9:,19,6.515625,1.0,
Q,0,10,explore:3:3:3:3:3:3:3:3:3:3:3:3:3:3:3:3:3:3:3:3:3:3:3:3:3:0:0:0:0:0:0:0:0:0:1:1:1:0:0:0:1:0:0:0:1:0:0:0:0:0:9:,23,0.0,1.0,

Q,0,10,explore:3:3:3:3:3:3:3:3:3:3:3:3:3:3:2:3:3:3:2:3:3:3:3:3:3:0:0:0:0:0:0:0:0:0:0:1:1:0:0:1:1:0:0:1:1:0:0:0:0:0:9:,17,0.0337044270833,1.0,
Q,0,10,explore:3:3:3:3:3:3:3:3:3:3:3:3:3:3:2:3:3:3:2:3:3:3:3:3:3:0:0:0:0:0:0:0:0:0:0:1:1:0:0:1:1:0:0:1:1:0:0:0:0:0:9:,10,57.0168522135,1.0,


Q,0,11,explore:3:3:3:3:3:3:3:3:3:3:3:3:3:3:2:2:3:3:2:2:3:3:3:3:3:0:0:0:0:0:0:1:0:0:1:0:1:0:0:0:1:0:0:1:1:0:0:0:0:0:10:,16,7.2275390625,1.0,
Q,0,11,explore:3:3:3:3:3:3:3:3:3:3:3:3:3:3:2:2:3:3:2:2:3:3:3:3:3:0:0:0:0:0:0:1:0:0:1:0:1:0:0:0:1:0:0:1:1:0:0:0:0:0:10:,11,57.0040625,1.0,
Q,0,11,explore:3:3:3:3:3:3:3:3:3:3:3:3:3:3:2:2:3:3:2:2:3:3:3:3:3:0:0:0:0:0:0:1:0:0:1:0:1:0:0:0:1:0:0:1:1:0:0:0:0:0:10:,21,0.01625,1.0,
Q,0,11,explore:3:3:3:3:3:3:3:3:3:3:3:3:3:3:2:2:3:3:2:2:3:3:3:3:3:0:0:0:0:0:0:1:0:0:1:0:1:0:0:0:1:0:0:1:1:0:0:0:0:0:10:,5,2.00018554688,1.0,

Q,0,11,explore:3:3:3:3:3:3:3:3:3:3:3:2:3:2:2:2:3:3:2:2:3:3:3:3:3:0:0:0:0:0:0:1:0:0:1:0:1:0:0:0:1:0:0:1:1:0:0:0:0:0:10:,17,0.109583333333,1.0,
Q,0,11,explore:3:3:3:3:3:3:3:3:3:3:3:2:3:2:2:2:3:3:2:2:3:3:3:3:3:0:0:0:0:0:0:1:0:0:1:0:1:0:0:0:1:0:0:1:1:0:0:0:0:0:10:,11,57.0273958333,1.0,
Q,0,11,explore:3:3:3:3:3:3:3:3:3:3:3:2:3:2:2:2:3:3:2:2:3:3:3:3:3:0:0:0:0:0:0:1:0:0:1:0:1:0:0:0:1:0:0:1:1:0:0:0:0:0:10:,21,0.06,1.0,

Q,0,11,explore:3:3:3:3:3:3:3:3:3:3:3:3:3:3:2:2:3:3:2:3:3:3:3:3:3:0:0:0:0:0:0:1:0:0:1:0:1:0:0:0:1:0:0:1:1:0:0:0:0:0:10:,11,57.0,1.0,
Q,0,11,explore:3:3:3:3:3:3:3:3:3:3:3:3:3:3:2:2:3:3:2:3:3:3:3:3:3:0:0:0:0:0:0:1:0:0:1:0:1:0:0:0:1:0:0:1:1:0:0:0:0:0:10:,4,0.0,1.0,
Q,0,11,explore:3:3:3:3:3:3:3:3:3:3:3:3:3:3:2:2:3:3:2:3:3:3:3:3:3:0:0:0:0:0:0:1:0:0:1:0:1:0:0:0:1:0:0:1:1:0:0:0:0:0:10:,7,0.19806640625,1.0,

Q,0,11,explore:3:3:3:3:3:3:3:3:3:3:3:3:3:3:3:3:3:3:3:3:3:3:3:3:3:0:0:0:0:0:0:0:0:0:1:1:1:0:0:0:1:0:0:0:1:0:0:0:0:0:10:,0,13.5001074219,1.0,
Q,0,11,explore:3:3:3:3:3:3:3:3:3:3:3:3:3:3:3:3:3:3:3:3:3:3:3:3:3:0:0:0:0:0:0:0:0:0:1:1:1:0:0:0:1:0:0:0:1:0:0:0:0:0:10:,1,0.0,1.0,
Q,0,11,explore:3:3:3:3:3:3:3:3:3:3:3:3:3:3:3:3:3:3:3:3:3:3:3:3:3:0:0:0:0:0:0:0:0:0:1:1:1:0:0:0:1:0:0:0:1:0:0:0:0:0:10:,2,0.0,1.0,
Q,0,11,explore:3:3:3:3:3:3:3:3:3:3:3:3:3:3:3:3:3:3:3:3:3:3:3:3:3:0:0:0:0:0:0:0:0:0:1:1:1:0:0:0:1:0:0:0:1:0:0:0:0:0:10:,3,15.0,1.0,
Q,0,11,explore:3:3:3:3:3:3:3:3:3:3:3:3:3:3:3:3:3:3:3:3:3:3:3:3:3:0:0:0:0:0:0:0:0:0:1:1:1:0:0:0:1:0:0:0:1:0:0:0:0:0:10:,10,0.07,1.0,
Q,0,11,explore:3:3:3:3:3:3:3:3:3:3:3:3:3:3:3:3:3:3:3:3:3:3:3:3:3:0:0:0:0:0:0:0:0:0:1:1:1:0:0:0:1:0:0:0:1:0:0:0:0:0:10:,11,0.301328125,1.0,
Q,0,11,explore:3:3:3:3:3:3:3:3:3:3:3:3:3:3:3:3:3:3:3:3:3:3:3:3:3:0:0:0:0:0:0:0:0:0:1:1:1:0:0:0:1:0:0:0:1:0:0:0:0:0:10:,14,73.5,1.0,
Q,0,11,explore:3:3:3:3:3:3:3:3:3:3:3:3:3:3:3:3:3:3:3:3:3:3:3:3:3:0:0:0:0:0:0:0:0:0:1:1:1:0:0:0:1:0:0:0:1:0:0:0:0:0:10:,17,0.4453125,1.0,
Q,0,11,explore:3:3:3:3:3:3:3:3:3:3:3:3:3:3:3:3:3:3:3:3:3:3:3:3:3:0:0:0:0:0:0:0:0:0:1:1:1:0:0:0:1:0:0:0:1:0:0:0:0:0:10:,18,0.111328125,1.0,
Q,0,11,explore:3:3:3:3:3:3:3:3:3:3:3:3:3:3:3:3:3:3:3:3:3:3:3:3:3:0:0:0:0:0:0:0:0:0:1:1:1:0:0:0:1:0:0:0:1:0:0:0:0:0:10:,20,0.0,1.0,
Q,0,11,explore:3:3:3:3:3:3:3:3:3:3:3:3:3:3:3:3:3:3:3:3:3:3:3:3:3:0:0:0:0:0:0:0:0:0:1:1:1:0:0:0:1:0:0:0:1:0:0:0:0:0:10:,23,0.0,1.0,

Q,0,11,explore:3:3:3:3:3:3:3:3:3:3:3:3:3:3:2:3:3:3:2:3:3:3:3:3:3:0:0:0:0:0:0:0:0:0:0:1:1:0:0:1:1:0:0:1:1:0:0:0:0:0:10:,4,2.6953125,1.0,
Q,0,11,explore:3:3:3:3:3:3:3:3:3:3:3:3:3:3:2:3:3:3:2:3:3:3:3:3:3:0:0:0:0:0:0:0:0:0:0:1:1:0:0:1:1:0:0:1:1:0:0:0:0:0:10:,6,28.125,1.0,
Q,0,11,explore:3:3:3:3:3:3:3:3:3:3:3:3:3:3:2:3:3:3:2:3:3:3:3:3:3:0:0:0:0:0:0:0:0:0:0:1:1:0:0:1:1:0:0:1:1:0:0:0:0:0:10:,7,54.0,1.0,
Q,0,11,explore:3:3:3:3:3:3:3:3:3:3:3:3:3:3:2:3:3:3:2:3:3:3:3:3:3:0:0:0:0:0:0:0:0:0:0:1:1:0:0:1:1:0:0:1:1:0:0:0:0:0:10:,11,0.863828125,1.0,
Q,0,11,explore:3:3:3:3:3:3:3:3:3:3:3:3:3:3:2:3:3:3:2:3:3:3:3:3:3:0:0:0:0:0:0:0:0:0:0:1:1:0:0:1:1:0:0:1:1:0:0:0:0:0:10:,12,0.081875,1.0,
Q,0,11,explore:3:3:3:3:3:3:3:3:3:3:3:3:3:3:2:3:3:3:2:3:3:3:3:3:3:0:0:0:0:0:0:0:0:0:0:1:1:0:0:1:1:0:0:1:1:0:0:0:0:0:10:,25,0.0960546875,1.0,

Q,0,11,explore:3:3:3:3:3:3:3:3:3:3:3:3:3:3:2:3:3:3:3:3:3:3:3:3:3:0:0:0:0:0:0:0:0:0:0:1:1:0:0:1:1:0:0:1:1:0:0:0:0:0:10:,1,7.125,1.0,
Q,0,11,explore:3:3:3:3:3:3:3:3:3:3:3:3:3:3:2:3:3:3:3:3:3:3:3:3:3:0:0:0:0:0:0:0:0:0:0:1:1:0:0:1:1:0:0:1:1:0:0:0:0:0:10:,7,58.5028125,1.0,
Q,0,11,explore:3:3:3:3:3:3:3:3:3:3:3:3:3:3:2:3:3:3:3:3:3:3:3:3:3:0:0:0:0:0:0:0:0:0:0:1:1:0:0:1:1:0:0:1:1:0:0:0:0:0:10:,11,0.19,1.0,
Q,0,11,explore:3:3:3:3:3:3:3:3:3:3:3:3:3:3:2:3:3:3:3:3:3:3:3:3:3:0:0:0:0:0:0:0:0:0:0:1:1:0:0:1:1:0:0:1:1:0:0:0:0:0:10:,12,1.070625,1.0,
Q,0,11,explore:3:3:3:3:3:3:3:3:3:3:3:3:3:3:2:3:3:3:3:3:3:3:3:3:3:0:0:0:0:0:0:0:0:0:0:1:1:0:0:1:1:0:0:1:1:0:0:0:0:0:10:,14,37.78125,1.0,
Q,0,11,explore:3:3:3:3:3:3:3:3:3:3:3:3:3:3:2:3:3:3:3:3:3:3:3:3:3:0:0:0:0:0:0:0:0:0:0:1:1:0:0:1:1:0:0:1:1:0:0:0:0:0:10:,15,0.150416666667,1.0,
Q,0,11,explore:3:3:3:3:3:3:3:3:3:3:3:3:3:3:2:3:3:3:3:3:3:3:3:3:3:0:0:0:0:0:0:0:0:0:0:1:1:0:0:1:1:0:0:1:1:0:0:0:0:0:10:,16,0.081875,1.0,
Q,0,11,explore:3:3:3:3:3:3:3:3:3:3:3:3:3:3:2:3:3:3:3:3:3:3:3:3:3:0:0:0:0:0:0:0:0:0:0:1:1:0:0:1:1:0:0:1:1:0:0:0:0:0:10:,17,0.0028125,1.0,
Q,0,11,explore:3:3:3:3:3:3:3:3:3:3:3:3:3:3:2:3:3:3:3:3:3:3:3:3:3:0:0:0:0:0:0:0:0:0:0:1:1:0:0:1:1:0:0:1:1:0:0:0:0:0:10:,21,0.0,1.0,
Q,0,11,explore:3:3:3:3:3:3:3:3:3:3:3:3:3:3:2:3:3:3:3:3:3:3:3:3:3:0:0:0:0:0:0:0:0:0:0:1:1:0:0:1:1:0:0:1:1:0:0:0:0:0:10:,22,0.890625,1.0,
Q,0,11,explore:3:3:3:3:3:3:3:3:3:3:3:3:3:3:2:3:3:3:3:3:3:3:3:3:3:0:0:0:0:0:0:0:0:0:0:1:1:0:0:1:1:0:0:1:1:0:0:0:0:0:10:,25,0.0,1.0,


Q,0,12,explore:3:3:3:3:3:3:3:3:3:3:3:3:3:3:2:3:3:3:2:3:3:3:3:3:3:0:0:0:0:0:0:0:0:0:0:1:1:0:0:1:1:0:0:1:1:0:0:0:0:0:11:,12,0.19,1.0,

Q,0,12,explore:3:3:3:3:3:3:3:3:3:3:3:3:3:3:2:2:3:3:2:3:3:3:3:3:3:0:0:0:0:0:0:1:0:0:1:0:1:0:0:0:1:0:0:1:1:0:0:0:0:0:11:,16,0.1,1.0,
Q,0,12,explore:3:3:3:3:3:3:3:3:3:3:3:3:3:3:2:2:3:3:2:3:3:3:3:3:3:0:0:0:0:0:0:1:0:0:1:0:1:0:0:0:1:0:0:1:1:0:0:0:0:0:11:,12,0.19625,1.0,

Q,0,12,explore:3:3:3:3:3:3:3:3:3:3:3:3:3:3:2:3:3:3:3:3:3:3:3:3:3:0:0:0:0:0:0:0:0:0:0:1:1:0:0:1:1:0:0:1:1:0:0:0:0:0:11:,0,13.5,1.0,
Q,0,12,explore:3:3:3:3:3:3:3:3:3:3:3:3:3:3:2:3:3:3:3:3:3:3:3:3:3:0:0:0:0:0:0:0:0:0:0:1:1:0:0:1:1:0:0:1:1:0:0:0:0:0:11:,9,48.515625,1.0,
Q,0,12,explore:3:3:3:3:3:3:3:3:3:3:3:3:3:3:2:3:3:3:3:3:3:3:3:3:3:0:0:0:0:0:0:0:0:0:0:1:1:0:0:1:1:0:0:1:1:0:0:0:0:0:11:,12,0.19,1.0,
Q,0,12,explore:3:3:3:3:3:3:3:3:3:3:3:3:3:3:2:3:3:3:3:3:3:3:3:3:3:0:0:0:0:0:0:0:0:0:0:1:1:0:0:1:1:0:0:1:1:0:0:0:0:0:11:,16,0.18,1.0,
Q,0,12,explore:3:3:3:3:3:3:3:3:3:3:3:3:3:3:2:3:3:3:3:3:3:3:3:3:3:0:0:0:0:0:0:0:0:0:0:1:1:0:0:1:1:0:0:1:1:0:0:0:0:0:11:,20,0.0,1.0,
Q,0,12,explore:3:3:3:3:3:3:3:3:3:3:3:3:3:3:2:3:3:3:3:3:3:3:3:3:3:0:0:0:0:0:0:0:0:0:0:1:1:0:0:1:1:0:0:1:1:0:0:0:0:0:11:,21,28.5,1.0,
Q,0,12,explore:3:3:3:3:3:3:3:3:3:3:3:3:3:3:2:3:3:3:3:3:3:3:3:3:3:0:0:0:0:0:0:0:0:0:0:1:1:0:0:1:1:0:0:1:1:0:0:0:0:0:11:,24,1.78125,1.0,

Q,0,12,explore:3:3:3:3:3:3:3:3:3:3:3:3:3:3:3:3:3:3:3:3:3:3:3:3:3:0:0:0:0:0:0:0:0:0:1:1:1:0:0:0:1:0:0:0:1:0:0:0:0:0:11:,1,7.5703125,1.0,
Q,0,12,explore:3:3:3:3:3:3:3:3:3:3:3:3:3:3:3:3:3:3:3:3:3:3:3:3:3:0:0:0:0:0:0:0:0:0:1:1:1:0:0:0:1:0:0:0:1:0:0:0:0:0:11:,2,0.1506640625,1.0,
Q,0,12,explore:3:3:3:3:3:3:3:3:3:3:3:3:3:3:3:3:3:3:3:3:3:3:3:3:3:0:0:0:0:0:0:0:0:0:1:1:1:0:0:0:1:0:0:0:1:0:0:0:0:0:11:,4,0.0,1.0,
Q,0,12,explore:3:3:3:3:3:3:3:3:3:3:3:3:3:3:3:3:3:3:3:3:3:3:3:3:3:0:0:0:0:0:0:0:0:0:1:1:1:0:0:0:1:0:0:0:1:0:0:0:0:0:11:,8,22.125,1.0,
Q,0,12,explore:3:3:3:3:3:3:3:3:3:3:3:3:3:3:3:3:3:3:3:3:3:3:3:3:3:0:0:0:0:0:0:0:0:0:1:1:1:0:0:0:1:0:0:0:1:0:0:0:0:0:11:,12,0.19611328125,1.0,
Q,0,12,explore:3:3:3:3:3:3:3:3:3:3:3:3:3:3:3:3:3:3:3:3:3:3:3:3:3:0:0:0:0:0:0:0:0:0:1:1:1:0:0:0:1:0:0:0:1:0:0:0:0:0:11:,24,0.024453125,1.0,

Q,0,12,explore:3:3:3:3:3:3:3:3:3:3:3:3:3:3:2:2:3:3:2:2:3:3:3:3:3:0:0:0:0:0:0:1:0:0:1:0:1:0:0:0:1:0:0:1:1:0:0:0:0:0:11:,12,0.19,1.0,


Q,0,13,explore:3:3:3:3:3:3:3:3:3:3:3:3:3:3:2:3:3:3:3:3:3:3:3:3:3:0:0:0:0:0:0:0:0:0:0:1:1:0:0:1:1:0:0:1:1:0:0:0:0:0:12:,4,0.00583333333333,1.0,
Q,0,13,explore:3:3:3:3:3:3:3:3:3:3:3:3:3:3:2:3:3:3:3:3:3:3:3:3:3:0:0:0:0:0:0:0:0:0:0:1:1:0:0:1:1:0:0:1:1:0:0:0:0:0:12:,13,57.0007291667,1.0,

Q,0,13,explore:3:3:3:3:3:3:3:3:3:3:3:2:3:3:2:2:3:3:2:2:3:3:3:3:3:0:0:0:0:0:0:1:0:0:1:0:1:0:0:0:1:0:0:1:1:0:0:0:0:0:12:,24,0.0,1.0,
Q,0,13,explore:3:3:3:3:3:3:3:3:3:3:3:2:3:3:2:2:3:3:2:2:3:3:3:3:3:0:0:0:0:0:0:1:0:0:1:0:1:0:0:0:1:0:0:1:1:0:0:0:0:0:12:,13,57.0,1.0,


Q,0,14,explore:3:3:3:3:3:3:3:3:3:3:3:3:3:3:2:2:3:3:2:3:3:3:3:3:3:0:0:0:0:0:0:1:0:0:1:0:1:0:0:0:1:0:0:1:1:0:0:0:0:0:13:,1,31.5001236979,1.0,
Q,0,14,explore:3:3:3:3:3:3:3:3:3:3:3:3:3:3:2:2:3:3:2:3:3:3:3:3:3:0:0:0:0:0:0:1:0:0:1:0:1:0:0:0:1:0:0:1:1:0:0:0:0:0:13:,2,28.125,1.0,
Q,0,14,explore:3:3:3:3:3:3:3:3:3:3:3:3:3:3:2:2:3:3:2:3:3:3:3:3:3:0:0:0:0:0:0:1:0:0:1:0:1:0:0:0:1:0:0:1:1:0:0:0:0:0:13:,3,85.1806640625,1.0,
Q,0,14,explore:3:3:3:3:3:3:3:3:3:3:3:3:3:3:2:2:3:3:2:3:3:3:3:3:3:0:0:0:0:0:0:1:0:0:1:0:1:0:0:0:1:0:0:1:1:0:0:0:0:0:13:,4,0.0,1.0,
Q,0,14,explore:3:3:3:3:3:3:3:3:3:3:3:3:3:3:2:2:3:3:2:3:3:3:3:3:3:0:0:0:0:0:0:1:0:0:1:0:1:0:0:0:1:0:0:1:1:0:0:0:0:0:13:,9,14.25,1.0,
Q,0,14,explore:3:3:3:3:3:3:3:3:3:3:3:3:3:3:2:2:3:3:2:3:3:3:3:3:3:0:0:0:0:0:0:1:0:0:1:0:1:0:0:0:1:0:0:1:1:0:0:0:0:0:13:,12,0.19806640625,1.0,
Q,0,14,explore:3:3:3:3:3:3:3:3:3:3:3:3:3:3:2:2:3:3:2:3:3:3:3:3:3:0:0:0:0:0:0:1:0:0:1:0:1:0:0:0:1:0:0:1:1:0:0:0:0:0:13:,14,88.5001236979,1.0,
Q,0,14,explore:3:3:3:3:3:3:3:3:3:3:3:3:3:3:2:2:3:3:2:3:3:3:3:3:3:0:0:0:0:0:0:1:0:0:1:0:1:0:0:0:1:0:0:1:1:0:0:0:0:0:13:,24,0.00791666666667,1.0,

Q,0,14,explore:3:3:3:3:3:3:3:3:3:3:3:3:3:3:2:3:3:3:3:3:3:3:3:3:3:0:0:0:0:0:0:0:0:0:0:1:1:0:0:1:1:0:0:1:1:0:0:0:0:0:13:,0,6.9375,1.0,
Q,0,14,explore:3:3:3:3:3:3:3:3:3:3:3:3:3:3:2:3:3:3:3:3:3:3:3:3:3:0:0:0:0:0:0:0:0:0:0:1:1:0:0:1:1:0:0:1:1:0:0:0:0:0:13:,1,0.890625,1.0,
Q,0,14,explore:3:3:3:3:3:3:3:3:3:3:3:3:3:3:2:3:3:3:3:3:3:3:3:3:3:0:0:0:0:0:0:0:0:0:0:1:1:0:0:1:1:0:0:1:1:0:0:0:0:0:13:,3,33.5625,1.0,
Q,0,14,explore:3:3:3:3:3:3:3:3:3:3:3:3:3:3:2:3:3:3:3:3:3:3:3:3:3:0:0:0:0:0:0:0:0:0:0:1:1:0:0:1:1:0:0:1:1:0:0:0:0:0:13:,4,7.125,1.0,
Q,0,14,explore:3:3:3:3:3:3:3:3:3:3:3:3:3:3:2:3:3:3:3:3:3:3:3:3:3:0:0:0:0:0:0:0:0:0:0:1:1:0:0:1:1:0:0:1:1:0:0:0:0:0:13:,5,1.78125,1.0,
Q,0,14,explore:3:3:3:3:3:3:3:3:3:3:3:3:3:3:2:3:3:3:3:3:3:3:3:3:3:0:0:0:0:0:0:0:0:0:0:1:1:0:0:1:1:0:0:1:1:0:0:0:0:0:13:,6,0.00140625,1.0,
Q,0,14,explore:3:3:3:3:3:3:3:3:3:3:3:3:3:3:2:3:3:3:3:3:3:3:3:3:3:0:0:0:0:0:0:0:0:0:0:1:1:0:0:1:1:0:0:1:1:0:0:0:0:0:13:,7,0.890625,1.0,
Q,0,14,explore:3:3:3:3:3:3:3:3:3:3:3:3:3:3:2:3:3:3:3:3:3:3:3:3:3:0:0:0:0:0:0:0:0:0:0:1:1:0:0:1:1:0:0:1:1:0:0:0:0:0:13:,8,0.0,1.0,
Q,0,14,explore:3:3:3:3:3:3:3:3:3:3:3:3:3:3:2:3:3:3:3:3:3:3:3:3:3:0:0:0:0:0:0:0:0:0:0:1:1:0:0:1:1:0:0:1:1:0:0:0:0:0:13:,9,0.010234375,1.0,
Q,0,14,explore:3:3:3:3:3:3:3:3:3:3:3:3:3:3:2:3:3:3:3:3:3:3:3:3:3:0:0:0:0:0:0:0:0:0:0:1:1:0:0:1:1:0:0:1:1:0:0:0:0:0:13:,12,1.070625,1.0,
Q,0,14,explore:3:3:3:3:3:3:3:3:3:3:3:3:3:3:2:3:3:3:3:3:3:3:3:3:3:0:0:0:0:0:0:0:0:0:0:1:1:0:0:1:1:0:0:1:1:0:0:0:0:0:13:,13,1.78125,1.0,
Q,0,14,explore:3:3:3:3:3:3:3:3:3:3:3:3:3:3:2:3:3:3:3:3:3:3:3:3:3:0:0:0:0:0:0:0:0:0:0:1:1:0:0:1:1:0:0:1:1:0:0:0:0:0:13:,14,57.0012792969,1.0,
Q,0,14,explore:3:3:3:3:3:3:3:3:3:3:3:3:3:3:2:3:3:3:3:3:3:3:3:3:3:0:0:0:0:0:0:0:0:0:0:1:1:0:0:1:1:0:0:1:1:0:0:0:0:0:13:,15,0.04,1.0,
Q,0,14,explore:3:3:3:3:3:3:3:3:3:3:3:3:3:3:2:3:3:3:3:3:3:3:3:3:3:0:0:0:0:0:0:0:0:0:0:1:1:0:0:1:1:0:0:1:1:0:0:0:0:0:13:,18,30.075,1.0,
Q,0,14,explore:3:3:3:3:3:3:3:3:3:3:3:3:3:3:2:3:3:3:3:3:3:3:3:3:3:0:0:0:0:0:0:0:0:0:0:1:1:0:0:1:1:0:0:1:1:0:0:0:0:0:13:,20,15.46875,1.0,
Q,0,14,explore:3:3:3:3:3:3:3:3:3:3:3:3:3:3:2:3:3:3:3:3:3:3:3:3:3:0:0:0:0:0:0:0:0:0:0:1:1:0:0:1:1:0:0:1:1:0:0:0:0:0:13:,21,0.0,1.0,
Q,0,14,explore:3:3:3:3:3:3:3:3:3:3:3:3:3:3:2:3:3:3:3:3:3:3:3:3:3:0:0:0:0:0:0:0:0:0:0:1:1:0:0:1:1:0:0:1:1:0:0:0:0:0:13:,22,0.0,1.0,
Q,0,14,explore:3:3:3:3:3:3:3:3:3:3:3:3:3:3:2:3:3:3:3:3:3:3:3:3:3:0:0:0:0:0:0:0:0:0:0:1:1:0:0:1:1:0:0:1:1:0:0:0:0:0:13:,23,0.0,1.0,
Q,0,14,explore:3:3:3:3:3:3:3:3:3:3:3:3:3:3:2:3:3:3:3:3:3:3:3:3:3:0:0:0:0:0:0:0:0:0:0:1:1:0:0:1:1:0:0:1:1:0:0:0:0:0:13:,24,0.0,1.0,
Q,0,14,explore:3:3:3:3:3:3:3:3:3:3:3:3:3:3:2:3:3:3:3:3:3:3:3:3:3:0:0:0:0:0:0:0:0:0:0:1:1:0:0:1:1:0:0:1:1:0:0:0:0:0:13:,25,3.1025390625,1.0,
Q,0,14,explore:3:3:3:3:3:3:3:3:3:3:3:3:3:3:2:3:3:3:3:3:3:3:3:3:3:0:0:0:0:0:0:0:0:0:0:1:1:0:0:1:1:0:0:1:1:0:0:0:0:0:13:,26,0.00255859375,1.0,

Q,0,14,explore:3:3:3:3:3:3:3:3:3:3:3:3:3:3:2:3:3:3:2:3:3:3:3:3:3:0:0:0:0:0:0:0:0:0:0:1:1:0:0:1:1:0:0:1:1:0:0:0:0:0:13:,1,29.390625,1.0,
Q,0,14,explore:3:3:3:3:3:3:3:3:3:3:3:3:3:3:2:3:3:3:2:3:3:3:3:3:3:0:0:0:0:0:0:0:0:0:0:1:1:0:0:1:1:0:0:1:1:0:0:0:0:0:13:,2,21.5625,1.0,
Q,0,14,explore:3:3:3:3:3:3:3:3:3:3:3:3:3:3:2:3:3:3:2:3:3:3:3:3:3:0:0:0:0:0:0:0:0:0:0:1:1:0:0:1:1:0:0:1:1:0:0:0:0:0:13:,4,72.0125292969,1.0,
Q,0,14,explore:3:3:3:3:3:3:3:3:3:3:3:3:3:3:2:3:3:3:2:3:3:3:3:3:3:0:0:0:0:0:0:0:0:0:0:1:1:0:0:1:1:0:0:1:1:0:0:0:0:0:13:,9,3.375,1.0,
Q,0,14,explore:3:3:3:3:3:3:3:3:3:3:3:3:3:3:2:3:3:3:2:3:3:3:3:3:3:0:0:0:0:0:0:0:0:0:0:1:1:0:0:1:1:0:0:1:1:0:0:0:0:0:13:,10,81.0168522135,1.0,
Q,0,14,explore:3:3:3:3:3:3:3:3:3:3:3:3:3:3:2:3:3:3:2:3:3:3:3:3:3:0:0:0:0:0:0:0:0:0:0:1:1:0:0:1:1:0:0:1:1:0:0:0:0:0:13:,11,0.100234375,1.0,
Q,0,14,explore:3:3:3:3:3:3:3:3:3:3:3:3:3:3:2:3:3:3:2:3:3:3:3:3:3:0:0:0:0:0:0:0:0:0:0:1:1:0:0:1:1:0:0:1:1:0:0:0:0:0:13:,12,0.4319140625,1.0,
Q,0,14,explore:3:3:3:3:3:3:3:3:3:3:3:3:3:3:2:3:3:3:2:3:3:3:3:3:3:0:0:0:0:0:0:0:0:0:0:1:1:0:0:1:1:0:0:1:1:0:0:0:0:0:13:,13,0.0960546875,1.0,
Q,0,14,explore:3:3:3:3:3:3:3:3:3:3:3:3:3:3:2:3:3:3:2:3:3:3:3:3:3:0:0:0:0:0:0:0:0:0:0:1:1:0:0:1:1:0:0:1:1:0:0:0:0:0:13:,14,57.4319140625,1.0,
Q,0,14,explore:3:3:3:3:3:3:3:3:3:3:3:3:3:3:2:3:3:3:2:3:3:3:3:3:3:0:0:0:0:0:0:0:0:0:0:1:1:0:0:1:1:0:0:1:1:0:0:0:0:0:13:,16,4.552734375,1.0,
Q,0,14,explore:3:3:3:3:3:3:3:3:3:3:3:3:3:3:2:3:3:3:2:3:3:3:3:3:3:0:0:0:0:0:0:0:0:0:0:1:1:0:0:1:1:0:0:1:1:0:0:0:0:0:13:,18,30.0000716146,1.0,
Q,0,14,explore:3:3:3:3:3:3:3:3:3:3:3:3:3:3:2:3:3:3:2:3:3:3:3:3:3:0:0:0:0:0:0:0:0:0:0:1:1:0:0:1:1:0:0:1:1:0:0:0:0:0:13:,19,28.5733333333,1.0,
Q,0,14,explore:3:3:3:3:3:3:3:3:3:3:3:3:3:3:2:3:3:3:2:3:3:3:3:3:3:0:0:0:0:0:0:0:0:0:0:1:1:0:0:1:1:0:0:1:1:0:0:0:0:0:13:,24,2.51733072917,1.0,
Q,0,14,explore:3:3:3:3:3:3:3:3:3:3:3:3:3:3:2:3:3:3:2:3:3:3:3:3:3:0:0:0:0:0:0:0:0:0:0:1:1:0:0:1:1:0:0:1:1:0:0:0:0:0:13:,25,3.515625,1.0,
Q,0,14,explore:3:3:3:3:3:3:3:3:3:3:3:3:3:3:2:3:3:3:2:3:3:3:3:3:3:0:0:0:0:0:0:0:0:0:0:1:1:0:0:1:1:0:0:1:1:0:0:0:0:0:13:,26,30.0000716146,1.0,

Q,0,14,explore:3:3:3:3:3:3:3:3:3:3:3:3:3:3:3:3:3:3:3:3:3:3:3:3:3:0:0:0:0:0:0:0:0:0:1:1:1:0:0:0:1:0:0:0:1:0:0:0:0:0:13:,0,2.765625,1.0,
Q,0,14,explore:3:3:3:3:3:3:3:3:3:3:3:3:3:3:3:3:3:3:3:3:3:3:3:3:3:0:0:0:0:0:0:0:0:0:1:1:1:0:0:0:1:0:0:0:1:0:0:0:0:0:13:,5,3.5625,1.0,
Q,0,14,explore:3:3:3:3:3:3:3:3:3:3:3:3:3:3:3:3:3:3:3:3:3:3:3:3:3:0:0:0:0:0:0:0:0:0:1:1:1:0:0:0:1:0:0:0:1:0:0:0:0:0:13:,8,0.0,1.0,
Q,0,14,explore:3:3:3:3:3:3:3:3:3:3:3:3:3:3:3:3:3:3:3:3:3:3:3:3:3:0:0:0:0:0:0:0:0:0:1:1:1:0:0:0:1:0:0:0:1:0:0:0:0:0:13:,10,22.6,1.0,
Q,0,14,explore:3:3:3:3:3:3:3:3:3:3:3:3:3:3:3:3:3:3:3:3:3:3:3:3:3:0:0:0:0:0:0:0:0:0:1:1:1:0:0:0:1:0:0:0:1:0:0:0:0:0:13:,11,0.07,1.0,
Q,0,14,explore:3:3:3:3:3:3:3:3:3:3:3:3:3:3:3:3:3:3:3:3:3:3:3:3:3:0:0:0:0:0:0:0:0:0:1:1:1:0:0:0:1:0:0:0:1:0:0:0:0:0:13:,14,57.0,1.0,
Q,0,14,explore:3:3:3:3:3:3:3:3:3:3:3:3:3:3:3:3:3:3:3:3:3:3:3:3:3:0:0:0:0:0:0:0:0:0:1:1:1:0:0:0:1:0:0:0:1:0:0:0:0:0:13:,15,30.0,1.0,
Q,0,14,explore:3:3:3:3:3:3:3:3:3:3:3:3:3:3:3:3:3:3:3:3:3:3:3:3:3:0:0:0:0:0:0:0:0:0:1:1:1:0:0:0:1:0:0:0:1:0:0:0:0:0:13:,16,0.00875,1.0,
Q,0,14,explore:3:3:3:3:3:3:3:3:3:3:3:3:3:3:3:3:3:3:3:3:3:3:3:3:3:0:0:0:0:0:0:0:0:0:1:1:1:0:0:0:1:0:0:0:1:0:0:0:0:0:13:,19,0.0,1.0,
Q,0,14,explore:3:3:3:3:3:3:3:3:3:3:3:3:3:3:3:3:3:3:3:3:3:3:3:3:3:0:0:0:0:0:0:0:0:0:1:1:1:0:0:0:1:0:0:0:1:0:0:0:0:0:13:,24,0.0021875,1.0,
Q,0,14,explore:3:3:3:3:3:3:3:3:3:3:3:3:3:3:3:3:3:3:3:3:3:3:3:3:3:0:0:0:0:0:0:0:0:0:1:1:1:0:0:0:1:0:0:0:1:0:0:0:0:0:13:,26,0.4453125,1.0,

Q,0,14,explore:3:3:3:3:3:3:3:3:3:3:3:2:3:2:2:2:3:3:2:2:3:3:3:3:3:0:0:0:0:0:0:1:0:0:1:0:1:0:0:0:1:0:0:1:1:0:0:0:0:0:13:,7,28.5136979167,1.0,
Q,0,14,explore:3:3:3:3:3:3:3:3:3:3:3:2:3:2:2:2:3:3:2:2:3:3:3:3:3:0:0:0:0:0:0:1:0:0:1:0:1:0:0:0:1:0:0:1:1:0:0:0:0:0:13:,11,21.06,1.0,
Q,0,14,explore:3:3:3:3:3:3:3:3:3:3:3:2:3:2:2:2:3:3:2:2:3:3:3:3:3:0:0:0:0:0:0:1:0:0:1:0:1:0:0:0:1:0:0:1:1:0:0:0:0:0:13:,14,66.5136979167,1.0,
Q,0,14,explore:3:3:3:3:3:3:3:3:3:3:3:2:3:2:2:2:3:3:2:2:3:3:3:3:3:0:0:0:0:0:0:1:0:0:1:0:1:0:0:0:1:0:0:1:1:0:0:0:0:0:13:,18,77.0,1.0,
Q,0,14,explore:3:3:3:3:3:3:3:3:3:3:3:2:3:2:2:2:3:3:2:2:3:3:3:3:3:0:0:0:0:0:0:1:0:0:1:0:1:0:0:0:1:0:0:1:1:0:0:0:0:0:13:,19,0.478645833333,1.0,
Q,0,14,explore:3:3:3:3:3:3:3:3:3:3:3:2:3:2:2:2:3:3:2:2:3:3:3:3:3:0:0:0:0:0:0:1:0:0:1:0:1:0:0:0:1:0:0:1:1:0:0:0:0:0:13:,25,0.186497395833,1.0,

Q,0,14,explore:3:3:3:3:3:3:3:3:3:3:3:3:3:3:2:2:3:3:2:2:3:3:3:3:3:0:0:0:0:0:0:1:0:0:1:0:1:0:0:0:1:0:0:1:1:0:0:0:0:0:13:,1,57.0019791667,1.0,
Q,0,14,explore:3:3:3:3:3:3:3:3:3:3:3:3:3:3:2:2:3:3:2:2:3:3:3:3:3:0:0:0:0:0:0:1:0:0:1:0:1:0:0:0:1:0:0:1:1:0:0:0:0:0:13:,2,33.02375,1.0,
Q,0,14,explore:3:3:3:3:3:3:3:3:3:3:3:3:3:3:2:2:3:3:2:2:3:3:3:3:3:0:0:0:0:0:0:1:0:0:1:0:1:0:0:0:1:0:0:1:1:0:0:0:0:0:13:,4,88.1806640625,1.0,
Q,0,14,explore:3:3:3:3:3:3:3:3:3:3:3:3:3:3:2:2:3:3:2:2:3:3:3:3:3:0:0:0:0:0:0:1:0:0:1:0:1:0:0:0:1:0:0:1:1:0:0:0:0:0:13:,6,0.0475,1.0,
Q,0,14,explore:3:3:3:3:3:3:3:3:3:3:3:3:3:3:2:2:3:3:2:2:3:3:3:3:3:0:0:0:0:0:0:1:0:0:1:0:1:0:0:0:1:0:0:1:1:0:0:0:0:0:13:,7,28.50203125,1.0,
Q,0,14,explore:3:3:3:3:3:3:3:3:3:3:3:3:3:3:2:2:3:3:2:2:3:3:3:3:3:0:0:0:0:0:0:1:0:0:1:0:1:0:0:0:1:0:0:1:1:0:0:0:0:0:13:,9,2.00018554688,1.0,
Q,0,14,explore:3:3:3:3:3:3:3:3:3:3:3:3:3:3:2:2:3:3:2:2:3:3:3:3:3:0:0:0:0:0:0:1:0:0:1:0:1:0:0:0:1:0:0:1:1:0:0:0:0:0:13:,11,34.2275390625,1.0,
Q,0,14,explore:3:3:3:3:3:3:3:3:3:3:3:3:3:3:2:2:3:3:2:2:3:3:3:3:3:0:0:0:0:0:0:1:0:0:1:0:1:0:0:0:1:0:0:1:1:0:0:0:0:0:13:,14,85.50203125,1.0,
Q,0,14,explore:3:3:3:3:3:3:3:3:3:3:3:3:3:3:2:2:3:3:2:2:3:3:3:3:3:0:0:0:0:0:0:1:0:0:1:0:1:0:0:0:1:0:0:1:1:0:0:0:0:0:13:,15,16.001484375,1.0,
Q,0,14,explore:3:3:3:3:3:3:3:3:3:3:3:3:3:3:2:2:3:3:2:2:3:3:3:3:3:0:0:0:0:0:0:1:0:0:1:0:1:0:0:0:1:0:0:1:1:0:0:0:0:0:13:,18,27.515625,1.0,
Q,0,14,explore:3:3:3:3:3:3:3:3:3:3:3:3:3:3:2:2:3:3:2:2:3:3:3:3:3:0:0:0:0:0:0:1:0:0:1:0:1:0:0:0:1:0:0:1:1:0:0:0:0:0:13:,20,49.5019791667,1.0,
Q,0,14,explore:3:3:3:3:3:3:3:3:3:3:3:3:3:3:2:2:3:3:2:2:3:3:3:3:3:0:0:0:0:0:0:1:0:0:1:0:1:0:0:0:1:0:0:1:1:0:0:0:0:0:13:,21,48.0,1.0,
Q,0,14,explore:3:3:3:3:3:3:3:3:3:3:3:3:3:3:2:2:3:3:2:2:3:3:3:3:3:0:0:0:0:0:0:1:0:0:1:0:1:0:0:0:1:0:0:1:1:0:0:0:0:0:13:,25,0.0158333333333,1.0,
Q,0,14,explore:3:3:3:3:3:3:3:3:3:3:3:3:3:3:2:2:3:3:2:2:3:3:3:3:3:0:0:0:0:0:0:1:0:0:1:0:1:0:0:0:1:0:0:1:1:0:0:0:0:0:13:,26,4.00037109375,1.0,

Q,0,14,explore:3:3:3:3:3:3:3:3:3:3:3:2:3:3:2:2:3:3:2:2:3:3:3:3:3:0:0:0:0:0:0:1:0:0:1:0:1:0:0:0:1:0:0:1:1:0:0:0:0:0:13:,2,53.255859375,1.0,
Q,0,14,explore:3:3:3:3:3:3:3:3:3:3:3:2:3:3:2:2:3:3:2:2:3:3:3:3:3:0:0:0:0:0:0:1:0:0:1:0:1:0:0:0:1:0:0:1:1:0:0:0:0:0:13:,3,3.0,1.0,
Q,0,14,explore:3:3:3:3:3:3:3:3:3:3:3:2:3:3:2:2:3:3:2:2:3:3:3:3:3:0:0:0:0:0:0:1:0:0:1:0:1:0:0:0:1:0:0:1:1:0:0:0:0:0:13:,4,82.125,1.0,
Q,0,14,explore:3:3:3:3:3:3:3:3:3:3:3:2:3:3:2:2:3:3:2:2:3:3:3:3:3:0:0:0:0:0:0:1:0:0:1:0:1:0:0:0:1:0:0:1:1:0:0:0:0:0:13:,6,0.0,1.0,
Q,0,14,explore:3:3:3:3:3:3:3:3:3:3:3:2:3:3:2:2:3:3:2:2:3:3:3:3:3:0:0:0:0:0:0:1:0:0:1:0:1:0:0:0:1:0:0:1:1:0:0:0:0:0:13:,14,57.0158333333,1.0,
Q,0,14,explore:3:3:3:3:3:3:3:3:3:3:3:2:3:3:2:2:3:3:2:2:3:3:3:3:3:0:0:0:0:0:0:1:0:0:1:0:1:0:0:0:1:0:0:1:1:0:0:0:0:0:13:,19,0.651666666667,1.0,
Q,0,14,explore:3:3:3:3:3:3:3:3:3:3:3:2:3:3:2:2:3:3:2:2:3:3:3:3:3:0:0:0:0:0:0:1:0:0:1:0:1:0:0:0:1:0:0:1:1:0:0:0:0:0:13:,20,0.0316666666667,1.0,
Q,0,14,explore:3:3:3:3:3:3:3:3:3:3:3:2:3:3:2:2:3:3:2:2:3:3:3:3:3:0:0:0:0:0:0:1:0:0:1:0:1:0:0:0:1:0:0:1:1:0:0:0:0:0:13:,21,0.987291666667,1.0,
Q,0,14,explore:3:3:3:3:3:3:3:3:3:3:3:2:3:3:2:2:3:3:2:2:3:3:3:3:3:0:0:0:0:0:0:1:0:0:1:0:1:0:0:0:1:0:0:1:1:0:0:0:0:0:13:,23,1.25,1.0,
Q,0,14,explore:3:3:3:3:3:3:3:3:3:3:3:2:3:3:2:2:3:3:2:2:3:3:3:3:3:0:0:0:0:0:0:1:0:0:1:0:1:0:0:0:1:0:0:1:1:0:0:0:0:0:13:,24,26.6279296875,1.0,
Q,0,14,explore:3:3:3:3:3:3:3:3:3:3:3:2:3:3:2:2:3:3:2:2:3:3:3:3:3:0:0:0:0:0:0:1:0:0:1:0:1:0:0:0:1:0:0:1:1:0:0:0:0:0:13:,26,0.0158333333333,1.0,


Q,0,15,explore:3:3:3:3:3:3:3:3:3:3:3:2:3:2:2:2:3:3:2:2:3:3:3:3:3:0:0:0:0:0:0:1:0:0:1:0:1:0:0:0:1:0:0:1:1:0:0:0:0:0:14:,17,0.0,1.0,
Q,0,15,explore:3:3:3:3:3:3:3:3:3:3:3:2:3:2:2:2:3:3:2:2:3:3:3:3:3:0:0:0:0:0:0:1:0:0:1:0:1:0:0:0:1:0:0:1:1:0:0:0:0:0:14:,15,40.0,1.0,

Q,0,15,explore:3:3:3:3:3:3:3:3:3:3:3:3:3:3:3:3:3:3:3:3:3:3:3:3:3:0:0:0:0:0:0:0:0:0:1:1:1:0:0:0:1:0:0:0:1:0:0:0:0:0:14:,0,3.375,1.0,
Q,0,15,explore:3:3:3:3:3:3:3:3:3:3:3:3:3:3:3:3:3:3:3:3:3:3:3:3:3:0:0:0:0:0:0:0:0:0:1:1:1:0:0:0:1:0:0:0:1:0:0:0:0:0:14:,1,13.03125,1.0,
Q,0,15,explore:3:3:3:3:3:3:3:3:3:3:3:3:3:3:3:3:3:3:3:3:3:3:3:3:3:0:0:0:0:0:0:0:0:0:1:1:1:0:0:0:1:0:0:0:1:0:0:0:0:0:14:,2,0.00109375,1.0,
Q,0,15,explore:3:3:3:3:3:3:3:3:3:3:3:3:3:3:3:3:3:3:3:3:3:3:3:3:3:0:0:0:0:0:0:0:0:0:1:1:1:0:0:0:1:0:0:0:1:0:0:0:0:0:14:,3,0.0,1.0,
Q,0,15,explore:3:3:3:3:3:3:3:3:3:3:3:3:3:3:3:3:3:3:3:3:3:3:3:3:3:0:0:0:0:0:0:0:0:0:1:1:1:0:0:0:1:0:0:0:1:0:0:0:0:0:14:,4,0.421875,1.0,
Q,0,15,explore:3:3:3:3:3:3:3:3:3:3:3:3:3:3:3:3:3:3:3:3:3:3:3:3:3:0:0:0:0:0:0:0:0:0:1:1:1:0:0:0:1:0:0:0:1:0:0:0:0:0:14:,5,0.0,1.0,
Q,0,15,explore:3:3:3:3:3:3:3:3:3:3:3:3:3:3:3:3:3:3:3:3:3:3:3:3:3:0:0:0:0:0:0:0:0:0:1:1:1:0:0:0:1:0:0:0:1:0:0:0:0:0:14:,6,6.515625,1.0,
Q,0,15,explore:3:3:3:3:3:3:3:3:3:3:3:3:3:3:3:3:3:3:3:3:3:3:3:3:3:0:0:0:0:0:0:0:0:0:1:1:1:0:0:0:1:0:0:0:1:0:0:0:0:0:14:,7,6.75880371094,2.0,
Q,0,15,explore:3:3:3:3:3:3:3:3:3:3:3:3:3:3:3:3:3:3:3:3:3:3:3:3:3:0:0:0:0:0:0:0:0:0:1:1:1:0:0:0:1:0:0:0:1:0:0:0:0:0:14:,8,0.0,1.0,
Q,0,15,explore:3:3:3:3:3:3:3:3:3:3:3:3:3:3:3:3:3:3:3:3:3:3:3:3:3:0:0:0:0:0:0:0:0:0:1:1:1:0:0:0:1:0:0:0:1:0:0:0:0:0:14:,9,0.098056640625,1.0,
Q,0,15,explore:3:3:3:3:3:3:3:3:3:3:3:3:3:3:3:3:3:3:3:3:3:3:3:3:3:0:0:0:0:0:0:0:0:0:1:1:1:0:0:0:1:0:0:0:1:0:0:0:0:0:14:,10,7.405,1.0,
Q,0,15,explore:3:3:3:3:3:3:3:3:3:3:3:3:3:3:3:3:3:3:3:3:3:3:3:3:3:0:0:0:0:0:0:0:0:0:1:1:1:0:0:0:1:0:0:0:1:0:0:0:0:0:14:,11,29.6018880208,3.0,
Q,0,15,explore:3:3:3:3:3:3:3:3:3:3:3:3:3:3:3:3:3:3:3:3:3:3:3:3:3:0:0:0:0:0:0:0:0:0:1:1:1:0:0:0:1:0:0:0:1:0:0:0:0:0:14:,12,0.2406640625,1.0,
Q,0,15,explore:3:3:3:3:3:3:3:3:3:3:3:3:3:3:3:3:3:3:3:3:3:3:3:3:3:0:0:0:0:0:0:0:0:0:1:1:1:0:0:0:1:0:0:0:1:0:0:0:0:0:14:,13,5.53125,1.0,
Q,0,15,explore:3:3:3:3:3:3:3:3:3:3:3:3:3:3:3:3:3:3:3:3:3:3:3:3:3:0:0:0:0:0:0:0:0:0:1:1:1:0:0:0:1:0:0:0:1:0:0:0:0:0:14:,14,35.458125,3.0,
Q,0,15,explore:3:3:3:3:3:3:3:3:3:3:3:3:3:3:3:3:3:3:3:3:3:3:3:3:3:0:0:0:0:0:0:0:0:0:1:1:1:0:0:0:1:0:0:0:1:0:0:0:0:0:14:,15,60.07875,4.0,
Q,0,15,explore:3:3:3:3:3:3:3:3:3:3:3:3:3:3:3:3:3:3:3:3:3:3:3:3:3:0:0:0:0:0:0:0:0:0:1:1:1:0:0:0:1:0:0:0:1:0:0:0:0:0:14:,16,0.11,1.0,
Q,0,15,explore:3:3:3:3:3:3:3:3:3:3:3:3:3:3:3:3:3:3:3:3:3:3:3:3:3:0:0:0:0:0:0:0:0:0:1:1:1:0:0:0:1:0:0:0:1:0:0:0:0:0:14:,17,31.125,2.0,
Q,0,15,explore:3:3:3:3:3:3:3:3:3:3:3:3:3:3:3:3:3:3:3:3:3:3:3:3:3:0:0:0:0:0:0:0:0:0:1:1:1:0:0:0:1:0:0:0:1:0:0:0:0:0:14:,18,13.5001074219,2.0,
Q,0,15,explore:3:3:3:3:3:3:3:3:3:3:3:3:3:3:3:3:3:3:3:3:3:3:3:3:3:0:0:0:0:0:0:0:0:0:1:1:1:0:0:0:1:0:0:0:1:0:0:0:0:0:14:,19,27.005,2.0,
Q,0,15,explore:3:3:3:3:3:3:3:3:3:3:3:3:3:3:3:3:3:3:3:3:3:3:3:3:3:0:0:0:0:0:0:0:0:0:1:1:1:0:0:0:1:0:0:0:1:0:0:0:0:0:14:,20,1.0362890625,1.0,
Q,0,15,explore:3:3:3:3:3:3:3:3:3:3:3:3:3:3:3:3:3:3:3:3:3:3:3:3:3:0:0:0:0:0:0:0:0:0:1:1:1:0:0:0:1:0:0:0:1:0:0:0:0:0:14:,21,27.779296875,2.0,
Q,0,15,explore:3:3:3:3:3:3:3:3:3:3:3:3:3:3:3:3:3:3:3:3:3:3:3:3:3:0:0:0:0:0:0:0:0:0:1:1:1:0:0:0:1:0:0:0:1:0:0:0:0:0:14:,22,7.125,1.0,
Q,0,15,explore:3:3:3:3:3:3:3:3:3:3:3:3:3:3:3:3:3:3:3:3:3:3:3:3:3:0:0:0:0:0:0:0:0:0:1:1:1:0:0:0:1:0:0:0:1:0:0:0:0:0:14:,23,4.7900390625,1.0,
Q,0,15,explore:3:3:3:3:3:3:3:3:3:3:3:3:3:3:3:3:3:3:3:3:3:3:3:3:3:0:0:0:0:0:0:0:0:0:1:1:1:0:0:0:1:0:0:0:1:0:0:0:0:0:14:,24,1.080625,1.0,
Q,0,15,explore:3:3:3:3:3:3:3:3:3:3:3:3:3:3:3:3:3:3:3:3:3:3:3:3:3:0:0:0:0:0:0:0:0:0:1:1:1:0:0:0:1:0:0:0:1:0:0:0:0:0:14:,25,0.324375,1.0,
Q,0,15,explore:3:3:3:3:3:3:3:3:3:3:3:3:3:3:3:3:3:3:3:3:3:3:3:3:3:0:0:0:0:0:0:0:0:0:1:1:1:0:0:0:1:0:0:0:1:0:0:0:0:0:14:,26,0.84375,1.0,

Q,0,15,explore:3:3:3:3:3:3:3:3:3:3:3:3:3:3:2:3:3:3:3:3:3:3:3:3:3:0:0:0:0:0:0:0:0:0:0:1:1:0:0:1:1:0:0:1:1:0:0:0:0:0:14:,0,0.0,1.0,
Q,0,15,explore:3:3:3:3:3:3:3:3:3:3:3:3:3:3:2:3:3:3:3:3:3:3:3:3:3:0:0:0:0:0:0:0:0:0:0:1:1:0:0:1:1:0:0:1:1:0:0:0:0:0:14:,1,18.890625,1.0,
Q,0,15,explore:3:3:3:3:3:3:3:3:3:3:3:3:3:3:2:3:3:3:3:3:3:3:3:3:3:0:0:0:0:0:0:0:0:0:0:1:1:0:0:1:1:0:0:1:1:0:0:0:0:0:14:,2,0.02,1.0,
Q,0,15,explore:3:3:3:3:3:3:3:3:3:3:3:3:3:3:2:3:3:3:3:3:3:3:3:3:3:0:0:0:0:0:0:0:0:0:0:1:1:0:0:1:1:0:0:1:1:0:0:0:0:0:14:,3,57.0012792969,1.0,
Q,0,15,explore:3:3:3:3:3:3:3:3:3:3:3:3:3:3:2:3:3:3:3:3:3:3:3:3:3:0:0:0:0:0:0:0:0:0:0:1:1:0:0:1:1:0:0:1:1:0:0:0:0:0:14:,4,0.0,1.0,
Q,0,15,explore:3:3:3:3:3:3:3:3:3:3:3:3:3:3:2:3:3:3:3:3:3:3:3:3:3:0:0:0:0:0:0:0:0:0:0:1:1:0:0:1:1:0:0:1:1:0:0:0:0:0:14:,5,0.0,1.0,
Q,0,15,explore:3:3:3:3:3:3:3:3:3:3:3:3:3:3:2:3:3:3:3:3:3:3:3:3:3:0:0:0:0:0:0:0:0:0:0:1:1:0:0:1:1:0:0:1:1:0:0:0:0:0:14:,6,28.50296875,1.0,
Q,0,15,explore:3:3:3:3:3:3:3:3:3:3:3:3:3:3:2:3:3:3:3:3:3:3:3:3:3:0:0:0:0:0:0:0:0:0:0:1:1:0:0:1:1:0:0:1:1:0:0:0:0:0:14:,7,58.5028125,1.0,
Q,0,15,explore:3:3:3:3:3:3:3:3:3:3:3:3:3:3:2:3:3:3:3:3:3:3:3:3:3:0:0:0:0:0:0:0:0:0:0:1:1:0:0:1:1:0:0:1:1:0:0:0:0:0:14:,8,0.02375,1.0,
Q,0,15,explore:3:3:3:3:3:3:3:3:3:3:3:3:3:3:2:3:3:3:3:3:3:3:3:3:3:0:0:0:0:0:0:0:0:0:0:1:1:0:0:1:1:0:0:1:1:0:0:0:0:0:14:,9,48.515625,1.0,
Q,0,15,explore:3:3:3:3:3:3:3:3:3:3:3:3:3:3:2:3:3:3:3:3:3:3:3:3:3:0:0:0:0:0:0:0:0:0:0:1:1:0:0:1:1:0:0:1:1:0:0:0:0:0:14:,10,44.8872070312,2.0,
Q,0,15,explore:3:3:3:3:3:3:3:3:3:3:3:3:3:3:2:3:3:3:3:3:3:3:3:3:3:0:0:0:0:0:0:0:0:0:0:1:1:0:0:1:1:0:0:1:1:0:0:0:0:0:14:,11,0.240416666667,1.0,
Q,0,15,explore:3:3:3:3:3:3:3:3:3:3:3:3:3:3:2:3:3:3:3:3:3:3:3:3:3:0:0:0:0:0:0:0:0:0:0:1:1:0:0:1:1:0:0:1:1:0:0:0:0:0:14:,12,28.52,1.0,
Q,0,15,explore:3:3:3:3:3:3:3:3:3:3:3:3:3:3:2:3:3:3:3:3:3:3:3:3:3:0:0:0:0:0:0:0:0:0:0:1:1:0:0:1:1:0:0:1:1:0:0:0:0:0:14:,13,13.5,1.0,
Q,0,15,explore:3:3:3:3:3:3:3:3:3:3:3:3:3:3:2:3:3:3:3:3:3:3:3:3:3:0:0:0:0:0:0:0:0:0:0:1:1:0:0:1:1:0:0:1:1:0:0:0:0:0:14:,14,27.0,1.0,
Q,0,15,explore:3:3:3:3:3:3:3:3:3:3:3:3:3:3:2:3:3:3:3:3:3:3:3:3:3:0:0:0:0:0:0:0:0:0:0:1:1:0:0:1:1:0:0:1:1:0:0:0:0:0:14:,15,28.6363020833,1.0,
Q,0,15,explore:3:3:3:3:3:3:3:3:3:3:3:3:3:3:2:3:3:3:3:3:3:3:3:3:3:0:0:0:0:0:0:0:0:0:0:1:1:0:0:1:1:0:0:1:1:0:0:0:0:0:14:,16,0.15,1.0,
Q,0,15,explore:3:3:3:3:3:3:3:3:3:3:3:3:3:3:2:3:3:3:3:3:3:3:3:3:3:0:0:0:0:0:0:0:0:0:0:1:1:0:0:1:1:0:0:1:1:0:0:0:0:0:14:,17,6.205078125,1.0,
Q,0,15,explore:3:3:3:3:3:3:3:3:3:3:3:3:3:3:2:3:3:3:3:3:3:3:3:3:3:0:0:0:0:0:0:0:0:0:0:1:1:0:0:1:1:0:0:1:1:0:0:0:0:0:14:,18,30.1066666667,1.0,
Q,0,15,explore:3:3:3:3:3:3:3:3:3:3:3:3:3:3:2:3:3:3:3:3:3:3:3:3:3:0:0:0:0:0:0:0:0:0:0:1:1:0:0:1:1:0:0:1:1:0:0:0:0:0:14:,19,0.08,1.0,
Q,0,15,explore:3:3:3:3:3:3:3:3:3:3:3:3:3:3:2:3:3:3:3:3:3:3:3:3:3:0:0:0:0:0:0:0:0:0:0:1:1:0:0:1:1:0:0:1:1:0:0:0:0:0:14:,20,0.09,1.0,
Q,0,15,explore:3:3:3:3:3:3:3:3:3:3:3:3:3:3:2:3:3:3:3:3:3:3:3:3:3:0:0:0:0:0:0:0:0:0:0:1:1:0:0:1:1:0:0:1:1:0:0:0:0:0:14:,21,0.0,1.0,
Q,0,15,explore:3:3:3:3:3:3:3:3:3:3:3:3:3:3:2:3:3:3:3:3:3:3:3:3:3:0:0:0:0:0:0:0:0:0:0:1:1:0:0:1:1:0:0:1:1:0:0:0:0:0:14:,22,32.0625,2.0,
Q,0,15,explore:3:3:3:3:3:3:3:3:3:3:3:3:3:3:2:3:3:3:3:3:3:3:3:3:3:0:0:0:0:0:0:0:0:0:0:1:1:0:0:1:1:0:0:1:1:0:0:0:0:0:14:,23,0.0475,1.0,
Q,0,15,explore:3:3:3:3:3:3:3:3:3:3:3:3:3:3:2:3:3:3:3:3:3:3:3:3:3:0:0:0:0:0:0:0:0:0:0:1:1:0:0:1:1:0:0:1:1:0:0:0:0:0:14:,24,0.19296875,1.0,
Q,0,15,explore:3:3:3:3:3:3:3:3:3:3:3:3:3:3:2:3:3:3:3:3:3:3:3:3:3:0:0:0:0:0:0:0:0:0:0:1:1:0:0:1:1:0:0:1:1:0:0:0:0:0:14:,25,7.12509114583,1.0,
Q,0,15,explore:3:3:3:3:3:3:3:3:3:3:3:3:3:3:2:3:3:3:3:3:3:3:3:3:3:0:0:0:0:0:0:0:0:0:0:1:1:0:0:1:1:0:0:1:1:0:0:0:0:0:14:,26,0.0,1.0,

Q,0,15,explore:3:3:3:3:3:3:3:3:3:3:3:3:3:3:2:3:3:3:2:3:3:3:3:3:3:0:0:0:0:0:0:0:0:0:0:1:1:0:0:1:1:0:0:1:1:0:0:0:0:0:14:,4,4.552734375,1.0,
Q,0,15,explore:3:3:3:3:3:3:3:3:3:3:3:3:3:3:2:3:3:3:2:3:3:3:3:3:3:0:0:0:0:0:0:0:0:0:0:1:1:0:0:1:1:0:0:1:1:0:0:0:0:0:14:,14,36.421875,1.0,
Q,0,15,explore:3:3:3:3:3:3:3:3:3:3:3:3:3:3:2:3:3:3:2:3:3:3:3:3:3:0:0:0:0:0:0:0:0:0:0:1:1:0:0:1:1:0:0:1:1:0:0:0:0:0:14:,15,0.134817708333,1.0,
Q,0,15,explore:3:3:3:3:3:3:3:3:3:3:3:3:3:3:2:3:3:3:2:3:3:3:3:3:3:0:0:0:0:0:0:0:0:0:0:1:1:0:0:1:1:0:0:1:1:0:0:0:0:0:14:,17,0.00458333333333,1.0,
Q,0,15,explore:3:3:3:3:3:3:3:3:3:3:3:3:3:3:2:3:3:3:2:3:3:3:3:3:3:0:0:0:0:0:0:0:0:0:0:1:1:0:0:1:1:0:0:1:1:0:0:0:0:0:14:,19,0.12,1.0,
Q,0,15,explore:3:3:3:3:3:3:3:3:3:3:3:3:3:3:2:3:3:3:2:3:3:3:3:3:3:0:0:0:0:0:0:0:0:0:0:1:1:0:0:1:1:0:0:1:1:0:0:0:0:0:14:,21,0.011875,1.0,

Q,0,15,explore:3:3:3:3:3:3:3:3:3:3:3:2:3:3:2:2:3:3:2:2:3:3:3:3:3:0:0:0:0:0:0:1:0:0:1:0:1:0:0:0:1:0:0:1:1:0:0:0:0:0:14:,0,0.0,1.0,
Q,0,15,explore:3:3:3:3:3:3:3:3:3:3:3:2:3:3:2:2:3:3:2:2:3:3:3:3:3:0:0:0:0:0:0:1:0:0:1:0:1:0:0:0:1:0:0:1:1:0:0:0:0:0:14:,15,40.0,1.0,

Q,0,15,explore:3:3:3:3:3:3:3:3:3:3:3:3:3:3:2:2:3:3:2:2:3:3:3:3:3:0:0:0:0:0:0:1:0:0:1:0:1:0:0:0:1:0:0:1:1:0:0:0:0:0:14:,8,0.011875,1.0,
Q,0,15,explore:3:3:3:3:3:3:3:3:3:3:3:3:3:3:2:2:3:3:2:2:3:3:3:3:3:0:0:0:0:0:0:1:0:0:1:0:1:0:0:0:1:0:0:1:1:0:0:0:0:0:14:,17,0.0,1.0,
Q,0,15,explore:3:3:3:3:3:3:3:3:3:3:3:3:3:3:2:2:3:3:2:2:3:3:3:3:3:0:0:0:0:0:0:1:0:0:1:0:1:0:0:0:1:0:0:1:1:0:0:0:0:0:14:,25,0.0,1.0,
Q,0,15,explore:3:3:3:3:3:3:3:3:3:3:3:3:3:3:2:2:3:3:2:2:3:3:3:3:3:0:0:0:0:0:0:1:0:0:1:0:1:0:0:0:1:0:0:1:1:0:0:0:0:0:14:,13,0.0,1.0,
Q,0,15,explore:3:3:3:3:3:3:3:3:3:3:3:3:3:3:2:2:3:3:2:2:3:3:3:3:3:0:0:0:0:0:0:1:0:0:1:0:1:0:0:0:1:0:0:1:1:0:0:0:0:0:14:,15,40.0,1.0,


Q,0,16,explore:3:3:3:3:3:3:3:3:3:3:3:3:3:3:2:2:3:3:2:2:3:3:3:3:3:0:0:0:0:0:0:1:0:0:1:0:1:0:0:0:1:0:0:1:1:0:0:0:0:0:15:,16,0.13,1.0,
Q,0,16,explore:3:3:3:3:3:3:3:3:3:3:3:3:3:3:2:2:3:3:2:2:3:3:3:3:3:0:0:0:0:0:0:1:0:0:1:0:1:0:0:0:1:0:0:1:1:0:0:0:0:0:15:,3,0.0,1.0,
Q,0,16,explore:3:3:3:3:3:3:3:3:3:3:3:3:3:3:2:2:3:3:2:2:3:3:3:3:3:0:0:0:0:0:0:1:0:0:1:0:1:0:0:0:1:0:0:1:1:0:0:0:0:0:15:,19,0.0533333333333,1.0,
Q,0,16,explore:3:3:3:3:3:3:3:3:3:3:3:3:3:3:2:2:3:3:2:2:3:3:3:3:3:0:0:0:0:0:0:1:0:0:1:0:1:0:0:0:1:0:0:1:1:0:0:0:0:0:15:,21,14.455078125,1.0,
Q,0,16,explore:3:3:3:3:3:3:3:3:3:3:3:3:3:3:2:2:3:3:2:2:3:3:3:3:3:0:0:0:0:0:0:1:0:0:1:0:1:0:0:0:1:0:0:1:1:0:0:0:0:0:15:,17,28.125,1.0,

Q,0,16,explore:3:3:3:3:3:3:3:3:3:3:3:3:3:3:2:3:3:3:3:3:3:3:3:3:3:0:0:0:0:0:0:0:0:0:0:1:1:0:0:1:1:0:0:1:1:0:0:0:0:0:15:,0,0.01125,1.0,
Q,0,16,explore:3:3:3:3:3:3:3:3:3:3:3:3:3:3:2:3:3:3:3:3:3:3:3:3:3:0:0:0:0:0:0:0:0:0:0:1:1:0:0:1:1:0:0:1:1:0:0:0:0:0:15:,3,0.0,1.0,
Q,0,16,explore:3:3:3:3:3:3:3:3:3:3:3:3:3:3:2:3:3:3:3:3:3:3:3:3:3:0:0:0:0:0:0:0:0:0:0:1:1:0:0:1:1:0:0:1:1:0:0:0:0:0:15:,4,0.0,1.0,
Q,0,16,explore:3:3:3:3:3:3:3:3:3:3:3:3:3:3:2:3:3:3:3:3:3:3:3:3:3:0:0:0:0:0:0:0:0:0:0:1:1:0:0:1:1:0:0:1:1:0:0:0:0:0:15:,9,14.2501822917,1.0,
Q,0,16,explore:3:3:3:3:3:3:3:3:3:3:3:3:3:3:2:3:3:3:3:3:3:3:3:3:3:0:0:0:0:0:0:0:0:0:0:1:1:0:0:1:1:0:0:1:1:0:0:0:0:0:15:,10,0.0,1.0,
Q,0,16,explore:3:3:3:3:3:3:3:3:3:3:3:3:3:3:2:3:3:3:3:3:3:3:3:3:3:0:0:0:0:0:0:0:0:0:0:1:1:0:0:1:1:0:0:1:1:0:0:0:0:0:15:,15,0.0933333333333,1.0,
Q,0,16,explore:3:3:3:3:3:3:3:3:3:3:3:3:3:3:2:3:3:3:3:3:3:3:3:3:3:0:0:0:0:0:0:0:0:0:0:1:1:0:0:1:1:0:0:1:1:0:0:0:0:0:15:,16,0.19,1.0,
Q,0,16,explore:3:3:3:3:3:3:3:3:3:3:3:3:3:3:2:3:3:3:3:3:3:3:3:3:3:0:0:0:0:0:0:0:0:0:0:1:1:0:0:1:1:0:0:1:1:0:0:0:0:0:15:,18,0.0,1.0,
Q,0,16,explore:3:3:3:3:3:3:3:3:3:3:3:3:3:3:2:3:3:3:3:3:3:3:3:3:3:0:0:0:0:0:0:0:0:0:0:1:1:0:0:1:1:0:0:1:1:0:0:0:0:0:15:,21,24.8203125,1.0,
Q,0,16,explore:3:3:3:3:3:3:3:3:3:3:3:3:3:3:2:3:3:3:3:3:3:3:3:3:3:0:0:0:0:0:0:0:0:0:0:1:1:0:0:1:1:0:0:1:1:0:0:0:0:0:15:,23,0.0,1.0,
Q,0,16,explore:3:3:3:3:3:3:3:3:3:3:3:3:3:3:2:3:3:3:3:3:3:3:3:3:3:0:0:0:0:0:0:0:0:0:0:1:1:0:0:1:1:0:0:1:1:0:0:0:0:0:15:,25,7.125,1.0,

Q,0,16,explore:3:3:3:3:3:3:3:3:3:3:3:3:3:3:3:3:3:3:3:3:3:3:3:3:3:0:0:0:0:0:0:0:0:0:1:1:1:0:0:0:1:0:0:0:1:0:0:0:0:0:15:,2,0.0,1.0,
Q,0,16,explore:3:3:3:3:3:3:3:3:3:3:3:3:3:3:3:3:3:3:3:3:3:3:3:3:3:0:0:0:0:0:0:0:0:0:1:1:1:0:0:0:1:0:0:0:1:0:0:0:0:0:15:,4,9.580078125,1.0,
Q,0,16,explore:3:3:3:3:3:3:3:3:3:3:3:3:3:3:3:3:3:3:3:3:3:3:3:3:3:0:0:0:0:0:0:0:0:0:1:1:1:0:0:0:1:0:0:0:1:0:0:0:0:0:15:,11,0.08,1.0,
Q,0,16,explore:3:3:3:3:3:3:3:3:3:3:3:3:3:3:3:3:3:3:3:3:3:3:3:3:3:0:0:0:0:0:0:0:0:0:1:1:1:0:0:0:1:0:0:0:1:0:0:0:0:0:15:,13,0.0,1.0,
Q,0,16,explore:3:3:3:3:3:3:3:3:3:3:3:3:3:3:3:3:3:3:3:3:3:3:3:3:3:0:0:0:0:0:0:0:0:0:1:1:1:0:0:0:1:0:0:0:1:0:0:0:0:0:15:,16,0.195625,1.0,
Q,0,16,explore:3:3:3:3:3:3:3:3:3:3:3:3:3:3:3:3:3:3:3:3:3:3:3:3:3:0:0:0:0:0:0:0:0:0:1:1:1:0:0:0:1:0:0:0:1:0:0:0:0:0:15:,20,0.09,1.0,
Q,0,16,explore:3:3:3:3:3:3:3:3:3:3:3:3:3:3:3:3:3:3:3:3:3:3:3:3:3:0:0:0:0:0:0:0:0:0:1:1:1:0:0:0:1:0:0:0:1:0:0:0:0:0:15:,21,62.25,1.0,
Q,0,16,explore:3:3:3:3:3:3:3:3:3:3:3:3:3:3:3:3:3:3:3:3:3:3:3:3:3:0:0:0:0:0:0:0:0:0:1:1:1:0:0:0:1:0:0:0:1:0:0:0:0:0:15:,23,3.5625,1.0,
Q,0,16,explore:3:3:3:3:3:3:3:3:3:3:3:3:3:3:3:3:3:3:3:3:3:3:3:3:3:0:0:0:0:0:0:0:0:0:1:1:1:0:0:0:1:0:0:0:1:0:0:0:0:0:15:,24,1.875,1.0,
Q,0,16,explore:3:3:3:3:3:3:3:3:3:3:3:3:3:3:3:3:3:3:3:3:3:3:3:3:3:0:0:0:0:0:0:0:0:0:1:1:1:0:0:0:1:0:0:0:1:0:0:0:0:0:15:,26,0.46875,1.0,

Q,0,16,explore:3:3:3:3:3:3:3:3:3:3:3:2:3:2:2:2:3:3:2:2:3:3:3:3:3:0:0:0:0:0:0:1:0:0:1:0:1:0:0:0:1:0:0:1:1:0:0:0:0:0:15:,16,0.876666666667,1.0,
Q,0,16,explore:3:3:3:3:3:3:3:3:3:3:3:2:3:2:2:2:3:3:2:2:3:3:3:3:3:0:0:0:0:0:0:1:0:0:1:0:1:0:0:0:1:0:0:1:1:0:0:0:0:0:15:,8,0.0,1.0,
Q,0,16,explore:3:3:3:3:3:3:3:3:3:3:3:2:3:2:2:2:3:3:2:2:3:3:3:3:3:0:0:0:0:0:0:1:0:0:1:0:1:0:0:0:1:0:0:1:1:0:0:0:0:0:15:,19,0.12,1.0,
Q,0,16,explore:3:3:3:3:3:3:3:3:3:3:3:2:3:2:2:2:3:3:2:2:3:3:3:3:3:0:0:0:0:0:0:1:0:0:1:0:1:0:0:0:1:0:0:1:1:0:0:0:0:0:15:,13,12.0,1.0,

Q,0,16,explore:3:3:3:3:3:3:3:3:3:3:3:2:3:3:2:2:3:3:2:2:3:3:3:3:3:0:0:0:0:0:0:1:0:0:1:0:1:0:0:0:1:0:0:1:1:0:0:0:0:0:15:,16,1.90791666667,1.0,
Q,0,16,explore:3:3:3:3:3:3:3:3:3:3:3:2:3:3:2:2:3:3:2:2:3:3:3:3:3:0:0:0:0:0:0:1:0:0:1:0:1:0:0:0:1:0:0:1:1:0:0:0:0:0:15:,13,7.125,1.0,

Q,0,16,explore:3:3:3:3:3:3:3:3:3:3:3:3:3:3:2:3:3:3:2:3:3:3:3:3:3:0:0:0:0:0:0:0:0:0:0:1:1:0:0:1:1:0:0:1:1:0:0:0:0:0:15:,16,0.192109375,1.0,
Q,0,16,explore:3:3:3:3:3:3:3:3:3:3:3:3:3:3:2:3:3:3:2:3:3:3:3:3:3:0:0:0:0:0:0:0:0:0:0:1:1:0:0:1:1:0:0:1:1:0:0:0:0:0:15:,15,0.0733333333333,1.0,
Q,0,16,explore:3:3:3:3:3:3:3:3:3:3:3:3:3:3:2:3:3:3:2:3:3:3:3:3:3:0:0:0:0:0:0:0:0:0:0:1:1:0:0:1:1:0:0:1:1:0:0:0:0:0:15:,7,7.03125,1.0,
Q,0,16,explore:3:3:3:3:3:3:3:3:3:3:3:3:3:3:2:3:3:3:2:3:3:3:3:3:3:0:0:0:0:0:0:0:0:0:0:1:1:0:0:1:1:0:0:1:1:0:0:0:0:0:15:,23,0.0084375,1.0,


Q,0,17,explore:3:3:3:3:3:3:3:3:3:3:3:3:3:3:2:3:3:3:3:3:3:3:3:3:3:0:0:0:0:0:0:0:0:0:0:1:1:0:0:1:1:0:0:1:1:0:0:0:0:0:16:,17,57.0,1.0,
Q,0,17,explore:3:3:3:3:3:3:3:3:3:3:3:3:3:3:2:3:3:3:3:3:3:3:3:3:3:0:0:0:0:0:0:0:0:0:0:1:1:0:0:1:1:0:0:1:1:0:0:0:0:0:16:,14,0.0,1.0,

Q,0,17,explore:3:3:3:3:3:3:3:3:3:3:3:3:3:3:2:2:3:3:2:2:3:3:3:3:3:0:0:0:0:0:0:1:0:0:1:0:1:0:0:0:1:0:0:1:1:0:0:0:0:0:16:,17,57.0,1.0,
Q,0,17,explore:3:3:3:3:3:3:3:3:3:3:3:3:3:3:2:2:3:3:2:2:3:3:3:3:3:0:0:0:0:0:0:1:0:0:1:0:1:0:0:0:1:0:0:1:1:0:0:0:0:0:16:,26,0.0,1.0,

Q,0,17,explore:3:3:3:3:3:3:3:3:3:3:3:3:3:3:3:3:3:3:3:3:3:3:3:3:3:0:0:0:0:0:0:0:0:0:1:1:1:0:0:0:1:0:0:0:1:0:0:0:0:0:16:,24,0.0,1.0,
Q,0,17,explore:3:3:3:3:3:3:3:3:3:3:3:3:3:3:3:3:3:3:3:3:3:3:3:3:3:0:0:0:0:0:0:0:0:0:1:1:1:0:0:0:1:0:0:0:1:0:0:0:0:0:16:,17,57.0,1.0,
Q,0,17,explore:3:3:3:3:3:3:3:3:3:3:3:3:3:3:3:3:3:3:3:3:3:3:3:3:3:0:0:0:0:0:0:0:0:0:1:1:1:0:0:0:1:0:0:0:1:0:0:0:0:0:16:,2,0.0,1.0,
Q,0,17,explore:3:3:3:3:3:3:3:3:3:3:3:3:3:3:3:3:3:3:3:3:3:3:3:3:3:0:0:0:0:0:0:0:0:0:1:1:1:0:0:0:1:0:0:0:1:0:0:0:0:0:16:,10,1.892578125,1.0,


Q,0,18,explore:3:3:3:3:3:3:3:3:3:3:3:3:3:3:3:3:3:3:3:3:3:3:3:3:3:0:0:0:0:0:0:0:0:0:1:1:1:0:0:0:1:0:0:0:1:0:0:0:0:0:17:,8,0.0,1.0,
Q,0,18,explore:3:3:3:3:3:3:3:3:3:3:3:3:3:3:3:3:3:3:3:3:3:3:3:3:3:0:0:0:0:0:0:0:0:0:1:1:1:0:0:0:1:0:0:0:1:0:0:0:0:0:17:,9,0.0,1.0,
Q,0,18,explore:3:3:3:3:3:3:3:3:3:3:3:3:3:3:3:3:3:3:3:3:3:3:3:3:3:0:0:0:0:0:0:0:0:0:1:1:1:0:0:0:1:0:0:0:1:0:0:0:0:0:17:,11,0.0,1.0,
Q,0,18,explore:3:3:3:3:3:3:3:3:3:3:3:3:3:3:3:3:3:3:3:3:3:3:3:3:3:0:0:0:0:0:0:0:0:0:1:1:1:0:0:0:1:0:0:0:1:0:0:0:0:0:17:,16,3.75,1.0,
Q,0,18,explore:3:3:3:3:3:3:3:3:3:3:3:3:3:3:3:3:3:3:3:3:3:3:3:3:3:0:0:0:0:0:0:0:0:0:1:1:1:0:0:0:1:0:0:0:1:0:0:0:0:0:17:,17,0.421875,1.0,
Q,0,18,explore:3:3:3:3:3:3:3:3:3:3:3:3:3:3:3:3:3:3:3:3:3:3:3:3:3:0:0:0:0:0:0:0:0:0:1:1:1:0:0:0:1:0:0:0:1:0:0:0:0:0:17:,18,57.0,1.0,
Q,0,18,explore:3:3:3:3:3:3:3:3:3:3:3:3:3:3:3:3:3:3:3:3:3:3:3:3:3:0:0:0:0:0:0:0:0:0:1:1:1:0:0:0:1:0:0:0:1:0:0:0:0:0:17:,20,0.0,1.0,
Q,0,18,explore:3:3:3:3:3:3:3:3:3:3:3:3:3:3:3:3:3:3:3:3:3:3:3:3:3:0:0:0:0:0:0:0:0:0:1:1:1:0:0:0:1:0:0:0:1:0:0:0:0:0:17:,21,0.000859375,1.0,
Q,0,18,explore:3:3:3:3:3:3:3:3:3:3:3:3:3:3:3:3:3:3:3:3:3:3:3:3:3:0:0:0:0:0:0:0:0:0:1:1:1:0:0:0:1:0:0:0:1:0:0:0:0:0:17:,23,18.5625,1.0,

Q,0,18,explore:3:3:3:3:3:3:3:3:3:3:3:3:3:3:2:3:3:3:3:3:3:3:3:3:3:0:0:0:0:0:0:0:0:0:0:1:1:0:0:1:1:0:0:1:1:0:0:0:0:0:17:,2,0.0,1.0,
Q,0,18,explore:3:3:3:3:3:3:3:3:3:3:3:3:3:3:2:3:3:3:3:3:3:3:3:3:3:0:0:0:0:0:0:0:0:0:0:1:1:0:0:1:1:0:0:1:1:0:0:0:0:0:17:,9,0.075,1.0,
Q,0,18,explore:3:3:3:3:3:3:3:3:3:3:3:3:3:3:2:3:3:3:3:3:3:3:3:3:3:0:0:0:0:0:0:0:0:0:0:1:1:0:0:1:1:0:0:1:1:0:0:0:0:0:17:,11,0.0,1.0,
Q,0,18,explore:3:3:3:3:3:3:3:3:3:3:3:3:3:3:2:3:3:3:3:3:3:3:3:3:3:0:0:0:0:0:0:0:0:0:0:1:1:0:0:1:1:0:0:1:1:0:0:0:0:0:17:,15,0.106666666667,1.0,
Q,0,18,explore:3:3:3:3:3:3:3:3:3:3:3:3:3:3:2:3:3:3:3:3:3:3:3:3:3:0:0:0:0:0:0:0:0:0:0:1:1:0:0:1:1:0:0:1:1:0:0:0:0:0:17:,18,64.125,1.0,
Q,0,18,explore:3:3:3:3:3:3:3:3:3:3:3:3:3:3:2:3:3:3:3:3:3:3:3:3:3:0:0:0:0:0:0:0:0:0:0:1:1:0:0:1:1:0:0:1:1:0:0:0:0:0:17:,21,0.0,1.0,
Q,0,18,explore:3:3:3:3:3:3:3:3:3:3:3:3:3:3:2:3:3:3:3:3:3:3:3:3:3:0:0:0:0:0:0:0:0:0:0:1:1:0:0:1:1:0:0:1:1:0:0:0:0:0:17:,25,14.25,1.0,
Q,0,18,explore:3:3:3:3:3:3:3:3:3:3:3:3:3:3:2:3:3:3:3:3:3:3:3:3:3:0:0:0:0:0:0:0:0:0:0:1:1:0:0:1:1:0:0:1:1:0:0:0:0:0:17:,26,0.0,1.0,

Q,0,18,explore:3:3:3:3:3:3:3:3:3:3:3:2:3:2:2:2:3:3:2:2:3:3:3:3:3:0:0:0:0:0:0:1:0:0:1:0:1:0:0:0:1:0:0:1:1:0:0:0:0:0:17:,25,0.0,1.0,
Q,0,18,explore:3:3:3:3:3:3:3:3:3:3:3:2:3:2:2:2:3:3:2:2:3:3:3:3:3:0:0:0:0:0:0:1:0:0:1:0:1:0:0:0:1:0:0:1:1:0:0:0:0:0:17:,18,62.0,1.0,
Q,0,18,explore:3:3:3:3:3:3:3:3:3:3:3:2:3:2:2:2:3:3:2:2:3:3:3:3:3:0:0:0:0:0:0:1:0:0:1:0:1:0:0:0:1:0:0:1:1:0:0:0:0:0:17:,11,10.0,1.0,

Q,0,18,explore:3:3:3:3:3:3:3:3:3:3:3:3:3:3:2:2:3:3:2:2:3:3:3:3:3:0:0:0:0:0:0:1:0:0:1:0:1:0:0:0:1:0:0:1:1:0:0:0:0:0:17:,18,57.0,1.0,
Q,0,18,explore:3:3:3:3:3:3:3:3:3:3:3:3:3:3:2:2:3:3:2:2:3:3:3:3:3:0:0:0:0:0:0:1:0:0:1:0:1:0:0:0:1:0:0:1:1:0:0:0:0:0:17:,21,3.515625,1.0,

Q,0,18,explore:3:3:3:3:3:3:3:3:3:3:3:3:3:3:2:3:3:3:2:3:3:3:3:3:3:0:0:0:0:0:0:0:0:0:0:1:1:0:0:1:1:0:0:1:1:0:0:0:0:0:17:,8,0.000572916666667,1.0,
Q,0,18,explore:3:3:3:3:3:3:3:3:3:3:3:3:3:3:2:3:3:3:2:3:3:3:3:3:3:0:0:0:0:0:0:0:0:0:0:1:1:0:0:1:1:0:0:1:1:0:0:0:0:0:17:,11,9.10546875,1.0,
Q,0,18,explore:3:3:3:3:3:3:3:3:3:3:3:3:3:3:2:3:3:3:2:3:3:3:3:3:3:0:0:0:0:0:0:0:0:0:0:1:1:0:0:1:1:0:0:1:1:0:0:0:0:0:17:,12,0.0,1.0,
Q,0,18,explore:3:3:3:3:3:3:3:3:3:3:3:3:3:3:2:3:3:3:2:3:3:3:3:3:3:0:0:0:0:0:0:0:0:0:0:1:1:0:0:1:1:0:0:1:1:0:0:0:0:0:17:,18,57.0,1.0,
Q,0,18,explore:3:3:3:3:3:3:3:3:3:3:3:3:3:3:2:3:3:3:2:3:3:3:3:3:3:0:0:0:0:0:0:0:0:0:0:1:1:0:0:1:1:0:0:1:1:0:0:0:0:0:17:,23,19.1253125,1.0,
Q,0,18,explore:3:3:3:3:3:3:3:3:3:3:3:3:3:3:2:3:3:3:2:3:3:3:3:3:3:0:0:0:0:0:0:0:0:0:0:1:1:0:0:1:1:0:0:1:1:0:0:0:0:0:17:,25,0.0,1.0,
Q,0,18,explore:3:3:3:3:3:3:3:3:3:3:3:3:3:3:2:3:3:3:2:3:3:3:3:3:3:0:0:0:0:0:0:0:0:0:0:1:1:0:0:1:1:0:0:1:1:0:0:0:0:0:17:,26,0.000143229166667,1.0,


Q,0,19,explore:3:3:3:3:3:3:3:3:3:3:3:2:3:3:2:2:3:3:2:2:3:3:3:3:3:0:0:0:0:0:0:1:0:0:1:0:1:0:0:0:1:0:0:1:1:0:0:0:0:0:18:,2,26.6279296875,1.0,
Q,0,19,explore:3:3:3:3:3:3:3:3:3:3:3:2:3:3:2:2:3:3:2:2:3:3:3:3:3:0:0:0:0:0:0:1:0:0:1:0:1:0:0:0:1:0:0:1:1:0:0:0:0:0:18:,3,0.0,1.0,
Q,0,19,explore:3:3:3:3:3:3:3:3:3:3:3:2:3:3:2:2:3:3:2:2:3:3:3:3:3:0:0:0:0:0:0:1:0:0:1:0:1:0:0:0:1:0:0:1:1:0:0:0:0:0:18:,6,0.625,1.0,
Q,0,19,explore:3:3:3:3:3:3:3:3:3:3:3:2:3:3:2:2:3:3:2:2:3:3:3:3:3:0:0:0:0:0:0:1:0:0:1:0:1:0:0:0:1:0:0:1:1:0:0:0:0:0:18:,11,5.0,1.0,
Q,0,19,explore:3:3:3:3:3:3:3:3:3:3:3:2:3:3:2:2:3:3:2:2:3:3:3:3:3:0:0:0:0:0:0:1:0:0:1:0:1:0:0:0:1:0:0:1:1:0:0:0:0:0:18:,16,0.987291666667,1.0,
Q,0,19,explore:3:3:3:3:3:3:3:3:3:3:3:2:3:3:2:2:3:3:2:2:3:3:3:3:3:0:0:0:0:0:0:1:0:0:1:0:1:0:0:0:1:0:0:1:1:0:0:0:0:0:18:,19,0.126666666667,1.0,

Q,0,19,explore:3:3:3:3:3:3:3:3:3:3:3:3:3:3:2:3:3:3:3:3:3:3:3:3:3:0:0:0:0:0:0:0:0:0:0:1:1:0:0:1:1:0:0:1:1:0:0:0:0:0:18:,2,0.0,1.0,
Q,0,19,explore:3:3:3:3:3:3:3:3:3:3:3:3:3:3:2:3:3:3:3:3:3:3:3:3:3:0:0:0:0:0:0:0:0:0:0:1:1:0:0:1:1:0:0:1:1:0:0:0:0:0:18:,3,0.0,1.0,
Q,0,19,explore:3:3:3:3:3:3:3:3:3:3:3:3:3:3:2:3:3:3:3:3:3:3:3:3:3:0:0:0:0:0:0:0:0:0:0:1:1:0:0:1:1:0:0:1:1:0:0:0:0:0:18:,6,0.0,1.0,
Q,0,19,explore:3:3:3:3:3:3:3:3:3:3:3:3:3:3:2:3:3:3:3:3:3:3:3:3:3:0:0:0:0:0:0:0:0:0:0:1:1:0:0:1:1:0:0:1:1:0:0:0:0:0:18:,9,0.0,1.0,
Q,0,19,explore:3:3:3:3:3:3:3:3:3:3:3:3:3:3:2:3:3:3:3:3:3:3:3:3:3:0:0:0:0:0:0:0:0:0:0:1:1:0:0:1:1:0:0:1:1:0:0:0:0:0:18:,11,3.1025390625,1.0,
Q,0,19,explore:3:3:3:3:3:3:3:3:3:3:3:3:3:3:2:3:3:3:3:3:3:3:3:3:3:0:0:0:0:0:0:0:0:0:0:1:1:0:0:1:1:0:0:1:1:0:0:0:0:0:18:,14,15.46875,1.0,
Q,0,19,explore:3:3:3:3:3:3:3:3:3:3:3:3:3:3:2:3:3:3:3:3:3:3:3:3:3:0:0:0:0:0:0:0:0:0:0:1:1:0:0:1:1:0:0:1:1:0:0:0:0:0:18:,17,0.0,1.0,
Q,0,19,explore:3:3:3:3:3:3:3:3:3:3:3:3:3:3:2:3:3:3:3:3:3:3:3:3:3:0:0:0:0:0:0:0:0:0:0:1:1:0:0:1:1:0:0:1:1:0:0:0:0:0:18:,18,0.0,1.0,
Q,0,19,explore:3:3:3:3:3:3:3:3:3:3:3:3:3:3:2:3:3:3:3:3:3:3:3:3:3:0:0:0:0:0:0:0:0:0:0:1:1:0:0:1:1:0:0:1:1:0:0:0:0:0:18:,19,0.19,1.0,

Q,0,19,explore:3:3:3:3:3:3:3:3:3:3:3:2:3:2:2:2:3:3:2:2:3:3:3:3:3:0:0:0:0:0:0:1:0:0:1:0:1:0:0:0:1:0:0:1:1:0:0:0:0:0:18:,2,0.119661458333,1.0,
Q,0,19,explore:3:3:3:3:3:3:3:3:3:3:3:2:3:2:2:2:3:3:2:2:3:3:3:3:3:0:0:0:0:0:0:1:0:0:1:0:1:0:0:0:1:0:0:1:1:0:0:0:0:0:18:,19,0.186497395833,1.0,
Q,0,19,explore:3:3:3:3:3:3:3:3:3:3:3:2:3:2:2:2:3:3:2:2:3:3:3:3:3:0:0:0:0:0:0:1:0:0:1:0:1:0:0:0:1:0:0:1:1:0:0:0:0:0:18:,18,0.0,1.0,
Q,0,19,explore:3:3:3:3:3:3:3:3:3:3:3:2:3:2:2:2:3:3:2:2:3:3:3:3:3:0:0:0:0:0:0:1:0:0:1:0:1:0:0:0:1:0:0:1:1:0:0:0:0:0:18:,23,3.5625,1.0,

Q,0,19,explore:3:3:3:3:3:3:3:3:3:3:3:3:3:3:3:3:3:3:3:3:3:3:3:3:3:0:0:0:0:0:0:0:0:0:1:1:1:0:0:0:1:0:0:0:1:0:0:0:0:0:18:,2,0.00875,1.0,
Q,0,19,explore:3:3:3:3:3:3:3:3:3:3:3:3:3:3:3:3:3:3:3:3:3:3:3:3:3:0:0:0:0:0:0:0:0:0:1:1:1:0:0:0:1:0:0:0:1:0:0:0:0:0:18:,3,0.0,1.0,
Q,0,19,explore:3:3:3:3:3:3:3:3:3:3:3:3:3:3:3:3:3:3:3:3:3:3:3:3:3:0:0:0:0:0:0:0:0:0:1:1:1:0:0:0:1:0:0:0:1:0:0:0:0:0:18:,4,0.0,1.0,
Q,0,19,explore:3:3:3:3:3:3:3:3:3:3:3:3:3:3:3:3:3:3:3:3:3:3:3:3:3:0:0:0:0:0:0:0:0:0:1:1:1:0:0:0:1:0:0:0:1:0:0:0:0:0:18:,7,0.006875,1.0,
Q,0,19,explore:3:3:3:3:3:3:3:3:3:3:3:3:3:3:3:3:3:3:3:3:3:3:3:3:3:0:0:0:0:0:0:0:0:0:1:1:1:0:0:0:1:0:0:0:1:0:0:0:0:0:18:,9,4.7900390625,1.0,
Q,0,19,explore:3:3:3:3:3:3:3:3:3:3:3:3:3:3:3:3:3:3:3:3:3:3:3:3:3:0:0:0:0:0:0:0:0:0:1:1:1:0:0:0:1:0:0:0:1:0:0:0:0:0:18:,13,0.0,1.0,
Q,0,19,explore:3:3:3:3:3:3:3:3:3:3:3:3:3:3:3:3:3:3:3:3:3:3:3:3:3:0:0:0:0:0:0:0:0:0:1:1:1:0:0:0:1:0:0:0:1:0:0:0:0:0:18:,18,38.3203125,1.0,
Q,0,19,explore:3:3:3:3:3:3:3:3:3:3:3:3:3:3:3:3:3:3:3:3:3:3:3:3:3:0:0:0:0:0:0:0:0:0:1:1:1:0:0:0:1:0:0:0:1:0:0:0:0:0:18:,19,57.0,1.0,
Q,0,19,explore:3:3:3:3:3:3:3:3:3:3:3:3:3:3:3:3:3:3:3:3:3:3:3:3:3:0:0:0:0:0:0:0:0:0:1:1:1:0:0:0:1:0:0:0:1:0:0:0:0:0:18:,21,0.01,1.0,

Q,0,19,explore:3:3:3:3:3:3:3:3:3:3:3:3:3:3:2:2:3:3:2:2:3:3:3:3:3:0:0:0:0:0:0:1:0:0:1:0:1:0:0:0:1:0:0:1:1:0:0:0:0:0:18:,3,0.0,1.0,
Q,0,19,explore:3:3:3:3:3:3:3:3:3:3:3:3:3:3:2:2:3:3:2:2:3:3:3:3:3:0:0:0:0:0:0:1:0:0:1:0:1:0:0:0:1:0:0:1:1:0:0:0:0:0:18:,23,49.5019791667,1.0,
Q,0,19,explore:3:3:3:3:3:3:3:3:3:3:3:3:3:3:2:2:3:3:2:2:3:3:3:3:3:0:0:0:0:0:0:1:0:0:1:0:1:0:0:0:1:0:0:1:1:0:0:0:0:0:18:,19,0.126666666667,1.0,
Q,0,19,explore:3:3:3:3:3:3:3:3:3:3:3:3:3:3:2:2:3:3:2:2:3:3:3:3:3:0:0:0:0:0:0:1:0:0:1:0:1:0:0:0:1:0:0:1:1:0:0:0:0:0:18:,12,7.03125,1.0,
Q,0,19,explore:3:3:3:3:3:3:3:3:3:3:3:3:3:3:2:2:3:3:2:2:3:3:3:3:3:0:0:0:0:0:0:1:0:0:1:0:1:0:0:0:1:0:0:1:1:0:0:0:0:0:18:,15,48.0,1.0,

Q,0,19,explore:3:3:3:3:3:3:3:3:3:3:3:3:3:3:2:3:3:3:2:3:3:3:3:3:3:0:0:0:0:0:0:0:0:0:0:1:1:0:0:1:1:0:0:1:1:0:0:0:0:0:18:,8,3.515625,1.0,
Q,0,19,explore:3:3:3:3:3:3:3:3:3:3:3:3:3:3:2:3:3:3:2:3:3:3:3:3:3:0:0:0:0:0:0:0:0:0:0:1:1:0:0:1:1:0:0:1:1:0:0:0:0:0:18:,19,2.51733072917,1.0,
Q,0,19,explore:3:3:3:3:3:3:3:3:3:3:3:3:3:3:2:3:3:3:2:3:3:3:3:3:3:0:0:0:0:0:0:0:0:0:0:1:1:0:0:1:1:0:0:1:1:0:0:0:0:0:18:,4,4.781328125,1.0,
Q,0,19,explore:3:3:3:3:3:3:3:3:3:3:3:3:3:3:2:3:3:3:2:3:3:3:3:3:3:0:0:0:0:0:0:0:0:0:0:1:1:0:0:1:1:0:0:1:1:0:0:0:0:0:18:,5,28.5,1.0,
Q,0,19,explore:3:3:3:3:3:3:3:3:3:3:3:3:3:3:2:3:3:3:2:3:3:3:3:3:3:0:0:0:0:0:0:0:0:0:0:1:1:0:0:1:1:0:0:1:1:0:0:0:0:0:18:,15,0.0675,1.0,

Q,0,19,explore:3:3:3:3:3:3:3:3:3:3:3:3:3:3:2:2:3:3:2:3:3:3:3:3:3:0:0:0:0:0:0:1:0:0:1:0:1:0:0:0:1:0:0:1:1:0:0:0:0:0:18:,19,0.126666666667,1.0,


Q,0,20,explore:3:3:3:3:3:3:3:3:3:3:3:3:3:3:2:3:3:3:2:3:3:3:3:3:3:0:0:0:0:0:0:0:0:0:0:1:1:0:0:1:1:0:0:1:1:0:0:0:0:0:19:,20,0.19,1.0,

Q,0,20,explore:3:3:3:3:3:3:3:3:3:3:3:3:3:3:2:3:3:3:3:3:3:3:3:3:3:0:0:0:0:0:0:0:0:0:0:1:1:0:0:1:1:0:0:1:1:0:0:0:0:0:19:,0,0.0059375,1.0,
Q,0,20,explore:3:3:3:3:3:3:3:3:3:3:3:3:3:3:2:3:3:3:3:3:3:3:3:3:3:0:0:0:0:0:0:0:0:0:0:1:1:0:0:1:1:0:0:1:1:0:0:0:0:0:19:,1,0.0,1.0,
Q,0,20,explore:3:3:3:3:3:3:3:3:3:3:3:3:3:3:2:3:3:3:3:3:3:3:3:3:3:0:0:0:0:0:0:0:0:0:0:1:1:0:0:1:1:0:0:1:1:0:0:0:0:0:19:,3,0.0,1.0,
Q,0,20,explore:3:3:3:3:3:3:3:3:3:3:3:3:3:3:2:3:3:3:3:3:3:3:3:3:3:0:0:0:0:0:0:0:0:0:0:1:1:0:0:1:1:0:0:1:1:0:0:0:0:0:19:,8,7.12509114583,1.0,
Q,0,20,explore:3:3:3:3:3:3:3:3:3:3:3:3:3:3:2:3:3:3:3:3:3:3:3:3:3:0:0:0:0:0:0:0:0:0:0:1:1:0:0:1:1:0:0:1:1:0:0:0:0:0:19:,18,0.0,1.0,
Q,0,20,explore:3:3:3:3:3:3:3:3:3:3:3:3:3:3:2:3:3:3:3:3:3:3:3:3:3:0:0:0:0:0:0:0:0:0:0:1:1:0:0:1:1:0:0:1:1:0:0:0:0:0:19:,20,0.19296875,1.0,

Q,0,20,explore:3:3:3:3:3:3:3:3:3:3:3:3:3:3:3:3:3:3:3:3:3:3:3:3:3:0:0:0:0:0:0:0:0:0:1:1:1:0:0:0:1:0:0:0:1:0:0:0:0:0:19:,2,1.78125,1.0,
Q,0,20,explore:3:3:3:3:3:3:3:3:3:3:3:3:3:3:3:3:3:3:3:3:3:3:3:3:3:0:0:0:0:0:0:0:0:0:1:1:1:0:0:0:1:0:0:0:1:0:0:0:0:0:19:,6,0.0,1.0,
Q,0,20,explore:3:3:3:3:3:3:3:3:3:3:3:3:3:3:3:3:3:3:3:3:3:3:3:3:3:0:0:0:0:0:0:0:0:0:1:1:1:0:0:0:1:0:0:0:1:0:0:0:0:0:19:,8,0.02,1.0,
Q,0,20,explore:3:3:3:3:3:3:3:3:3:3:3:3:3:3:3:3:3:3:3:3:3:3:3:3:3:0:0:0:0:0:0:0:0:0:1:1:1:0:0:0:1:0:0:0:1:0:0:0:0:0:19:,13,0.9462890625,1.0,
Q,0,20,explore:3:3:3:3:3:3:3:3:3:3:3:3:3:3:3:3:3:3:3:3:3:3:3:3:3:0:0:0:0:0:0:0:0:0:1:1:1:0:0:0:1:0:0:0:1:0:0:0:0:0:19:,16,0.324375,1.0,
Q,0,20,explore:3:3:3:3:3:3:3:3:3:3:3:3:3:3:3:3:3:3:3:3:3:3:3:3:3:0:0:0:0:0:0:0:0:0:1:1:1:0:0:0:1:0:0:0:1:0:0:0:0:0:19:,17,55.5,1.0,
Q,0,20,explore:3:3:3:3:3:3:3:3:3:3:3:3:3:3:3:3:3:3:3:3:3:3:3:3:3:0:0:0:0:0:0:0:0:0:1:1:1:0:0:0:1:0:0:0:1:0:0:0:0:0:19:,20,1.080625,1.0,
Q,0,20,explore:3:3:3:3:3:3:3:3:3:3:3:3:3:3:3:3:3:3:3:3:3:3:3:3:3:0:0:0:0:0:0:0:0:0:1:1:1:0:0:0:1:0:0:0:1:0:0:0:0:0:19:,21,15.0,1.0,
Q,0,20,explore:3:3:3:3:3:3:3:3:3:3:3:3:3:3:3:3:3:3:3:3:3:3:3:3:3:0:0:0:0:0:0:0:0:0:1:1:1:0:0:0:1:0:0:0:1:0:0:0:0:0:19:,22,0.1171875,1.0,

Q,0,20,explore:3:3:3:3:3:3:3:3:3:3:3:3:3:3:2:2:3:3:2:2:3:3:3:3:3:0:0:0:0:0:0:1:0:0:1:0:1:0:0:0:1:0:0:1:1:0:0:0:0:0:19:,9,0.0,1.0,
Q,0,20,explore:3:3:3:3:3:3:3:3:3:3:3:3:3:3:2:2:3:3:2:2:3:3:3:3:3:0:0:0:0:0:0:1:0:0:1:0:1:0:0:0:1:0:0:1:1:0:0:0:0:0:19:,20,0.126666666667,1.0,


Q,0,21,explore:3:3:3:3:3:3:3:3:3:3:3:3:3:3:2:2:3:3:2:2:3:3:3:3:3:0:0:0:0:0:0:1:0:0:1:0:1:0:0:0:1:0:0:1:1:0:0:0:0:0:20:,25,6.5625,1.0,
Q,0,21,explore:3:3:3:3:3:3:3:3:3:3:3:3:3:3:2:2:3:3:2:2:3:3:3:3:3:0:0:0:0:0:0:1:0:0:1:0:1:0:0:0:1:0:0:1:1:0:0:0:0:0:20:,21,57.8203125,1.0,

Q,0,21,explore:3:3:3:3:3:3:3:3:3:3:3:3:3:3:2:3:3:3:3:3:3:3:3:3:3:0:0:0:0:0:0:0:0:0:0:1:1:0:0:1:1:0:0:1:1:0:0:0:0:0:20:,24,6.5625,1.0,
Q,0,21,explore:3:3:3:3:3:3:3:3:3:3:3:3:3:3:2:3:3:3:3:3:3:3:3:3:3:0:0:0:0:0:0:0:0:0:0:1:1:0:0:1:1:0:0:1:1:0:0:0:0:0:20:,21,57.0,1.0,
Q,0,21,explore:3:3:3:3:3:3:3:3:3:3:3:3:3:3:2:3:3:3:3:3:3:3:3:3:3:0:0:0:0:0:0:0:0:0:0:1:1:0:0:1:1:0:0:1:1:0:0:0:0:0:20:,7,0.0,1.0,

Q,0,21,explore:3:3:3:3:3:3:3:3:3:3:3:3:3:3:3:3:3:3:3:3:3:3:3:3:3:0:0:0:0:0:0:0:0:0:1:1:1:0:0:0:1:0:0:0:1:0:0:0:0:0:20:,17,54.0,1.0,
Q,0,21,explore:3:3:3:3:3:3:3:3:3:3:3:3:3:3:3:3:3:3:3:3:3:3:3:3:3:0:0:0:0:0:0:0:0:0:1:1:1:0:0:0:1:0:0:0:1:0:0:0:0:0:20:,21,70.5,1.0,
Q,0,21,explore:3:3:3:3:3:3:3:3:3:3:3:3:3:3:3:3:3:3:3:3:3:3:3:3:3:0:0:0:0:0:0:0:0:0:1:1:1:0:0:0:1:0:0:0:1:0:0:0:0:0:20:,23,0.0,1.0,


Q,0,22,explore:3:3:3:3:3:3:3:3:3:3:3:3:3:3:2:3:3:3:2:3:3:3:3:3:3:0:0:0:0:0:0:0:0:0:0:1:1:0:0:1:1:0:0:1:1:0:0:0:0:0:21:,14,0.0,1.0,
Q,0,22,explore:3:3:3:3:3:3:3:3:3:3:3:3:3:3:2:3:3:3:2:3:3:3:3:3:3:0:0:0:0:0:0:0:0:0:0:1:1:0:0:1:1:0:0:1:1:0:0:0:0:0:21:,22,57.0,1.0,

Q,0,22,explore:3:3:3:3:3:3:3:3:3:3:3:2:3:3:2:2:3:3:2:2:3:3:3:3:3:0:0:0:0:0:0:1:0:0:1:0:1:0:0:0:1:0:0:1:1:0:0:0:0:0:21:,26,0.0,1.0,
Q,0,22,explore:3:3:3:3:3:3:3:3:3:3:3:2:3:3:2:2:3:3:2:2:3:3:3:3:3:0:0:0:0:0:0:1:0:0:1:0:1:0:0:0:1:0:0:1:1:0:0:0:0:0:21:,20,0.0,1.0,
Q,0,22,explore:3:3:3:3:3:3:3:3:3:3:3:2:3:3:2:2:3:3:2:2:3:3:3:3:3:0:0:0:0:0:0:1:0:0:1:0:1:0:0:0:1:0:0:1:1:0:0:0:0:0:21:,22,57.0,1.0,

Q,0,22,explore:3:3:3:3:3:3:3:3:3:3:3:3:3:3:2:3:3:3:3:3:3:3:3:3:3:0:0:0:0:0:0:0:0:0:0:1:1:0:0:1:1:0:0:1:1:0:0:0:0:0:21:,0,0.0,1.0,
Q,0,22,explore:3:3:3:3:3:3:3:3:3:3:3:3:3:3:2:3:3:3:3:3:3:3:3:3:3:0:0:0:0:0:0:0:0:0:0:1:1:0:0:1:1:0:0:1:1:0:0:0:0:0:21:,22,57.0,1.0,

Q,0,22,explore:3:3:3:3:3:3:3:3:3:3:3:3:3:3:2:2:3:3:2:3:3:3:3:3:3:0:0:0:0:0:0:1:0:0:1:0:1:0:0:0:1:0:0:1:1:0:0:0:0:0:21:,22,57.0,1.0,


Q,0,23,explore:3:3:3:3:3:3:3:3:3:3:3:3:3:3:2:3:3:3:3:3:3:3:3:3:3:0:0:0:0:0:0:0:0:0:0:1:1:0:0:1:1:0:0:1:1:0:0:0:0:0:22:,9,0.0,1.0,
Q,0,23,explore:3:3:3:3:3:3:3:3:3:3:3:3:3:3:2:3:3:3:3:3:3:3:3:3:3:0:0:0:0:0:0:0:0:0:0:1:1:0:0:1:1:0:0:1:1:0:0:0:0:0:22:,23,57.0,1.0,

Q,0,23,explore:3:3:3:3:3:3:3:3:3:3:3:3:3:3:3:3:3:3:3:3:3:3:3:3:3:0:0:0:0:0:0:0:0:0:1:1:1:0:0:0:1:0:0:0:1:0:0:0:0:0:22:,2,0.46875,1.0,
Q,0,23,explore:3:3:3:3:3:3:3:3:3:3:3:3:3:3:3:3:3:3:3:3:3:3:3:3:3:0:0:0:0:0:0:0:0:0:1:1:1:0:0:0:1:0:0:0:1:0:0:0:0:0:22:,23,57.0,1.0,

Q,0,23,explore:3:3:3:3:3:3:3:3:3:3:3:3:3:3:2:2:3:3:2:2:3:3:3:3:3:0:0:0:0:0:0:1:0:0:1:0:1:0:0:0:1:0:0:1:1:0:0:0:0:0:22:,17,0.0158333333333,1.0,
Q,0,23,explore:3:3:3:3:3:3:3:3:3:3:3:3:3:3:2:2:3:3:2:2:3:3:3:3:3:0:0:0:0:0:0:1:0:0:1:0:1:0:0:0:1:0:0:1:1:0:0:0:0:0:22:,23,57.0039583333,1.0,

Q,0,23,explore:3:3:3:3:3:3:3:3:3:3:3:2:3:2:2:2:3:3:2:2:3:3:3:3:3:0:0:0:0:0:0:1:0:0:1:0:1:0:0:0:1:0:0:1:1:0:0:0:0:0:22:,26,0.0,1.0,
Q,0,23,explore:3:3:3:3:3:3:3:3:3:3:3:2:3:2:2:2:3:3:2:2:3:3:3:3:3:0:0:0:0:0:0:1:0:0:1:0:1:0:0:0:1:0:0:1:1:0:0:0:0:0:22:,23,57.0,1.0,

Q,0,23,explore:3:3:3:3:3:3:3:3:3:3:3:3:3:3:2:3:3:3:2:3:3:3:3:3:3:0:0:0:0:0:0:0:0:0:0:1:1:0:0:1:1:0:0:1:1:0:0:0:0:0:22:,20,0.04,1.0,
Q,0,23,explore:3:3:3:3:3:3:3:3:3:3:3:3:3:3:2:3:3:3:2:3:3:3:3:3:3:0:0:0:0:0:0:0:0:0:0:1:1:0:0:1:1:0:0:1:1:0:0:0:0:0:22:,21,0.0,1.0,
Q,0,23,explore:3:3:3:3:3:3:3:3:3:3:3:3:3:3:2:3:3:3:2:3:3:3:3:3:3:0:0:0:0:0:0:0:0:0:0:1:1:0:0:1:1:0:0:1:1:0:0:0:0:0:22:,23,57.0025,1.0,


Q,0,24,explore:3:3:3:3:3:3:3:3:3:3:3:3:3:3:2:3:3:3:3:3:3:3:3:3:3:0:0:0:0:0:0:0:0:0:0:1:1:0:0:1:1:0:0:1:1:0:0:0:0:0:23:,24,57.0,1.0,


Q,0,25,explore:3:3:3:3:3:3:3:3:3:3:3:3:3:3:2:2:3:3:2:2:3:3:3:3:3:0:0:0:0:0:0:1:0:0:1:0:1:0:0:0:1:0:0:1:1:0:0:0:0:0:24:,25,57.0,1.0,
