


Q,0,1,explore:3:3:3:3:3:3:3:3:3:3:3:3:3:3:3:3:3:3:3:3:3:3:3:3:3:0:0:0:0:0:0:0:0:0:1:1:1:0:0:0:1:0:0:0:1:0:0:0:0:0:0:,1,58.78125,1.0,
Q,0,1,explore:3:3:3:3:3:3:3:3:3:3:3:3:3:3:3:3:3:3:3:3:3:3:3:3:3:0:0:0:0:0:0:0:0:0:1:1:1:0:0:0:1:0:0:0:1:0:0:0:0:0:0:,3,7.125,1.0,


Q,0,2,explore:3:3:3:3:3:3:3:3:3:3:3:3:3:3:2:2:3:3:2:2:3:3:3:3:3:0:0:0:0:0:0:1:0:0:1:0:0:0:1:0:1:0:0:1:1:0:0:0:0:0:1:,2,57.0,1.0,

Q,0,2,explore:3:3:3:3:3:3:3:3:3:3:3:3:3:3:3:3:3:3:3:3:3:3:3:3:3:0:0:0:0:0:0:0:0:0:1:1:1:0:0:0:1:0:0:0:1:0:0:0:0:0:1:,2,57.0,1.0,
Q,0,2,explore:3:3:3:3:3:3:3:3:3:3:3:3:3:3:3:3:3:3:3:3:3:3:3:3:3:0:0:0:0:0:0:0:0:0:1:1:1:0:0:0:1:0:0:0:1:0:0:0:0:0:1:,23,0.0,1.0,


Q,0,3,explore:3:3:3:3:3:3:3:3:3:3:3:3:3:3:2:3:3:3:3:3:3:3:3:3:3:0:0:0:0:0:0:0:0:0:0:1:0:0:0:1:1:0:0:1:1:0:0:0:0:0:2:,3,57.0,1.0,
Q,0,3,explore:3:3:3:3:3:3:3:3:3:3:3:3:3:3:2:3:3:3:3:3:3:3:3:3:3:0:0:0:0:0:0:0:0:0:0:1:0:0:0:1:1:0:0:1:1:0:0:0:0:0:2:,20,0.0,1.0,

Q,0,3,explore:3:3:3:3:3:3:3:3:3:3:3:2:3:2:2:2:3:3:2:2:3:3:3:3:3:0:0:0:0:0:0:1:0:0:1:0:0:0:1:0:1:0:0:1:1:0:0:0:0:0:2:,3,57.0009895833,1.0,
Q,0,3,explore:3:3:3:3:3:3:3:3:3:3:3:2:3:2:2:2:3:3:2:2:3:3:3:3:3:0:0:0:0:0:0:1:0:0:1:0:0:0:1:0:1:0:0:1:1:0:0:0:0:0:2:,15,0.00791666666667,1.0,

Q,0,3,explore:3:3:3:3:3:3:3:3:3:3:3:3:3:3:3:3:3:3:3:3:3:3:3:3:3:0:0:0:0:0:0:0:0:0:1:1:1:0:0:0:1:0:0:0:1:0:0:0:0:0:2:,16,0.0,1.0,
Q,0,3,explore:3:3:3:3:3:3:3:3:3:3:3:3:3:3:3:3:3:3:3:3:3:3:3:3:3:0:0:0:0:0:0:0:0:0:1:1:1:0:0:0:1:0:0:0:1:0:0:0:0:0:2:,3,60.8203125,1.0,
Q,0,3,explore:3:3:3:3:3:3:3:3:3:3:3:3:3:3:3:3:3:3:3:3:3:3:3:3:3:0:0:0:0:0:0:0:0:0:1:1:1:0:0:0:1:0:0:0:1:0:0:0:0:0:2:,4,30.5625,1.0,
Q,0,3,explore:3:3:3:3:3:3:3:3:3:3:3:3:3:3:3:3:3:3:3:3:3:3:3:3:3:0:0:0:0:0:0:0:0:0:1:1:1:0:0:0:1:0:0:0:1:0:0:0:0:0:2:,6,0.03515625,1.0,
Q,0,3,explore:3:3:3:3:3:3:3:3:3:3:3:3:3:3:3:3:3:3:3:3:3:3:3:3:3:0:0:0:0:0:0:0:0:0:1:1:1:0:0:0:1:0:0:0:1:0:0:0:0:0:2:,7,0.0,1.0,

Q,0,3,explore:3:3:3:3:3:3:3:3:3:3:3:3:3:3:2:2:3:3:2:2:3:3:3:3:3:0:0:0:0:0:0:1:0:0:1:0:0:0:1:0:1:0:0:1:1:0:0:0:0:0:2:,1,3.5625,1.0,
Q,0,3,explore:3:3:3:3:3:3:3:3:3:3:3:3:3:3:2:2:3:3:2:2:3:3:3:3:3:0:0:0:0:0:0:1:0:0:1:0:0:0:1:0:1:0:0:1:1:0:0:0:0:0:2:,3,57.4453125,1.0,


Q,0,4,explore:3:3:3:3:3:3:3:3:3:3:3:3:3:3:3:3:3:3:3:3:3:3:3:3:3:0:0:0:0:0:0:0:0:0:1:1:1:0:0:0:1:0:0:0:1:0:0:0:0:0:3:,4,57.0,1.0,

Q,0,4,explore:3:3:3:3:3:3:3:3:3:3:3:3:3:3:2:3:3:3:3:3:3:3:3:3:3:0:0:0:0:0:0:0:0:0:0:1:0:0:0:1:1:0:0:1:1:0:0:0:0:0:3:,4,57.0,1.0,
Q,0,4,explore:3:3:3:3:3:3:3:3:3:3:3:3:3:3:2:3:3:3:3:3:3:3:3:3:3:0:0:0:0:0:0:0:0:0:0:1:0:0:0:1:1:0:0:1:1:0:0:0:0:0:3:,13,0.0,1.0,


Q,0,6,explore:3:3:3:3:3:3:3:3:3:3:3:3:3:3:3:3:3:3:3:3:3:3:3:3:3:0:0:0:0:0:0:0:0:0:1:1:1:0:0:0:1:0:0:0:1:0:0:0:0:0:5:,6,57.0,1.0,
Q,0,6,explore:3:3:3:3:3:3:3:3:3:3:3:3:3:3:3:3:3:3:3:3:3:3:3:3:3:0:0:0:0:0:0:0:0:0:1:1:1:0:0:0:1:0:0:0:1:0:0:0:0:0:5:,15,0.0,1.0,

Q,0,6,explore:3:3:3:3:3:3:3:3:3:3:3:3:3:3:2:3:3:3:2:3:3:3:3:3:3:0:0:0:0:0:0:0:0:0:0:1:0:0:0:1:1:0:0:1:1:0:0:0:0:0:5:,10,27.0,1.0,
Q,0,6,explore:3:3:3:3:3:3:3:3:3:3:3:3:3:3:2:3:3:3:2:3:3:3:3:3:3:0:0:0:0:0:0:0:0:0:0:1:0:0:0:1:1:0:0:1:1:0:0:0:0:0:5:,6,58.6875,1.0,

Q,0,6,explore:3:3:3:3:3:3:3:3:3:3:3:2:3:3:2:2:3:3:2:2:3:3:3:3:3:0:0:0:0:0:0:1:0:0:1:0:0:0:1:0:1:0:0:1:1:0:0:0:0:0:5:,19,0.0,1.0,
Q,0,6,explore:3:3:3:3:3:3:3:3:3:3:3:2:3:3:2:2:3:3:2:2:3:3:3:3:3:0:0:0:0:0:0:1:0:0:1:0:0:0:1:0:1:0:0:1:1:0:0:0:0:0:5:,6,57.0,1.0,

Q,0,6,explore:3:3:3:3:3:3:3:3:3:3:3:3:3:3:2:2:3:3:2:2:3:3:3:3:3:0:0:0:0:0:0:1:0:0:1:0:0:0:1:0:1:0:0:1:1:0:0:0:0:0:5:,24,3.5625,1.0,
Q,0,6,explore:3:3:3:3:3:3:3:3:3:3:3:3:3:3:2:2:3:3:2:2:3:3:3:3:3:0:0:0:0:0:0:1:0:0:1:0:0:0:1:0:1:0:0:1:1:0:0:0:0:0:5:,6,57.4453125,1.0,


Q,0,7,explore:3:3:3:3:3:3:3:3:3:3:3:3:3:3:2:3:3:3:2:3:3:3:3:3:3:0:0:0:0:0:0:0:0:0:0:1:0:0:0:1:1:0:0:1:1:0:0:0:0:0:6:,2,28.5556640625,1.0,
Q,0,7,explore:3:3:3:3:3:3:3:3:3:3:3:3:3:3:2:3:3:3:2:3:3:3:3:3:3:0:0:0:0:0:0:0:0:0:0:1:0:0:0:1:1:0:0:1:1:0:0:0:0:0:6:,20,0.0,1.0,
Q,0,7,explore:3:3:3:3:3:3:3:3:3:3:3:3:3:3:2:3:3:3:2:3:3:3:3:3:3:0:0:0:0:0:0:0:0:0:0:1:0:0:0:1:1:0:0:1:1:0:0:0:0:0:6:,7,57.0,1.0,

Q,0,7,explore:3:3:3:3:3:3:3:3:3:3:3:3:3:3:2:3:3:3:2:3:3:3:3:3:3:0:0:0:0:0:0:1:0:0:1:0:0:0:1:0:1:0:0:1:1:0:0:0:0:0:6:,24,0.0,1.0,
Q,0,7,explore:3:3:3:3:3:3:3:3:3:3:3:3:3:3:2:3:3:3:2:3:3:3:3:3:3:0:0:0:0:0:0:1:0:0:1:0:0:0:1:0:1:0:0:1:1:0:0:0:0:0:6:,26,0.0,1.0,
Q,0,7,explore:3:3:3:3:3:3:3:3:3:3:3:3:3:3:2:3:3:3:2:3:3:3:3:3:3:0:0:0:0:0:0:1:0:0:1:0:0:0:1:0:1:0:0:1:1:0:0:0:0:0:6:,7,0.19,1.0,

Q,0,7,explore:3:3:3:3:3:3:3:3:3:3:3:3:3:3:2:2:3:3:2:2:3:3:3:3:3:0:0:0:0:0:0:1:0:0:1:0:0:0:1:0:1:0:0:1:1:0:0:0:0:0:6:,10,3.415,1.0,
Q,0,7,explore:3:3:3:3:3:3:3:3:3:3:3:3:3:3:2:2:3:3:2:2:3:3:3:3:3:0:0:0:0:0:0:1:0:0:1:0:0:0:1:0:1:0:0:1:1:0:0:0:0:0:6:,5,0.148359375,1.0,
Q,0,7,explore:3:3:3:3:3:3:3:3:3:3:3:3:3:3:2:2:3:3:2:2:3:3:3:3:3:0:0:0:0:0:0:1:0:0:1:0:0:0:1:0:1:0:0:1:1:0:0:0:0:0:6:,6,20.361328125,1.0,
Q,0,7,explore:3:3:3:3:3:3:3:3:3:3:3:3:3:3:2:2:3:3:2:2:3:3:3:3:3:0:0:0:0:0:0:1:0:0:1:0:0:0:1:0:1:0:0:1:1:0:0:0:0:0:6:,7,10.3706640625,1.0,

Q,0,7,explore:3:3:3:3:3:3:3:3:3:3:3:3:3:3:2:3:3:3:3:3:3:3:3:3:3:0:0:0:0:0:0:0:0:0:0:1:0:0:0:1:1:0:0:1:1:0:0:0:0:0:6:,24,3.5625,1.0,
Q,0,7,explore:3:3:3:3:3:3:3:3:3:3:3:3:3:3:2:3:3:3:3:3:3:3:3:3:3:0:0:0:0:0:0:0:0:0:0:1:0:0:0:1:1:0:0:1:1:0:0:0:0:0:6:,8,48.375,1.0,
Q,0,7,explore:3:3:3:3:3:3:3:3:3:3:3:3:3:3:2:3:3:3:3:3:3:3:3:3:3:0:0:0:0:0:0:0:0:0:0:1:0:0:0:1:1:0:0:1:1:0:0:0:0:0:6:,2,0.017578125,1.0,
Q,0,7,explore:3:3:3:3:3:3:3:3:3:3:3:3:3:3:2:3:3:3:3:3:3:3:3:3:3:0:0:0:0:0:0:0:0:0:0:1:0:0:0:1:1:0:0:1:1:0:0:0:0:0:6:,7,57.4453125,1.0,

Q,0,7,explore:3:3:3:3:3:3:3:3:3:3:3:2:3:3:2:2:3:3:2:2:3:3:3:3:3:0:0:0:0:0:0:1:0:0:1:0:0:0:1:0:1:0:0:1:1:0:0:0:0:0:6:,16,5.5,1.0,
Q,0,7,explore:3:3:3:3:3:3:3:3:3:3:3:2:3:3:2:2:3:3:2:2:3:3:3:3:3:0:0:0:0:0:0:1:0:0:1:0:0:0:1:0:1:0:0:1:1:0:0:0:0:0:6:,7,2.94,1.0,


Q,0,8,explore:3:3:3:3:3:3:3:3:3:3:3:3:3:3:2:3:3:3:3:3:3:3:3:3:3:0:0:0:0:0:0:0:0:0:0:1:0:0:0:1:1:0:0:1:1:0:0:0:0:0:7:,8,57.0028125,1.0,
Q,0,8,explore:3:3:3:3:3:3:3:3:3:3:3:3:3:3:2:3:3:3:3:3:3:3:3:3:3:0:0:0:0:0:0:0:0:0:0:1:0:0:0:1:1:0:0:1:1:0:0:0:0:0:7:,25,0.0,1.0,
Q,0,8,explore:3:3:3:3:3:3:3:3:3:3:3:3:3:3:2:3:3:3:3:3:3:3:3:3:3:0:0:0:0:0:0:0:0:0:0:1:0:0:0:1:1:0:0:1:1:0:0:0:0:0:7:,18,0.005625,1.0,
Q,0,8,explore:3:3:3:3:3:3:3:3:3:3:3:3:3:3:2:3:3:3:3:3:3:3:3:3:3:0:0:0:0:0:0:0:0:0:0:1:0:0:0:1:1:0:0:1:1:0:0:0:0:0:7:,10,0.00375,1.0,
Q,0,8,explore:3:3:3:3:3:3:3:3:3:3:3:3:3:3:2:3:3:3:3:3:3:3:3:3:3:0:0:0:0:0:0:0:0:0:0:1:0:0:0:1:1:0:0:1:1:0:0:0:0:0:7:,13,12.75,1.0,


Q,0,9,explore:3:3:3:3:3:3:3:3:3:3:3:3:3:3:2:2:3:3:2:2:3:3:3:3:3:0:0:0:0:0:0:1:0:0:1:0:0:0:1:0:1:0:0:1:1:0:0:0:0:0:8:,9,57.0025,1.0,
Q,0,9,explore:3:3:3:3:3:3:3:3:3:3:3:3:3:3:2:2:3:3:2:2:3:3:3:3:3:0:0:0:0:0:0:1:0:0:1:0:0:0:1:0:1:0:0:1:1:0:0:0:0:0:8:,11,0.005,1.0,

Q,0,9,explore:3:3:3:3:3:3:3:3:3:3:3:3:3:3:2:2:3:3:2:3:3:3:3:3:3:0:0:0:0:0:0:1:0:0:1:0:0:0:1:0:1:0:0:1:1:0:0:0:0:0:8:,9,57.0459244792,1.0,
Q,0,9,explore:3:3:3:3:3:3:3:3:3:3:3:3:3:3:2:2:3:3:2:3:3:3:3:3:3:0:0:0:0:0:0:1:0:0:1:0:0:0:1:0:1:0:0:1:1:0:0:0:0:0:8:,21,0.0918489583333,1.0,


Q,0,10,explore:3:3:3:3:3:3:3:3:3:3:3:3:3:3:2:3:3:3:2:3:3:3:3:3:3:0:0:0:0:0:0:0:0:0:0:1:0:0:0:1:1:0:0:1:1:0:0:0:0:0:9:,10,57.111328125,1.0,
Q,0,10,explore:3:3:3:3:3:3:3:3:3:3:3:3:3:3:2:3:3:3:2:3:3:3:3:3:3:0:0:0:0:0:0:0:0:0:0:1:0:0:0:1:1:0:0:1:1:0:0:0:0:0:9:,21,0.4453125,1.0,

Q,0,10,explore:3:3:3:3:3:3:3:3:3:3:3:3:3:3:2:2:3:3:2:2:3:3:3:3:3:0:0:0:0:0:0:1:0:0:1:0:0:0:1:0:1:0:0:1:1:0:0:0:0:0:9:,8,0.426875,1.0,
Q,0,10,explore:3:3:3:3:3:3:3:3:3:3:3:3:3:3:2:2:3:3:2:2:3:3:3:3:3:0:0:0:0:0:0:1:0:0:1:0:0:0:1:0:1:0:0:1:1:0:0:0:0:0:9:,10,0.29671875,1.0,
Q,0,10,explore:3:3:3:3:3:3:3:3:3:3:3:3:3:3:2:2:3:3:2:2:3:3:3:3:3:0:0:0:0:0:0:1:0:0:1:0:0:0:1:0:1:0:0:1:1:0:0:0:0:0:9:,6,54.0,1.0,

Q,0,10,explore:3:3:3:3:3:3:3:3:3:3:3:3:3:3:3:3:3:3:3:3:3:3:3:3:3:0:0:0:0:0:0:0:0:0:1:1:1:0:0:0:1:0:0:0:1:0:0:0:0:0:9:,1,29.390625,1.0,
Q,0,10,explore:3:3:3:3:3:3:3:3:3:3:3:3:3:3:3:3:3:3:3:3:3:3:3:3:3:0:0:0:0:0:0:0:0:0:1:1:1:0:0:0:1:0:0:0:1:0:0:0:0:0:9:,3,27.017578125,1.0,
Q,0,10,explore:3:3:3:3:3:3:3:3:3:3:3:3:3:3:3:3:3:3:3:3:3:3:3:3:3:0:0:0:0:0:0:0:0:0:1:1:1:0:0:0:1:0:0:0:1:0:0:0:0:0:9:,4,15.205078125,1.0,
Q,0,10,explore:3:3:3:3:3:3:3:3:3:3:3:3:3:3:3:3:3:3:3:3:3:3:3:3:3:0:0:0:0:0:0:0:0:0:1:1:1:0:0:0:1:0:0:0:1:0:0:0:0:0:9:,5,0.0,1.0,
Q,0,10,explore:3:3:3:3:3:3:3:3:3:3:3:3:3:3:3:3:3:3:3:3:3:3:3:3:3:0:0:0:0:0:0:0:0:0:1:1:1:0:0:0:1:0:0:0:1:0:0:0:0:0:9:,10,7.7925390625,1.0,
Q,0,10,explore:3:3:3:3:3:3:3:3:3:3:3:3:3:3:3:3:3:3:3:3:3:3:3:3:3:0:0:0:0:0:0:0:0:0:1:1:1:0:0:0:1:0:0:0:1:0:0:0:0:0:9:,13,0.0,1.0,
Q,0,10,explore:3:3:3:3:3:3:3:3:3:3:3:3:3:3:3:3:3:3:3:3:3:3:3:3:3:0:0:0:0:0:0:0:0:0:1:1:1:0:0:0:1:0:0:0:1:0:0:0:0:0:9:,14,0.140625,1.0,
Q,0,10,explore:3:3:3:3:3:3:3:3:3:3:3:3:3:3:3:3:3:3:3:3:3:3:3:3:3:0:0:0:0:0:0:0:0:0:1:1:1:0:0:0:1:0:0:0:1:0:0:0:0:0:9:,15,57.00296875,1.0,
Q,0,10,explore:3:3:3:3:3:3:3:3:3:3:3:3:3:3:3:3:3:3:3:3:3:3:3:3:3:0:0:0:0:0:0:0:0:0:1:1:1:0:0:0:1:0:0:0:1:0:0:0:0:0:9:,19,0.05875,1.0,
Q,0,10,explore:3:3:3:3:3:3:3:3:3:3:3:3:3:3:3:3:3:3:3:3:3:3:3:3:3:0:0:0:0:0:0:0:0:0:1:1:1:0:0:0:1:0:0:0:1:0:0:0:0:0:9:,21,30.0000585938,1.0,

Q,0,10,explore:3:3:3:3:3:3:3:3:3:3:3:2:3:2:2:2:3:3:2:2:3:3:3:3:3:0:0:0:0:0:0:1:0:0:1:0:0:0:1:0:1:0:0:1:1:0:0:0:0:0:9:,10,0.4009375,1.0,
Q,0,10,explore:3:3:3:3:3:3:3:3:3:3:3:2:3:2:2:2:3:3:2:2:3:3:3:3:3:0:0:0:0:0:0:1:0:0:1:0:0:0:1:0:1:0:0:1:1:0:0:0:0:0:9:,13,1.6875,1.0,

Q,0,10,explore:3:3:3:3:3:3:3:3:3:3:3:3:3:3:2:3:3:3:3:3:3:3:3:3:3:0:0:0:0:0:0:0:0:0:0:1:0:0:0:1:1:0:0:1:1:0:0:0:0:0:9:,0,0.0,1.0,
Q,0,10,explore:3:3:3:3:3:3:3:3:3:3:3:3:3:3:2:3:3:3:3:3:3:3:3:3:3:0:0:0:0:0:0:0:0:0:0:1:0:0:0:1:1:0:0:1:1:0:0:0:0:0:9:,7,14.361328125,1.0,
Q,0,10,explore:3:3:3:3:3:3:3:3:3:3:3:3:3:3:2:3:3:3:3:3:3:3:3:3:3:0:0:0:0:0:0:0:0:0:0:1:0:0:0:1:1:0:0:1:1:0:0:0:0:0:9:,9,0.0,1.0,
Q,0,10,explore:3:3:3:3:3:3:3:3:3:3:3:3:3:3:2:3:3:3:3:3:3:3:3:3:3:0:0:0:0:0:0:0:0:0:0:1:0:0:0:1:1:0:0:1:1:0:0:0:0:0:9:,10,60.0,1.0,
Q,0,10,explore:3:3:3:3:3:3:3:3:3:3:3:3:3:3:2:3:3:3:3:3:3:3:3:3:3:0:0:0:0:0:0:0:0:0:0:1:0:0:0:1:1:0:0:1:1:0:0:0:0:0:9:,15,3.58916666667,1.0,
Q,0,10,explore:3:3:3:3:3:3:3:3:3:3:3:3:3:3:2:3:3:3:3:3:3:3:3:3:3:0:0:0:0:0:0:0:0:0:0:1:0:0:0:1:1:0:0:1:1:0:0:0:0:0:9:,19,6.0,1.0,
Q,0,10,explore:3:3:3:3:3:3:3:3:3:3:3:3:3:3:2:3:3:3:3:3:3:3:3:3:3:0:0:0:0:0:0:0:0:0:0:1:0:0:0:1:1:0:0:1:1:0:0:0:0:0:9:,22,0.03515625,1.0,
Q,0,10,explore:3:3:3:3:3:3:3:3:3:3:3:3:3:3:2:3:3:3:3:3:3:3:3:3:3:0:0:0:0:0:0:0:0:0:0:1:0:0:0:1:1:0:0:1:1:0:0:0:0:0:9:,25,0.005625,1.0,


Q,0,11,explore:3:3:3:3:3:3:3:3:3:3:3:3:3:3:2:2:3:3:2:2:3:3:3:3:3:0:0:0:0:0:0:1:0:0:1:0:0:0:1:0:1:0:0:1:1:0:0:0:0:0:10:,26,0.0,1.0,
Q,0,11,explore:3:3:3:3:3:3:3:3:3:3:3:3:3:3:2:2:3:3:2:2:3:3:3:3:3:0:0:0:0:0:0:1:0:0:1:0:0:0:1:0:1:0:0:1:1:0:0:0:0:0:10:,11,57.0,1.0,

Q,0,11,explore:3:3:3:3:3:3:3:3:3:3:3:2:3:2:2:2:3:3:2:2:3:3:3:3:3:0:0:0:0:0:0:1:0:0:1:0:0:0:1:0:1:0:0:1:1:0:0:0:0:0:10:,8,27.0,1.0,
Q,0,11,explore:3:3:3:3:3:3:3:3:3:3:3:2:3:2:2:2:3:3:2:2:3:3:3:3:3:0:0:0:0:0:0:1:0:0:1:0:0:0:1:0:1:0:0:1:1:0:0:0:0:0:10:,10,0.100234375,1.0,
Q,0,11,explore:3:3:3:3:3:3:3:3:3:3:3:2:3:2:2:2:3:3:2:2:3:3:3:3:3:0:0:0:0:0:0:1:0:0:1:0:0:0:1:0:1:0:0:1:1:0:0:0:0:0:10:,11,57.0501171875,1.0,

Q,0,11,explore:3:3:3:3:3:3:3:3:3:3:3:3:3:3:3:3:3:3:3:3:3:3:3:3:3:0:0:0:0:0:0:0:0:0:1:1:1:0:0:0:1:0:0:0:1:0:0:0:0:0:10:,2,0.0,1.0,
Q,0,11,explore:3:3:3:3:3:3:3:3:3:3:3:3:3:3:3:3:3:3:3:3:3:3:3:3:3:0:0:0:0:0:0:0:0:0:1:1:1:0:0:0:1:0:0:0:1:0:0:0:0:0:10:,6,14.25,1.0,
Q,0,11,explore:3:3:3:3:3:3:3:3:3:3:3:3:3:3:3:3:3:3:3:3:3:3:3:3:3:0:0:0:0:0:0:0:0:0:1:1:1:0:0:0:1:0:0:0:1:0:0:0:0:0:10:,8,18.0,1.0,
Q,0,11,explore:3:3:3:3:3:3:3:3:3:3:3:3:3:3:3:3:3:3:3:3:3:3:3:3:3:0:0:0:0:0:0:0:0:0:1:1:1:0:0:0:1:0:0:0:1:0:0:0:0:0:10:,9,0.0,1.0,
Q,0,11,explore:3:3:3:3:3:3:3:3:3:3:3:3:3:3:3:3:3:3:3:3:3:3:3:3:3:0:0:0:0:0:0:0:0:0:1:1:1:0:0:0:1:0:0:0:1:0:0:0:0:0:10:,10,0.08,1.0,
Q,0,11,explore:3:3:3:3:3:3:3:3:3:3:3:3:3:3:3:3:3:3:3:3:3:3:3:3:3:0:0:0:0:0:0:0:0:0:1:1:1:0:0:0:1:0:0:0:1:0:0:0:0:0:10:,11,0.19,1.0,
Q,0,11,explore:3:3:3:3:3:3:3:3:3:3:3:3:3:3:3:3:3:3:3:3:3:3:3:3:3:0:0:0:0:0:0:0:0:0:1:1:1:0:0:0:1:0:0:0:1:0:0:0:0:0:10:,18,0.0,1.0,
Q,0,11,explore:3:3:3:3:3:3:3:3:3:3:3:3:3:3:3:3:3:3:3:3:3:3:3:3:3:0:0:0:0:0:0:0:0:0:1:1:1:0:0:0:1:0:0:0:1:0:0:0:0:0:10:,20,0.0,1.0,

Q,0,11,explore:3:3:3:3:3:3:3:3:3:3:3:3:3:3:3:3:3:3:3:3:3:3:3:3:3:0:0:0:0:0:0:0:0:0:0:1:0:0:0:1:1:0:0:1:1:0:0:0:0:0:10:,11,0.191015625,1.0,
Q,0,11,explore:3:3:3:3:3:3:3:3:3:3:3:3:3:3:3:3:3:3:3:3:3:3:3:3:3:0:0:0:0:0:0:0:0:0:0:1:0:0:0:1:1:0:0:1:1:0:0:0:0:0:10:,22,0.008125,1.0,

Q,0,11,explore:3:3:3:3:3:3:3:3:3:3:3:2:3:3:2:2:3:3:2:2:3:3:3:3:3:0:0:0:0:0:0:1:0:0:1:0:0:0:1:0:1:0:0:1:1:0:0:0:0:0:10:,25,0.0,1.0,
Q,0,11,explore:3:3:3:3:3:3:3:3:3:3:3:2:3:3:2:2:3:3:2:2:3:3:3:3:3:0:0:0:0:0:0:1:0:0:1:0:0:0:1:0:1:0:0:1:1:0:0:0:0:0:10:,11,67.125,1.0,
Q,0,11,explore:3:3:3:3:3:3:3:3:3:3:3:2:3:3:2:2:3:3:2:2:3:3:3:3:3:0:0:0:0:0:0:1:0:0:1:0:0:0:1:0:1:0:0:1:1:0:0:0:0:0:10:,20,4.5,1.0,
Q,0,11,explore:3:3:3:3:3:3:3:3:3:3:3:2:3:3:2:2:3:3:2:2:3:3:3:3:3:0:0:0:0:0:0:1:0:0:1:0:0:0:1:0:1:0:0:1:1:0:0:0:0:0:10:,6,20.25,1.0,

Q,0,11,explore:3:3:3:3:3:3:3:3:3:3:3:3:3:3:2:3:3:3:3:3:3:3:3:3:3:0:0:0:0:0:0:0:0:0:0:1:0:0:0:1:1:0:0:1:1:0:0:0:0:0:10:,0,0.00017578125,1.0,
Q,0,11,explore:3:3:3:3:3:3:3:3:3:3:3:3:3:3:2:3:3:3:3:3:3:3:3:3:3:0:0:0:0:0:0:0:0:0:0:1:0:0:0:1:1:0:0:1:1:0:0:0:0:0:10:,3,7.2890625,1.0,
Q,0,11,explore:3:3:3:3:3:3:3:3:3:3:3:3:3:3:2:3:3:3:3:3:3:3:3:3:3:0:0:0:0:0:0:0:0:0:0:1:0:0:0:1:1:0:0:1:1:0:0:0:0:0:10:,5,1.6875,1.0,
Q,0,11,explore:3:3:3:3:3:3:3:3:3:3:3:3:3:3:2:3:3:3:3:3:3:3:3:3:3:0:0:0:0:0:0:0:0:0:0:1:0:0:0:1:1:0:0:1:1:0:0:0:0:0:10:,6,18.0,1.0,
Q,0,11,explore:3:3:3:3:3:3:3:3:3:3:3:3:3:3:2:3:3:3:3:3:3:3:3:3:3:0:0:0:0:0:0:0:0:0:0:1:0:0:0:1:1:0:0:1:1:0:0:0:0:0:10:,9,0.001875,1.0,
Q,0,11,explore:3:3:3:3:3:3:3:3:3:3:3:3:3:3:2:3:3:3:3:3:3:3:3:3:3:0:0:0:0:0:0:0:0:0:0:1:0:0:0:1:1:0:0:1:1:0:0:0:0:0:10:,11,2.012265625,1.0,
Q,0,11,explore:3:3:3:3:3:3:3:3:3:3:3:3:3:3:2:3:3:3:3:3:3:3:3:3:3:0:0:0:0:0:0:0:0:0:0:1:0:0:0:1:1:0:0:1:1:0:0:0:0:0:10:,16,7.305,1.0,
Q,0,11,explore:3:3:3:3:3:3:3:3:3:3:3:3:3:3:2:3:3:3:3:3:3:3:3:3:3:0:0:0:0:0:0:0:0:0:0:1:0:0:0:1:1:0:0:1:1:0:0:0:0:0:10:,18,0.0,1.0,
Q,0,11,explore:3:3:3:3:3:3:3:3:3:3:3:3:3:3:2:3:3:3:3:3:3:3:3:3:3:0:0:0:0:0:0:0:0:0:0:1:0:0:0:1:1:0:0:1:1:0:0:0:0:0:10:,20,0.015,1.0,
Q,0,11,explore:3:3:3:3:3:3:3:3:3:3:3:3:3:3:2:3:3:3:3:3:3:3:3:3:3:0:0:0:0:0:0:0:0:0:0:1:0:0:0:1:1:0:0:1:1:0:0:0:0:0:10:,23,4.5,1.0,
Q,0,11,explore:3:3:3:3:3:3:3:3:3:3:3:3:3:3:2:3:3:3:3:3:3:3:3:3:3:0:0:0:0:0:0:0:0:0:0:1:0:0:0:1:1:0:0:1:1:0:0:0:0:0:10:,25,0.0225,1.0,
Q,0,11,explore:3:3:3:3:3:3:3:3:3:3:3:3:3:3:2:3:3:3:3:3:3:3:3:3:3:0:0:0:0:0:0:0:0:0:0:1:0:0:0:1:1:0:0:1:1:0:0:0:0:0:10:,26,1.125,1.0,

Q,0,11,explore:3:3:3:3:3:3:3:3:3:3:3:3:3:3:2:3:3:3:2:3:3:3:3:3:3:0:0:0:0:0:0:0:0:0:0:1:0:0:0:1:1:0:0:1:1:0:0:0:0:0:10:,1,7.3359375,1.0,
Q,0,11,explore:3:3:3:3:3:3:3:3:3:3:3:3:3:3:2:3:3:3:2:3:3:3:3:3:3:0:0:0:0:0:0:0:0:0:0:1:0:0:0:1:1:0:0:1:1:0:0:0:0:0:10:,11,2.023984375,1.0,
Q,0,11,explore:3:3:3:3:3:3:3:3:3:3:3:3:3:3:2:3:3:3:2:3:3:3:3:3:3:0:0:0:0:0:0:0:0:0:0:1:0:0:0:1:1:0:0:1:1:0:0:0:0:0:10:,14,33.5625,1.0,


Q,0,12,explore:3:3:3:3:3:3:3:3:3:3:3:3:3:3:2:2:3:3:2:3:3:3:3:3:3:0:0:0:0:0:0:1:0:0:1:0:0:0:1:0:1:0:0:1:1:0:0:0:0:0:11:,3,20.2431640625,1.0,
Q,0,12,explore:3:3:3:3:3:3:3:3:3:3:3:3:3:3:2:2:3:3:2:3:3:3:3:3:3:0:0:0:0:0:0:1:0:0:1:0:0:0:1:0:1:0:0:1:1:0:0:0:0:0:11:,9,63.0459244792,1.0,
Q,0,12,explore:3:3:3:3:3:3:3:3:3:3:3:3:3:3:2:2:3:3:2:3:3:3:3:3:3:0:0:0:0:0:0:1:0:0:1:0:0:0:1:0:1:0:0:1:1:0:0:0:0:0:11:,12,77.2431640625,1.0,
Q,0,12,explore:3:3:3:3:3:3:3:3:3:3:3:3:3:3:2:2:3:3:2:3:3:3:3:3:3:0:0:0:0:0:0:1:0:0:1:0:0:0:1:0:1:0:0:1:1:0:0:0:0:0:11:,13,15.5625,1.0,
Q,0,12,explore:3:3:3:3:3:3:3:3:3:3:3:3:3:3:2:2:3:3:2:3:3:3:3:3:3:0:0:0:0:0:0:1:0:0:1:0:0:0:1:0:1:0:0:1:1:0:0:0:0:0:11:,17,27.0,1.0,
Q,0,12,explore:3:3:3:3:3:3:3:3:3:3:3:3:3:3:2:2:3:3:2:3:3:3:3:3:3:0:0:0:0:0:0:1:0:0:1:0:0:0:1:0:1:0:0:1:1:0:0:0:0:0:11:,20,0.0897005208333,1.0,
Q,0,12,explore:3:3:3:3:3:3:3:3:3:3:3:3:3:3:2:2:3:3:2:3:3:3:3:3:3:0:0:0:0:0:0:1:0:0:1:0:0:0:1:0:1:0:0:1:1:0:0:0:0:0:11:,21,57.0325390625,1.0,

Q,0,12,explore:3:3:3:3:3:3:3:3:3:3:3:3:3:3:2:2:3:3:2:2:3:3:3:3:3:0:0:0:0:0:0:1:0:0:1:0:0:0:1:0:1:0:0:1:1:0:0:0:0:0:11:,1,10.3706640625,1.0,
Q,0,12,explore:3:3:3:3:3:3:3:3:3:3:3:3:3:3:2:2:3:3:2:2:3:3:3:3:3:0:0:0:0:0:0:1:0:0:1:0:0:0:1:0:1:0:0:1:1:0:0:0:0:0:11:,4,0.0,1.0,
Q,0,12,explore:3:3:3:3:3:3:3:3:3:3:3:3:3:3:2:2:3:3:2:2:3:3:3:3:3:0:0:0:0:0:0:1:0:0:1:0:0:0:1:0:1:0:0:1:1:0:0:0:0:0:11:,5,40.7966666667,1.0,
Q,0,12,explore:3:3:3:3:3:3:3:3:3:3:3:3:3:3:2:2:3:3:2:2:3:3:3:3:3:0:0:0:0:0:0:1:0:0:1:0:0:0:1:0:1:0:0:1:1:0:0:0:0:0:11:,6,0.148359375,1.0,
Q,0,12,explore:3:3:3:3:3:3:3:3:3:3:3:3:3:3:2:2:3:3:2:2:3:3:3:3:3:0:0:0:0:0:0:1:0:0:1:0:0:0:1:0:1:0:0:1:1:0:0:0:0:0:11:,9,57.0025,1.0,
Q,0,12,explore:3:3:3:3:3:3:3:3:3:3:3:3:3:3:2:2:3:3:2:2:3:3:3:3:3:0:0:0:0:0:0:1:0:0:1:0:0:0:1:0:1:0:0:1:1:0:0:0:0:0:11:,12,130.501979167,1.0,
Q,0,12,explore:3:3:3:3:3:3:3:3:3:3:3:3:3:3:2:2:3:3:2:2:3:3:3:3:3:0:0:0:0:0:0:1:0:0:1:0:0:0:1:0:1:0:0:1:1:0:0:0:0:0:11:,13,73.5019791667,1.0,
Q,0,12,explore:3:3:3:3:3:3:3:3:3:3:3:3:3:3:2:2:3:3:2:2:3:3:3:3:3:0:0:0:0:0:0:1:0:0:1:0:0:0:1:0:1:0:0:1:1:0:0:0:0:0:11:,14,28.5,1.0,
Q,0,12,explore:3:3:3:3:3:3:3:3:3:3:3:3:3:3:2:2:3:3:2:2:3:3:3:3:3:0:0:0:0:0:0:1:0:0:1:0:0:0:1:0:1:0:0:1:1:0:0:0:0:0:11:,16,0.02,1.0,
Q,0,12,explore:3:3:3:3:3:3:3:3:3:3:3:3:3:3:2:2:3:3:2:2:3:3:3:3:3:0:0:0:0:0:0:1:0:0:1:0:0:0:1:0:1:0:0:1:1:0:0:0:0:0:11:,18,7.1806640625,1.0,
Q,0,12,explore:3:3:3:3:3:3:3:3:3:3:3:3:3:3:2:2:3:3:2:2:3:3:3:3:3:0:0:0:0:0:0:1:0:0:1:0:0:0:1:0:1:0:0:1:1:0:0:0:0:0:11:,24,0.0663020833333,1.0,
Q,0,12,explore:3:3:3:3:3:3:3:3:3:3:3:3:3:3:2:2:3:3:2:2:3:3:3:3:3:0:0:0:0:0:0:1:0:0:1:0:0:0:1:0:1:0:0:1:1:0:0:0:0:0:11:,25,57.0158333333,1.0,

Q,0,12,explore:3:3:3:3:3:3:3:3:3:3:3:2:3:2:2:2:3:3:2:2:3:3:3:3:3:0:0:0:0:0:0:1:0:0:1:0:0:0:1:0:1:0:0:1:1:0:0:0:0:0:11:,19,40.890625,1.0,
Q,0,12,explore:3:3:3:3:3:3:3:3:3:3:3:2:3:2:2:2:3:3:2:2:3:3:3:3:3:0:0:0:0:0:0:1:0:0:1:0:0:0:1:0:1:0:0:1:1:0:0:0:0:0:11:,11,63.0501171875,1.0,
Q,0,12,explore:3:3:3:3:3:3:3:3:3:3:3:2:3:2:2:2:3:3:2:2:3:3:3:3:3:0:0:0:0:0:0:1:0:0:1:0:0:0:1:0:1:0:0:1:1:0:0:0:0:0:11:,12,67.42578125,1.0,
Q,0,12,explore:3:3:3:3:3:3:3:3:3:3:3:2:3:2:2:2:3:3:2:2:3:3:3:3:3:0:0:0:0:0:0:1:0:0:1:0:0:0:1:0:1:0:0:1:1:0:0:0:0:0:11:,21,29.42578125,1.0,
Q,0,12,explore:3:3:3:3:3:3:3:3:3:3:3:2:3:2:2:2:3:3:2:2:3:3:3:3:3:0:0:0:0:0:0:1:0:0:1:0:0:0:1:0:1:0:0:1:1:0:0:0:0:0:11:,14,13.1251236979,1.0,

Q,0,12,explore:3:3:3:3:3:3:3:3:3:3:3:3:3:3:3:3:3:3:3:3:3:3:3:3:3:0:0:0:0:0:0:0:0:0:1:1:1:0:0:0:1:0:0:0:1:0:0:0:0:0:11:,11,7.255,1.0,
Q,0,12,explore:3:3:3:3:3:3:3:3:3:3:3:3:3:3:3:3:3:3:3:3:3:3:3:3:3:0:0:0:0:0:0:0:0:0:1:1:1:0:0:0:1:0:0:0:1:0:0:0:0:0:11:,2,0.0,1.0,
Q,0,12,explore:3:3:3:3:3:3:3:3:3:3:3:3:3:3:3:3:3:3:3:3:3:3:3:3:3:0:0:0:0:0:0:0:0:0:1:1:1:0:0:0:1:0:0:0:1:0:0:0:0:0:11:,3,8.7890625e-05,1.0,
Q,0,12,explore:3:3:3:3:3:3:3:3:3:3:3:3:3:3:3:3:3:3:3:3:3:3:3:3:3:0:0:0:0:0:0:0:0:0:1:1:1:0:0:0:1:0:0:0:1:0:0:0:0:0:11:,12,0.19,1.0,
Q,0,12,explore:3:3:3:3:3:3:3:3:3:3:3:3:3:3:3:3:3:3:3:3:3:3:3:3:3:0:0:0:0:0:0:0:0:0:1:1:1:0:0:0:1:0:0:0:1:0:0:0:0:0:11:,15,36.000703125,1.0,

Q,0,12,explore:3:3:3:3:3:3:3:3:3:3:3:3:3:3:2:3:3:3:2:3:3:3:3:3:3:0:0:0:0:0:0:1:0:0:1:0:0:0:1:0:1:0:0:1:1:0:0:0:0:0:11:,4,59.2275390625,1.0,
Q,0,12,explore:3:3:3:3:3:3:3:3:3:3:3:3:3:3:2:3:3:3:2:3:3:3:3:3:3:0:0:0:0:0:0:1:0:0:1:0:0:0:1:0:1:0:0:1:1:0:0:0:0:0:11:,3,0.0,1.0,
Q,0,12,explore:3:3:3:3:3:3:3:3:3:3:3:3:3:3:2:3:3:3:2:3:3:3:3:3:3:0:0:0:0:0:0:1:0:0:1:0:0:0:1:0:1:0:0:1:1:0:0:0:0:0:11:,12,57.095,1.0,
Q,0,12,explore:3:3:3:3:3:3:3:3:3:3:3:3:3:3:2:3:3:3:2:3:3:3:3:3:3:0:0:0:0:0:0:1:0:0:1:0:0:0:1:0:1:0:0:1:1:0:0:0:0:0:11:,6,0.095,1.0,
Q,0,12,explore:3:3:3:3:3:3:3:3:3:3:3:3:3:3:2:3:3:3:2:3:3:3:3:3:3:0:0:0:0:0:0:1:0:0:1:0:0:0:1:0:1:0:0:1:1:0:0:0:0:0:11:,20,32.8706640625,1.0,

Q,0,12,explore:3:3:3:3:3:3:3:3:3:3:3:3:3:3:2:3:3:3:3:3:3:3:3:3:3:0:0:0:0:0:0:0:0:0:0:1:0:0:0:1:1:0:0:1:1:0:0:0:0:0:11:,1,0.017578125,1.0,
Q,0,12,explore:3:3:3:3:3:3:3:3:3:3:3:3:3:3:2:3:3:3:3:3:3:3:3:3:3:0:0:0:0:0:0:0:0:0:0:1:0:0:0:1:1:0:0:1:1:0:0:0:0:0:11:,3,3.140625,1.0,
Q,0,12,explore:3:3:3:3:3:3:3:3:3:3:3:3:3:3:2:3:3:3:3:3:3:3:3:3:3:0:0:0:0:0:0:0:0:0:0:1:0:0:0:1:1:0:0:1:1:0:0:0:0:0:11:,4,0.01,1.0,
Q,0,12,explore:3:3:3:3:3:3:3:3:3:3:3:3:3:3:2:3:3:3:3:3:3:3:3:3:3:0:0:0:0:0:0:0:0:0:0:1:0:0:0:1:1:0:0:1:1:0:0:0:0:0:11:,6,0.0,1.0,
Q,0,12,explore:3:3:3:3:3:3:3:3:3:3:3:3:3:3:2:3:3:3:3:3:3:3:3:3:3:0:0:0:0:0:0:0:0:0:0:1:0:0:0:1:1:0:0:1:1:0:0:0:0:0:11:,7,54.375,1.0,
Q,0,12,explore:3:3:3:3:3:3:3:3:3:3:3:3:3:3:2:3:3:3:3:3:3:3:3:3:3:0:0:0:0:0:0:0:0:0:0:1:0:0:0:1:1:0:0:1:1:0:0:0:0:0:11:,8,57.0028125,1.0,
Q,0,12,explore:3:3:3:3:3:3:3:3:3:3:3:3:3:3:2:3:3:3:3:3:3:3:3:3:3:0:0:0:0:0:0:0:0:0:0:1:0:0:0:1:1:0:0:1:1:0:0:0:0:0:11:,10,0.001875,1.0,
Q,0,12,explore:3:3:3:3:3:3:3:3:3:3:3:3:3:3:2:3:3:3:3:3:3:3:3:3:3:0:0:0:0:0:0:0:0:0:0:1:0:0:0:1:1:0:0:1:1:0:0:0:0:0:11:,11,7.485,1.0,
Q,0,12,explore:3:3:3:3:3:3:3:3:3:3:3:3:3:3:2:3:3:3:3:3:3:3:3:3:3:0:0:0:0:0:0:0:0:0:0:1:0:0:0:1:1:0:0:1:1:0:0:0:0:0:11:,12,57.0,1.0,
Q,0,12,explore:3:3:3:3:3:3:3:3:3:3:3:3:3:3:2:3:3:3:3:3:3:3:3:3:3:0:0:0:0:0:0:0:0:0:0:1:0:0:0:1:1:0:0:1:1:0:0:0:0:0:11:,13,9.017578125,1.0,
Q,0,12,explore:3:3:3:3:3:3:3:3:3:3:3:3:3:3:2:3:3:3:3:3:3:3:3:3:3:0:0:0:0:0:0:0:0:0:0:1:0:0:0:1:1:0:0:1:1:0:0:0:0:0:11:,14,3.375,1.0,
Q,0,12,explore:3:3:3:3:3:3:3:3:3:3:3:3:3:3:2:3:3:3:3:3:3:3:3:3:3:0:0:0:0:0:0:0:0:0:0:1:0:0:0:1:1:0:0:1:1:0:0:0:0:0:11:,16,22.040625,1.0,
Q,0,12,explore:3:3:3:3:3:3:3:3:3:3:3:3:3:3:2:3:3:3:3:3:3:3:3:3:3:0:0:0:0:0:0:0:0:0:0:1:0:0:0:1:1:0:0:1:1:0:0:0:0:0:11:,17,6.0,1.0,
Q,0,12,explore:3:3:3:3:3:3:3:3:3:3:3:3:3:3:2:3:3:3:3:3:3:3:3:3:3:0:0:0:0:0:0:0:0:0:0:1:0:0:0:1:1:0:0:1:1:0:0:0:0:0:11:,18,0.0627473958333,1.0,
Q,0,12,explore:3:3:3:3:3:3:3:3:3:3:3:3:3:3:2:3:3:3:3:3:3:3:3:3:3:0:0:0:0:0:0:0:0:0:0:1:0:0:0:1:1:0:0:1:1:0:0:0:0:0:11:,20,0.0,1.0,
Q,0,12,explore:3:3:3:3:3:3:3:3:3:3:3:3:3:3:2:3:3:3:3:3:3:3:3:3:3:0:0:0:0:0:0:0:0:0:0:1:0:0:0:1:1:0:0:1:1:0:0:0:0:0:11:,21,0.0,1.0,
Q,0,12,explore:3:3:3:3:3:3:3:3:3:3:3:3:3:3:2:3:3:3:3:3:3:3:3:3:3:0:0:0:0:0:0:0:0:0:0:1:0:0:0:1:1:0:0:1:1:0:0:0:0:0:11:,23,0.052734375,1.0,
Q,0,12,explore:3:3:3:3:3:3:3:3:3:3:3:3:3:3:2:3:3:3:3:3:3:3:3:3:3:0:0:0:0:0:0:0:0:0:0:1:0:0:0:1:1:0:0:1:1:0:0:0:0:0:11:,24,0.421875,1.0,
Q,0,12,explore:3:3:3:3:3:3:3:3:3:3:3:3:3:3:2:3:3:3:3:3:3:3:3:3:3:0:0:0:0:0:0:0:0:0:0:1:0:0:0:1:1:0:0:1:1:0:0:0:0:0:11:,26,0.84375,1.0,

Q,0,12,explore:3:3:3:3:3:3:3:3:3:3:3:2:3:3:2:2:3:3:2:2:3:3:3:3:3:0:0:0:0:0:0:1:0:0:1:0:0:0:1:0:1:0:0:1:1:0:0:0:0:0:11:,1,2.94,1.0,
Q,0,12,explore:3:3:3:3:3:3:3:3:3:3:3:2:3:3:2:2:3:3:2:2:3:3:3:3:3:0:0:0:0:0:0:1:0:0:1:0:0:0:1:0:1:0:0:1:1:0:0:0:0:0:11:,10,67.125,1.0,
Q,0,12,explore:3:3:3:3:3:3:3:3:3:3:3:2:3:3:2:2:3:3:2:2:3:3:3:3:3:0:0:0:0:0:0:1:0:0:1:0:0:0:1:0:1:0:0:1:1:0:0:0:0:0:11:,12,38.0778125,1.0,
Q,0,12,explore:3:3:3:3:3:3:3:3:3:3:3:2:3:3:2:2:3:3:2:2:3:3:3:3:3:0:0:0:0:0:0:1:0:0:1:0:0:0:1:0:1:0:0:1:1:0:0:0:0:0:11:,14,5.00010416667,1.0,
Q,0,12,explore:3:3:3:3:3:3:3:3:3:3:3:2:3:3:2:2:3:3:2:2:3:3:3:3:3:0:0:0:0:0:0:1:0:0:1:0:0:0:1:0:1:0:0:1:1:0:0:0:0:0:11:,15,22.0,1.0,
Q,0,12,explore:3:3:3:3:3:3:3:3:3:3:3:2:3:3:2:2:3:3:2:2:3:3:3:3:3:0:0:0:0:0:0:1:0:0:1:0:0:0:1:0:1:0:0:1:1:0:0:0:0:0:11:,17,70.5001236979,1.0,
Q,0,12,explore:3:3:3:3:3:3:3:3:3:3:3:2:3:3:2:2:3:3:2:2:3:3:3:3:3:0:0:0:0:0:0:1:0:0:1:0:0:0:1:0:1:0:0:1:1:0:0:0:0:0:11:,19,0.0,1.0,
Q,0,12,explore:3:3:3:3:3:3:3:3:3:3:3:2:3:3:2:2:3:3:2:2:3:3:3:3:3:0:0:0:0:0:0:1:0:0:1:0:0:0:1:0:1:0:0:1:1:0:0:0:0:0:11:,20,0.0778125,1.0,
Q,0,12,explore:3:3:3:3:3:3:3:3:3:3:3:2:3:3:2:2:3:3:2:2:3:3:3:3:3:0:0:0:0:0:0:1:0:0:1:0:0:0:1:0:1:0:0:1:1:0:0:0:0:0:11:,21,57.6250130208,1.0,
Q,0,12,explore:3:3:3:3:3:3:3:3:3:3:3:2:3:3:2:2:3:3:2:2:3:3:3:3:3:0:0:0:0:0:0:1:0:0:1:0:0:0:1:0:1:0:0:1:1:0:0:0:0:0:11:,23,11.25,1.0,

Q,0,12,explore:3:3:3:3:3:3:3:3:3:3:3:3:3:3:2:3:3:3:2:3:3:3:3:3:3:0:0:0:0:0:0:0:0:0:0:1:0:0:0:1:1:0:0:1:1:0:0:0:0:0:11:,1,7.125,1.0,
Q,0,12,explore:3:3:3:3:3:3:3:3:3:3:3:3:3:3:2:3:3:3:2:3:3:3:3:3:3:0:0:0:0:0:0:0:0:0:0:1:0:0:0:1:1:0:0:1:1:0:0:0:0:0:11:,3,0.7094140625,1.0,
Q,0,12,explore:3:3:3:3:3:3:3:3:3:3:3:3:3:3:2:3:3:3:2:3:3:3:3:3:3:0:0:0:0:0:0:0:0:0:0:1:0:0:0:1:1:0:0:1:1:0:0:0:0:0:11:,7,28.5556640625,1.0,
Q,0,12,explore:3:3:3:3:3:3:3:3:3:3:3:3:3:3:2:3:3:3:2:3:3:3:3:3:3:0:0:0:0:0:0:0:0:0:0:1:0:0:0:1:1:0:0:1:1:0:0:0:0:0:11:,10,1.0119921875,1.0,
Q,0,12,explore:3:3:3:3:3:3:3:3:3:3:3:3:3:3:2:3:3:3:2:3:3:3:3:3:3:0:0:0:0:0:0:0:0:0:0:1:0:0:0:1:1:0:0:1:1:0:0:0:0:0:11:,12,58.0119921875,1.0,
Q,0,12,explore:3:3:3:3:3:3:3:3:3:3:3:3:3:3:2:3:3:3:2:3:3:3:3:3:3:0:0:0:0:0:0:0:0:0:0:1:0:0:0:1:1:0:0:1:1:0:0:0:0:0:11:,13,26.25,1.0,
Q,0,12,explore:3:3:3:3:3:3:3:3:3:3:3:3:3:3:2:3:3:3:2:3:3:3:3:3:3:0:0:0:0:0:0:0:0:0:0:1:0:0:0:1:1:0:0:1:1:0:0:0:0:0:11:,17,78.890625,1.0,
Q,0,12,explore:3:3:3:3:3:3:3:3:3:3:3:3:3:3:2:3:3:3:2:3:3:3:3:3:3:0:0:0:0:0:0:0:0:0:0:1:0:0:0:1:1:0:0:1:1:0:0:0:0:0:11:,18,13.125,1.0,
Q,0,12,explore:3:3:3:3:3:3:3:3:3:3:3:3:3:3:2:3:3:3:2:3:3:3:3:3:3:0:0:0:0:0:0:0:0:0:0:1:0:0:0:1:1:0:0:1:1:0:0:0:0:0:11:,23,0.157083333333,1.0,


Q,0,13,explore:3:3:3:3:3:3:3:3:3:3:3:3:3:3:2:2:3:3:2:2:3:3:3:3:3:0:0:0:0:0:0:1:0:0:1:0:0:0:1:0:1:0:0:1:1:0:0:0:0:0:12:,4,0.0158333333333,1.0,
Q,0,13,explore:3:3:3:3:3:3:3:3:3:3:3:3:3:3:2:2:3:3:2:2:3:3:3:3:3:0:0:0:0:0:0:1:0:0:1:0:0:0:1:0:1:0:0:1:1:0:0:0:0:0:12:,13,57.0039583333,1.0,

Q,0,13,explore:3:3:3:3:3:3:3:3:3:3:3:3:3:3:2:3:3:3:2:3:3:3:3:3:3:0:0:0:0:0:0:0:0:0:0:1:0:0:0:1:1:0:0:1:1:0:0:0:0:0:12:,13,57.0,1.0,
Q,0,13,explore:3:3:3:3:3:3:3:3:3:3:3:3:3:3:2:3:3:3:2:3:3:3:3:3:3:0:0:0:0:0:0:0:0:0:0:1:0:0:0:1:1:0:0:1:1:0:0:0:0:0:12:,14,0.0,1.0,

Q,0,13,explore:3:3:3:3:3:3:3:3:3:3:3:3:3:3:2:3:3:3:3:3:3:3:3:3:3:0:0:0:0:0:0:0:0:0:0:1:0:0:0:1:1:0:0:1:1:0:0:0:0:0:12:,0,0.0,1.0,
Q,0,13,explore:3:3:3:3:3:3:3:3:3:3:3:3:3:3:2:3:3:3:3:3:3:3:3:3:3:0:0:0:0:0:0:0:0:0:0:1:0:0:0:1:1:0:0:1:1:0:0:0:0:0:12:,5,0.0,1.0,
Q,0,13,explore:3:3:3:3:3:3:3:3:3:3:3:3:3:3:2:3:3:3:3:3:3:3:3:3:3:0:0:0:0:0:0:0:0:0:0:1:0:0:0:1:1:0:0:1:1:0:0:0:0:0:12:,8,51.0,1.0,
Q,0,13,explore:3:3:3:3:3:3:3:3:3:3:3:3:3:3:2:3:3:3:3:3:3:3:3:3:3:0:0:0:0:0:0:0:0:0:0:1:0:0:0:1:1:0:0:1:1:0:0:0:0:0:12:,13,57.0,1.0,
Q,0,13,explore:3:3:3:3:3:3:3:3:3:3:3:3:3:3:2:3:3:3:3:3:3:3:3:3:3:0:0:0:0:0:0:0:0:0:0:1:0:0:0:1:1:0:0:1:1:0:0:0:0:0:12:,19,0.0,1.0,
Q,0,13,explore:3:3:3:3:3:3:3:3:3:3:3:3:3:3:2:3:3:3:3:3:3:3:3:3:3:0:0:0:0:0:0:0:0:0:0:1:0:0:0:1:1:0:0:1:1:0:0:0:0:0:12:,24,0.03515625,1.0,
Q,0,13,explore:3:3:3:3:3:3:3:3:3:3:3:3:3:3:2:3:3:3:3:3:3:3:3:3:3:0:0:0:0:0:0:0:0:0:0:1:0:0:0:1:1:0:0:1:1:0:0:0:0:0:12:,26,0.017578125,1.0,

Q,0,13,explore:3:3:3:3:3:3:3:3:3:3:3:3:3:3:2:2:3:3:2:3:3:3:3:3:3:0:0:0:0:0:0:1:0:0:1:0:0:0:1:0:1:0:0:1:1:0:0:0:0:0:12:,3,0.367395833333,1.0,
Q,0,13,explore:3:3:3:3:3:3:3:3:3:3:3:3:3:3:2:2:3:3:2:3:3:3:3:3:3:0:0:0:0:0:0:1:0:0:1:0:0:0:1:0:1:0:0:1:1:0:0:0:0:0:12:,13,57.0,1.0,


Q,0,14,explore:3:3:3:3:3:3:3:3:3:3:3:3:3:3:2:3:3:3:2:3:3:3:3:3:3:0:0:0:0:0:0:0:0:0:0:1:0:0:0:1:1:0:0:1:1:0:0:0:0:0:13:,14,57.0,1.0,

Q,0,14,explore:3:3:3:3:3:3:3:3:3:3:3:3:3:3:3:3:3:3:3:3:3:3:3:3:3:0:0:0:0:0:0:0:0:0:1:1:1:0:0:0:1:0:0:0:1:0:0:0:0:0:13:,2,0.0,1.0,
Q,0,14,explore:3:3:3:3:3:3:3:3:3:3:3:3:3:3:3:3:3:3:3:3:3:3:3:3:3:0:0:0:0:0:0:0:0:0:1:1:1:0:0:0:1:0:0:0:1:0:0:0:0:0:13:,3,51.0,1.0,
Q,0,14,explore:3:3:3:3:3:3:3:3:3:3:3:3:3:3:3:3:3:3:3:3:3:3:3:3:3:0:0:0:0:0:0:0:0:0:1:1:1:0:0:0:1:0:0:0:1:0:0:0:0:0:13:,5,0.0,1.0,
Q,0,14,explore:3:3:3:3:3:3:3:3:3:3:3:3:3:3:3:3:3:3:3:3:3:3:3:3:3:0:0:0:0:0:0:0:0:0:1:1:1:0:0:0:1:0:0:0:1:0:0:0:0:0:13:,12,1.125,1.0,
Q,0,14,explore:3:3:3:3:3:3:3:3:3:3:3:3:3:3:3:3:3:3:3:3:3:3:3:3:3:0:0:0:0:0:0:0:0:0:1:1:1:0:0:0:1:0:0:0:1:0:0:0:0:0:13:,14,57.0,1.0,
Q,0,14,explore:3:3:3:3:3:3:3:3:3:3:3:3:3:3:3:3:3:3:3:3:3:3:3:3:3:0:0:0:0:0:0:0:0:0:1:1:1:0:0:0:1:0:0:0:1:0:0:0:0:0:13:,17,0.0,1.0,
Q,0,14,explore:3:3:3:3:3:3:3:3:3:3:3:3:3:3:3:3:3:3:3:3:3:3:3:3:3:0:0:0:0:0:0:0:0:0:1:1:1:0:0:0:1:0:0:0:1:0:0:0:0:0:13:,21,0.001484375,1.0,
Q,0,14,explore:3:3:3:3:3:3:3:3:3:3:3:3:3:3:3:3:3:3:3:3:3:3:3:3:3:0:0:0:0:0:0:0:0:0:1:1:1:0:0:0:1:0:0:0:1:0:0:0:0:0:13:,25,13.5001855469,1.0,

Q,0,14,explore:3:3:3:3:3:3:3:3:3:3:3:3:3:3:3:3:3:3:3:3:3:3:3:3:3:0:0:0:0:0:0:0:0:0:0:1:0:0:0:1:1:0:0:1:1:0:0:0:0:0:13:,8,0.04775390625,1.0,
Q,0,14,explore:3:3:3:3:3:3:3:3:3:3:3:3:3:3:3:3:3:3:3:3:3:3:3:3:3:0:0:0:0:0:0:0:0:0:0:1:0:0:0:1:1:0:0:1:1:0:0:0:0:0:13:,14,57.0238769531,1.0,
Q,0,14,explore:3:3:3:3:3:3:3:3:3:3:3:3:3:3:3:3:3:3:3:3:3:3:3:3:3:0:0:0:0:0:0:0:0:0:0:1:0:0:0:1:1:0:0:1:1:0:0:0:0:0:13:,15,0.13,1.0,

Q,0,14,explore:3:3:3:3:3:3:3:3:3:3:3:3:3:3:2:3:3:3:3:3:3:3:3:3:3:0:0:0:0:0:0:0:0:0:0:1:0:0:0:1:1:0:0:1:1:0:0:0:0:0:13:,3,27.0,1.0,
Q,0,14,explore:3:3:3:3:3:3:3:3:3:3:3:3:3:3:2:3:3:3:3:3:3:3:3:3:3:0:0:0:0:0:0:0:0:0:0:1:0:0:0:1:1:0:0:1:1:0:0:0:0:0:13:,4,21.0,1.0,
Q,0,14,explore:3:3:3:3:3:3:3:3:3:3:3:3:3:3:2:3:3:3:3:3:3:3:3:3:3:0:0:0:0:0:0:0:0:0:0:1:0:0:0:1:1:0:0:1:1:0:0:0:0:0:13:,5,7.125,1.0,
Q,0,14,explore:3:3:3:3:3:3:3:3:3:3:3:3:3:3:2:3:3:3:3:3:3:3:3:3:3:0:0:0:0:0:0:0:0:0:0:1:0:0:0:1:1:0:0:1:1:0:0:0:0:0:13:,9,1.125,1.0,
Q,0,14,explore:3:3:3:3:3:3:3:3:3:3:3:3:3:3:2:3:3:3:3:3:3:3:3:3:3:0:0:0:0:0:0:0:0:0:0:1:0:0:0:1:1:0:0:1:1:0:0:0:0:0:13:,10,34.1806640625,1.0,
Q,0,14,explore:3:3:3:3:3:3:3:3:3:3:3:3:3:3:2:3:3:3:3:3:3:3:3:3:3:0:0:0:0:0:0:0:0:0:0:1:0:0:0:1:1:0:0:1:1:0:0:0:0:0:13:,14,58.3125,1.0,
Q,0,14,explore:3:3:3:3:3:3:3:3:3:3:3:3:3:3:2:3:3:3:3:3:3:3:3:3:3:0:0:0:0:0:0:0:0:0:0:1:0:0:0:1:1:0:0:1:1:0:0:0:0:0:13:,18,54.0,1.0,
Q,0,14,explore:3:3:3:3:3:3:3:3:3:3:3:3:3:3:2:3:3:3:3:3:3:3:3:3:3:0:0:0:0:0:0:0:0:0:0:1:0:0:0:1:1:0:0:1:1:0:0:0:0:0:13:,21,1.78125,1.0,
Q,0,14,explore:3:3:3:3:3:3:3:3:3:3:3:3:3:3:2:3:3:3:3:3:3:3:3:3:3:0:0:0:0:0:0:0:0:0:0:1:0:0:0:1:1:0:0:1:1:0:0:0:0:0:13:,22,0.0,1.0,
Q,0,14,explore:3:3:3:3:3:3:3:3:3:3:3:3:3:3:2:3:3:3:3:3:3:3:3:3:3:0:0:0:0:0:0:0:0:0:0:1:0:0:0:1:1:0:0:1:1:0:0:0:0:0:13:,24,0.140625,1.0,
Q,0,14,explore:3:3:3:3:3:3:3:3:3:3:3:3:3:3:2:3:3:3:3:3:3:3:3:3:3:0:0:0:0:0:0:0:0:0:0:1:0:0:0:1:1:0:0:1:1:0:0:0:0:0:13:,26,13.5,1.0,

Q,0,14,explore:3:3:3:3:3:3:3:3:3:3:3:3:3:3:2:2:3:3:2:2:3:3:3:3:3:0:0:0:0:0:0:1:0:0:1:0:0:0:1:0:1:0:0:1:1:0:0:0:0:0:13:,22,0.0,1.0,
Q,0,14,explore:3:3:3:3:3:3:3:3:3:3:3:3:3:3:2:2:3:3:2:2:3:3:3:3:3:0:0:0:0:0:0:1:0:0:1:0:0:0:1:0:1:0:0:1:1:0:0:0:0:0:13:,14,0.19,1.0,

Q,0,14,explore:3:3:3:3:3:3:3:3:3:3:3:2:3:2:2:2:3:3:2:2:3:3:3:3:3:0:0:0:0:0:0:1:0:0:1:0:0:0:1:0:1:0:0:1:1:0:0:0:0:0:13:,14,0.126666666667,1.0,


Q,0,15,explore:3:3:3:3:3:3:3:3:3:3:3:3:3:3:2:3:3:3:3:3:3:3:3:3:3:0:0:0:0:0:0:0:0:0:0:1:0:0:0:1:1:0:0:1:1:0:0:0:0:0:14:,0,0.0263671875,1.0,
Q,0,15,explore:3:3:3:3:3:3:3:3:3:3:3:3:3:3:2:3:3:3:3:3:3:3:3:3:3:0:0:0:0:0:0:0:0:0:0:1:0:0:0:1:1:0:0:1:1:0:0:0:0:0:14:,1,0.0,1.0,
Q,0,15,explore:3:3:3:3:3:3:3:3:3:3:3:3:3:3:2:3:3:3:3:3:3:3:3:3:3:0:0:0:0:0:0:0:0:0:0:1:0:0:0:1:1:0:0:1:1:0:0:0:0:0:14:,2,30.2243229167,2.0,
Q,0,15,explore:3:3:3:3:3:3:3:3:3:3:3:3:3:3:2:3:3:3:3:3:3:3:3:3:3:0:0:0:0:0:0:0:0:0:0:1:0:0:0:1:1:0:0:1:1:0:0:0:0:0:14:,3,0.0,1.0,
Q,0,15,explore:3:3:3:3:3:3:3:3:3:3:3:3:3:3:2:3:3:3:3:3:3:3:3:3:3:0:0:0:0:0:0:0:0:0:0:1:0:0:0:1:1:0:0:1:1:0:0:0:0:0:14:,4,0.890625,1.0,
Q,0,15,explore:3:3:3:3:3:3:3:3:3:3:3:3:3:3:2:3:3:3:3:3:3:3:3:3:3:0:0:0:0:0:0:0:0:0:0:1:0:0:0:1:1:0:0:1:1:0:0:0:0:0:14:,5,29.390625,1.0,
Q,0,15,explore:3:3:3:3:3:3:3:3:3:3:3:3:3:3:2:3:3:3:3:3:3:3:3:3:3:0:0:0:0:0:0:0:0:0:0:1:0:0:0:1:1:0:0:1:1:0:0:0:0:0:14:,6,0.000703125,1.0,
Q,0,15,explore:3:3:3:3:3:3:3:3:3:3:3:3:3:3:2:3:3:3:3:3:3:3:3:3:3:0:0:0:0:0:0:0:0:0:0:1:0:0:0:1:1:0:0:1:1:0:0:0:0:0:14:,7,0.2109375,1.0,
Q,0,15,explore:3:3:3:3:3:3:3:3:3:3:3:3:3:3:2:3:3:3:3:3:3:3:3:3:3:0:0:0:0:0:0:0:0:0:0:1:0:0:0:1:1:0:0:1:1:0:0:0:0:0:14:,8,0.0,1.0,
Q,0,15,explore:3:3:3:3:3:3:3:3:3:3:3:3:3:3:2:3:3:3:3:3:3:3:3:3:3:0:0:0:0:0:0:0:0:0:0:1:0:0:0:1:1:0:0:1:1:0:0:0:0:0:14:,9,0.0263671875,1.0,
Q,0,15,explore:3:3:3:3:3:3:3:3:3:3:3:3:3:3:2:3:3:3:3:3:3:3:3:3:3:0:0:0:0:0:0:0:0:0:0:1:0:0:0:1:1:0:0:1:1:0:0:0:0:0:14:,10,36.0,1.0,
Q,0,15,explore:3:3:3:3:3:3:3:3:3:3:3:3:3:3:2:3:3:3:3:3:3:3:3:3:3:0:0:0:0:0:0:0:0:0:0:1:0:0:0:1:1:0:0:1:1:0:0:0:0:0:14:,11,1.1261328125,1.0,
Q,0,15,explore:3:3:3:3:3:3:3:3:3:3:3:3:3:3:2:3:3:3:3:3:3:3:3:3:3:0:0:0:0:0:0:0:0:0:0:1:0:0:0:1:1:0:0:1:1:0:0:0:0:0:14:,12,27.0,1.0,
Q,0,15,explore:3:3:3:3:3:3:3:3:3:3:3:3:3:3:2:3:3:3:3:3:3:3:3:3:3:0:0:0:0:0:0:0:0:0:0:1:0:0:0:1:1:0:0:1:1:0:0:0:0:0:14:,13,3.140625,1.0,
Q,0,15,explore:3:3:3:3:3:3:3:3:3:3:3:3:3:3:2:3:3:3:3:3:3:3:3:3:3:0:0:0:0:0:0:0:0:0:0:1:0:0:0:1:1:0:0:1:1:0:0:0:0:0:14:,14,51.5903320312,2.0,
Q,0,15,explore:3:3:3:3:3:3:3:3:3:3:3:3:3:3:2:3:3:3:3:3:3:3:3:3:3:0:0:0:0:0:0:0:0:0:0:1:0:0:0:1:1:0:0:1:1:0:0:0:0:0:14:,15,29.5239583333,1.0,
Q,0,15,explore:3:3:3:3:3:3:3:3:3:3:3:3:3:3:2:3:3:3:3:3:3:3:3:3:3:0:0:0:0:0:0:0:0:0:0:1:0:0:0:1:1:0:0:1:1:0:0:0:0:0:14:,16,0.160087890625,1.0,
Q,0,15,explore:3:3:3:3:3:3:3:3:3:3:3:3:3:3:2:3:3:3:3:3:3:3:3:3:3:0:0:0:0:0:0:0:0:0:0:1:0:0:0:1:1:0:0:1:1:0:0:0:0:0:14:,17,0.213779296875,1.0,
Q,0,15,explore:3:3:3:3:3:3:3:3:3:3:3:3:3:3:2:3:3:3:3:3:3:3:3:3:3:0:0:0:0:0:0:0:0:0:0:1:0:0:0:1:1:0:0:1:1:0:0:0:0:0:14:,18,24.0,1.0,
Q,0,15,explore:3:3:3:3:3:3:3:3:3:3:3:3:3:3:2:3:3:3:3:3:3:3:3:3:3:0:0:0:0:0:0:0:0:0:0:1:0:0:0:1:1:0:0:1:1:0:0:0:0:0:14:,19,0.09,1.0,
Q,0,15,explore:3:3:3:3:3:3:3:3:3:3:3:3:3:3:2:3:3:3:3:3:3:3:3:3:3:0:0:0:0:0:0:0:0:0:0:1:0:0:0:1:1:0:0:1:1:0:0:0:0:0:14:,20,7.365,1.0,
Q,0,15,explore:3:3:3:3:3:3:3:3:3:3:3:3:3:3:2:3:3:3:3:3:3:3:3:3:3:0:0:0:0:0:0:0:0:0:0:1:0:0:0:1:1:0:0:1:1:0:0:0:0:0:14:,21,0.0,1.0,
Q,0,15,explore:3:3:3:3:3:3:3:3:3:3:3:3:3:3:2:3:3:3:3:3:3:3:3:3:3:0:0:0:0:0:0:0:0:0:0:1:0:0:0:1:1:0:0:1:1:0:0:0:0:0:14:,22,30.4063736979,2.0,
Q,0,15,explore:3:3:3:3:3:3:3:3:3:3:3:3:3:3:2:3:3:3:3:3:3:3:3:3:3:0:0:0:0:0:0:0:0:0:0:1:0:0:0:1:1:0:0:1:1:0:0:0:0:0:14:,23,0.01,1.0,
Q,0,15,explore:3:3:3:3:3:3:3:3:3:3:3:3:3:3:2:3:3:3:3:3:3:3:3:3:3:0:0:0:0:0:0:0:0:0:0:1:0:0:0:1:1:0:0:1:1:0:0:0:0:0:14:,24,0.0666666666667,1.0,
Q,0,15,explore:3:3:3:3:3:3:3:3:3:3:3:3:3:3:2:3:3:3:3:3:3:3:3:3:3:0:0:0:0:0:0:0:0:0:0:1:0:0:0:1:1:0:0:1:1:0:0:0:0:0:14:,25,6.28125,1.0,
Q,0,15,explore:3:3:3:3:3:3:3:3:3:3:3:3:3:3:2:3:3:3:3:3:3:3:3:3:3:0:0:0:0:0:0:0:0:0:0:1:0:0:0:1:1:0:0:1:1:0:0:0:0:0:14:,26,1.1261328125,1.0,

Q,0,15,explore:3:3:3:3:3:3:3:3:3:3:3:3:3:3:2:3:3:3:2:3:3:3:3:3:3:0:0:0:0:0:0:0:0:0:0:1:0:0:0:1:1:0:0:1:1:0:0:0:0:0:14:,3,0.0,1.0,
Q,0,15,explore:3:3:3:3:3:3:3:3:3:3:3:3:3:3:2:3:3:3:2:3:3:3:3:3:3:0:0:0:0:0:0:0:0:0:0:1:0:0:0:1:1:0:0:1:1:0:0:0:0:0:14:,5,3.5625,1.0,
Q,0,15,explore:3:3:3:3:3:3:3:3:3:3:3:3:3:3:2:3:3:3:2:3:3:3:3:3:3:0:0:0:0:0:0:0:0:0:0:1:0:0:0:1:1:0:0:1:1:0:0:0:0:0:14:,8,13.125,1.0,
Q,0,15,explore:3:3:3:3:3:3:3:3:3:3:3:3:3:3:2:3:3:3:2:3:3:3:3:3:3:0:0:0:0:0:0:0:0:0:0:1:0:0:0:1:1:0:0:1:1:0:0:0:0:0:14:,15,0.157083333333,1.0,
Q,0,15,explore:3:3:3:3:3:3:3:3:3:3:3:3:3:3:2:3:3:3:2:3:3:3:3:3:3:0:0:0:0:0:0:0:0:0:0:1:0:0:0:1:1:0:0:1:1:0:0:0:0:0:14:,16,0.7094140625,1.0,
Q,0,15,explore:3:3:3:3:3:3:3:3:3:3:3:3:3:3:2:3:3:3:2:3:3:3:3:3:3:0:0:0:0:0:0:0:0:0:0:1:0:0:0:1:1:0:0:1:1:0:0:0:0:0:14:,21,0.0475,1.0,

Q,0,15,explore:3:3:3:3:3:3:3:3:3:3:3:3:3:3:2:3:3:3:2:3:3:3:3:3:3:0:0:0:0:0:0:1:0:0:1:0:0:0:1:0:1:0:0:1:1:0:0:0:0:0:14:,18,38.455078125,1.0,
Q,0,15,explore:3:3:3:3:3:3:3:3:3:3:3:3:3:3:2:3:3:3:2:3:3:3:3:3:3:0:0:0:0:0:0:1:0:0:1:0:0:0:1:0:1:0:0:1:1:0:0:0:0:0:14:,15,59.2275390625,1.0,

Q,0,15,explore:3:3:3:3:3:3:3:3:3:3:3:3:3:3:3:3:3:3:3:3:3:3:3:3:3:0:0:0:0:0:0:0:0:0:0:1:0:0:0:1:1:0:0:1:1:0:0:0:0:0:14:,25,0.985625,1.0,
Q,0,15,explore:3:3:3:3:3:3:3:3:3:3:3:3:3:3:3:3:3:3:3:3:3:3:3:3:3:0:0:0:0:0:0:0:0:0:0:1:0:0:0:1:1:0:0:1:1:0:0:0:0:0:14:,3,57.0238769531,1.0,
Q,0,15,explore:3:3:3:3:3:3:3:3:3:3:3:3:3:3:3:3:3:3:3:3:3:3:3:3:3:0:0:0:0:0:0:0:0:0:0:1:0:0:0:1:1:0:0:1:1:0:0:0:0:0:14:,15,1.185625,1.0,

Q,0,15,explore:3:3:3:3:3:3:3:3:3:3:3:3:3:3:2:2:3:3:2:3:3:3:3:3:3:0:0:0:0:0:0:1:0:0:1:0:0:0:1:0:1:0:0:1:1:0:0:0:0:0:14:,8,1.9453125,1.0,
Q,0,15,explore:3:3:3:3:3:3:3:3:3:3:3:3:3:3:2:2:3:3:2:3:3:3:3:3:3:0:0:0:0:0:0:1:0:0:1:0:0:0:1:0:1:0:0:1:1:0:0:0:0:0:14:,11,9.0,1.0,
Q,0,15,explore:3:3:3:3:3:3:3:3:3:3:3:3:3:3:2:2:3:3:2:3:3:3:3:3:3:0:0:0:0:0:0:1:0:0:1:0:0:0:1:0:1:0:0:1:1:0:0:0:0:0:14:,13,1.6875,1.0,
Q,0,15,explore:3:3:3:3:3:3:3:3:3:3:3:3:3:3:2:2:3:3:2:3:3:3:3:3:3:0:0:0:0:0:0:1:0:0:1:0:0:0:1:0:1:0:0:1:1:0:0:0:0:0:14:,15,40.486328125,1.0,

Q,0,15,explore:3:3:3:3:3:3:3:3:3:3:3:3:3:3:3:3:3:3:3:3:3:3:3:3:3:0:0:0:0:0:0:0:0:0:1:1:1:0:0:0:1:0:0:0:1:0:0:0:0:0:14:,0,0.00017578125,1.0,
Q,0,15,explore:3:3:3:3:3:3:3:3:3:3:3:3:3:3:3:3:3:3:3:3:3:3:3:3:3:0:0:0:0:0:0:0:0:0:1:1:1:0:0:0:1:0:0:0:1:0:0:0:0:0:14:,1,0.05875,1.0,
Q,0,15,explore:3:3:3:3:3:3:3:3:3:3:3:3:3:3:3:3:3:3:3:3:3:3:3:3:3:0:0:0:0:0:0:0:0:0:1:1:1:0:0:0:1:0:0:0:1:0:0:0:0:0:14:,2,28.5088183594,2.0,
Q,0,15,explore:3:3:3:3:3:3:3:3:3:3:3:3:3:3:3:3:3:3:3:3:3:3:3:3:3:0:0:0:0:0:0:0:0:0:1:1:1:0:0:0:1:0:0:0:1:0:0:0:0:0:14:,3,13.5001855469,1.0,
Q,0,15,explore:3:3:3:3:3:3:3:3:3:3:3:3:3:3:3:3:3:3:3:3:3:3:3:3:3:0:0:0:0:0:0:0:0:0:1:1:1:0:0:0:1:0:0:0:1:0:0:0:0:0:14:,4,14.4887695312,2.0,
Q,0,15,explore:3:3:3:3:3:3:3:3:3:3:3:3:3:3:3:3:3:3:3:3:3:3:3:3:3:0:0:0:0:0:0:0:0:0:1:1:1:0:0:0:1:0:0:0:1:0:0:0:0:0:14:,5,14.2558789063,2.0,
Q,0,15,explore:3:3:3:3:3:3:3:3:3:3:3:3:3:3:3:3:3:3:3:3:3:3:3:3:3:0:0:0:0:0:0:0:0:0:1:1:1:0:0:0:1:0:0:0:1:0:0:0:0:0:14:,6,7.7925390625,1.0,
Q,0,15,explore:3:3:3:3:3:3:3:3:3:3:3:3:3:3:3:3:3:3:3:3:3:3:3:3:3:0:0:0:0:0:0:0:0:0:1:1:1:0:0:0:1:0:0:0:1:0:0:0:0:0:14:,7,0.02375,1.0,
Q,0,15,explore:3:3:3:3:3:3:3:3:3:3:3:3:3:3:3:3:3:3:3:3:3:3:3:3:3:0:0:0:0:0:0:0:0:0:1:1:1:0:0:0:1:0:0:0:1:0:0:0:0:0:14:,8,7.255,1.0,
Q,0,15,explore:3:3:3:3:3:3:3:3:3:3:3:3:3:3:3:3:3:3:3:3:3:3:3:3:3:0:0:0:0:0:0:0:0:0:1:1:1:0:0:0:1:0:0:0:1:0:0:0:0:0:14:,9,8.7890625e-05,1.0,
Q,0,15,explore:3:3:3:3:3:3:3:3:3:3:3:3:3:3:3:3:3:3:3:3:3:3:3:3:3:0:0:0:0:0:0:0:0:0:1:1:1:0:0:0:1:0:0:0:1:0:0:0:0:0:14:,10,28.8778645833,3.0,
Q,0,15,explore:3:3:3:3:3:3:3:3:3:3:3:3:3:3:3:3:3:3:3:3:3:3:3:3:3:0:0:0:0:0:0:0:0:0:1:1:1:0:0:0:1:0:0:0:1:0:0:0:0:0:14:,11,0.17,1.0,
Q,0,15,explore:3:3:3:3:3:3:3:3:3:3:3:3:3:3:3:3:3:3:3:3:3:3:3:3:3:0:0:0:0:0:0:0:0:0:1:1:1:0:0:0:1:0:0:0:1:0:0:0:0:0:14:,12,0.1175,1.0,
Q,0,15,explore:3:3:3:3:3:3:3:3:3:3:3:3:3:3:3:3:3:3:3:3:3:3:3:3:3:0:0:0:0:0:0:0:0:0:1:1:1:0:0:0:1:0:0:0:1:0:0:0:0:0:14:,13,9.00017578125,1.0,
Q,0,15,explore:3:3:3:3:3:3:3:3:3:3:3:3:3:3:3:3:3:3:3:3:3:3:3:3:3:0:0:0:0:0:0:0:0:0:1:1:1:0:0:0:1:0:0:0:1:0:0:0:0:0:14:,14,28.78125,2.0,
Q,0,15,explore:3:3:3:3:3:3:3:3:3:3:3:3:3:3:3:3:3:3:3:3:3:3:3:3:3:0:0:0:0:0:0:0:0:0:1:1:1:0:0:0:1:0:0:0:1:0:0:0:0:0:14:,15,71.4488759766,5.0,
Q,0,15,explore:3:3:3:3:3:3:3:3:3:3:3:3:3:3:3:3:3:3:3:3:3:3:3:3:3:0:0:0:0:0:0:0:0:0:1:1:1:0:0:0:1:0:0:0:1:0:0:0:0:0:14:,16,0.09,1.0,
Q,0,15,explore:3:3:3:3:3:3:3:3:3:3:3:3:3:3:3:3:3:3:3:3:3:3:3:3:3:0:0:0:0:0:0:0:0:0:1:1:1:0:0:0:1:0:0:0:1:0:0:0:0:0:14:,17,0.0,1.0,
Q,0,15,explore:3:3:3:3:3:3:3:3:3:3:3:3:3:3:3:3:3:3:3:3:3:3:3:3:3:0:0:0:0:0:0:0:0:0:1:1:1:0:0:0:1:0:0:0:1:0:0:0:0:0:14:,18,48.0541992188,4.0,
Q,0,15,explore:3:3:3:3:3:3:3:3:3:3:3:3:3:3:3:3:3:3:3:3:3:3:3:3:3:0:0:0:0:0:0:0:0:0:1:1:1:0:0:0:1:0:0:0:1:0:0:0:0:0:14:,19,61.38890625,5.0,
Q,0,15,explore:3:3:3:3:3:3:3:3:3:3:3:3:3:3:3:3:3:3:3:3:3:3:3:3:3:0:0:0:0:0:0:0:0:0:1:1:1:0:0:0:1:0:0:0:1:0:0:0:0:0:14:,20,0.09,1.0,
Q,0,15,explore:3:3:3:3:3:3:3:3:3:3:3:3:3:3:3:3:3:3:3:3:3:3:3:3:3:0:0:0:0:0:0:0:0:0:1:1:1:0:0:0:1:0:0:0:1:0:0:0:0:0:14:,21,0.000703125,1.0,
Q,0,15,explore:3:3:3:3:3:3:3:3:3:3:3:3:3:3:3:3:3:3:3:3:3:3:3:3:3:0:0:0:0:0:0:0:0:0:1:1:1:0:0:0:1:0:0:0:1:0:0:0:0:0:14:,22,19.03125,2.0,
Q,0,15,explore:3:3:3:3:3:3:3:3:3:3:3:3:3:3:3:3:3:3:3:3:3:3:3:3:3:0:0:0:0:0:0:0:0:0:1:1:1:0:0:0:1:0:0:0:1:0:0:0:0:0:14:,23,0.005625,1.0,
Q,0,15,explore:3:3:3:3:3:3:3:3:3:3:3:3:3:3:3:3:3:3:3:3:3:3:3:3:3:0:0:0:0:0:0:0:0:0:1:1:1:0:0:0:1:0:0:0:1:0:0:0:0:0:14:,24,4.50008789063,1.0,
Q,0,15,explore:3:3:3:3:3:3:3:3:3:3:3:3:3:3:3:3:3:3:3:3:3:3:3:3:3:0:0:0:0:0:0:0:0:0:1:1:1:0:0:0:1:0:0:0:1:0:0:0:0:0:14:,25,31.0206640625,3.0,
Q,0,15,explore:3:3:3:3:3:3:3:3:3:3:3:3:3:3:3:3:3:3:3:3:3:3:3:3:3:0:0:0:0:0:0:0:0:0:1:1:1:0:0:0:1:0:0:0:1:0:0:0:0:0:14:,26,0.0059375,1.0,

Q,0,15,explore:3:3:3:3:3:3:3:3:3:3:3:2:3:3:2:2:3:3:2:2:3:3:3:3:3:0:0:0:0:0:0:1:0:0:1:0:0:0:1:0:1:0:0:1:1:0:0:0:0:0:14:,11,11.25,1.0,
Q,0,15,explore:3:3:3:3:3:3:3:3:3:3:3:2:3:3:2:2:3:3:2:2:3:3:3:3:3:0:0:0:0:0:0:1:0:0:1:0:0:0:1:0:1:0:0:1:1:0:0:0:0:0:14:,24,0.0,1.0,
Q,0,15,explore:3:3:3:3:3:3:3:3:3:3:3:2:3:3:2:2:3:3:2:2:3:3:3:3:3:0:0:0:0:0:0:1:0:0:1:0:0:0:1:0:1:0:0:1:1:0:0:0:0:0:14:,19,0.0133333333333,1.0,
Q,0,15,explore:3:3:3:3:3:3:3:3:3:3:3:2:3:3:2:2:3:3:2:2:3:3:3:3:3:0:0:0:0:0:0:1:0:0:1:0:0:0:1:0:1:0:0:1:1:0:0:0:0:0:14:,15,40.0008333333,1.0,

Q,0,15,explore:3:3:3:3:3:3:3:3:3:3:3:3:3:3:2:2:3:3:2:2:3:3:3:3:3:0:0:0:0:0:0:1:0:0:1:0:0:0:1:0:1:0:0:1:1:0:0:0:0:0:14:,3,0.0,1.0,
Q,0,15,explore:3:3:3:3:3:3:3:3:3:3:3:3:3:3:2:2:3:3:2:2:3:3:3:3:3:0:0:0:0:0:0:1:0:0:1:0:0:0:1:0:1:0:0:1:1:0:0:0:0:0:14:,4,0.0,1.0,
Q,0,15,explore:3:3:3:3:3:3:3:3:3:3:3:3:3:3:2:2:3:3:2:2:3:3:3:3:3:0:0:0:0:0:0:1:0:0:1:0:0:0:1:0:1:0:0:1:1:0:0:0:0:0:14:,5,7.1806640625,1.0,
Q,0,15,explore:3:3:3:3:3:3:3:3:3:3:3:3:3:3:2:2:3:3:2:2:3:3:3:3:3:0:0:0:0:0:0:1:0:0:1:0:0:0:1:0:1:0:0:1:1:0:0:0:0:0:14:,15,40.7966666667,1.0,
Q,0,15,explore:3:3:3:3:3:3:3:3:3:3:3:3:3:3:2:2:3:3:2:2:3:3:3:3:3:0:0:0:0:0:0:1:0:0:1:0:0:0:1:0:1:0:0:1:1:0:0:0:0:0:14:,16,1.59333333333,1.0,
Q,0,15,explore:3:3:3:3:3:3:3:3:3:3:3:3:3:3:2:2:3:3:2:2:3:3:3:3:3:0:0:0:0:0:0:1:0:0:1:0:0:0:1:0:1:0:0:1:1:0:0:0:0:0:14:,22,28.5,1.0,
Q,0,15,explore:3:3:3:3:3:3:3:3:3:3:3:3:3:3:2:2:3:3:2:2:3:3:3:3:3:0:0:0:0:0:0:1:0:0:1:0:0:0:1:0:1:0:0:1:1:0:0:0:0:0:14:,26,0.0,1.0,

Q,0,15,explore:3:3:3:3:3:3:3:3:3:3:3:2:3:2:2:2:3:3:2:2:3:3:3:3:3:0:0:0:0:0:0:1:0:0:1:0:0:0:1:0:1:0:0:1:1:0:0:0:0:0:14:,0,1.78125,1.0,
Q,0,15,explore:3:3:3:3:3:3:3:3:3:3:3:2:3:2:2:2:3:3:2:2:3:3:3:3:3:0:0:0:0:0:0:1:0:0:1:0:0:0:1:0:1:0:0:1:1:0:0:0:0:0:14:,18,13.1251236979,1.0,
Q,0,15,explore:3:3:3:3:3:3:3:3:3:3:3:2:3:2:2:2:3:3:2:2:3:3:3:3:3:0:0:0:0:0:0:1:0:0:1:0:0:0:1:0:1:0:0:1:1:0:0:0:0:0:14:,22,7.125,1.0,
Q,0,15,explore:3:3:3:3:3:3:3:3:3:3:3:2:3:2:2:2:3:3:2:2:3:3:3:3:3:0:0:0:0:0:0:1:0:0:1:0:0:0:1:0:1:0:0:1:1:0:0:0:0:0:14:,15,40.890625,1.0,


Q,0,16,explore:3:3:3:3:3:3:3:3:3:3:3:3:3:3:2:3:3:3:2:3:3:3:3:3:3:0:0:0:0:0:0:0:0:0:0:1:0:0:0:1:1:0:0:1:1:0:0:0:0:0:15:,16,1.238828125,1.0,
Q,0,16,explore:3:3:3:3:3:3:3:3:3:3:3:3:3:3:2:3:3:3:2:3:3:3:3:3:3:0:0:0:0:0:0:0:0:0:0:1:0:0:0:1:1:0:0:1:1:0:0:0:0:0:15:,1,4.1953125,1.0,
Q,0,16,explore:3:3:3:3:3:3:3:3:3:3:3:3:3:3:2:3:3:3:2:3:3:3:3:3:3:0:0:0:0:0:0:0:0:0:0:1:0:0:0:1:1:0:0:1:1:0:0:0:0:0:15:,4,0.0,1.0,

Q,0,16,explore:3:3:3:3:3:3:3:3:3:3:3:3:3:3:2:3:3:3:3:3:3:3:3:3:3:0:0:0:0:0:0:0:0:0:0:1:0:0:0:1:1:0:0:1:1:0:0:0:0:0:15:,2,0.0,1.0,
Q,0,16,explore:3:3:3:3:3:3:3:3:3:3:3:3:3:3:2:3:3:3:3:3:3:3:3:3:3:0:0:0:0:0:0:0:0:0:0:1:0:0:0:1:1:0:0:1:1:0:0:0:0:0:15:,4,0.04755859375,1.0,
Q,0,16,explore:3:3:3:3:3:3:3:3:3:3:3:3:3:3:2:3:3:3:3:3:3:3:3:3:3:0:0:0:0:0:0:0:0:0:0:1:0:0:0:1:1:0:0:1:1:0:0:0:0:0:15:,5,21.890625,1.0,
Q,0,16,explore:3:3:3:3:3:3:3:3:3:3:3:3:3:3:2:3:3:3:3:3:3:3:3:3:3:0:0:0:0:0:0:0:0:0:0:1:0:0:0:1:1:0:0:1:1:0:0:0:0:0:15:,6,0.140625,1.0,
Q,0,16,explore:3:3:3:3:3:3:3:3:3:3:3:3:3:3:2:3:3:3:3:3:3:3:3:3:3:0:0:0:0:0:0:0:0:0:0:1:0:0:0:1:1:0:0:1:1:0:0:0:0:0:15:,8,0.421875,1.0,
Q,0,16,explore:3:3:3:3:3:3:3:3:3:3:3:3:3:3:2:3:3:3:3:3:3:3:3:3:3:0:0:0:0:0:0:0:0:0:0:1:0:0:0:1:1:0:0:1:1:0:0:0:0:0:15:,9,0.0,1.0,
Q,0,16,explore:3:3:3:3:3:3:3:3:3:3:3:3:3:3:2:3:3:3:3:3:3:3:3:3:3:0:0:0:0:0:0:0:0:0:0:1:0:0:0:1:1:0:0:1:1:0:0:0:0:0:15:,10,8.7890625e-05,1.0,
Q,0,16,explore:3:3:3:3:3:3:3:3:3:3:3:3:3:3:2:3:3:3:3:3:3:3:3:3:3:0:0:0:0:0:0:0:0:0:0:1:0:0:0:1:1:0:0:1:1:0:0:0:0:0:15:,11,0.12,1.0,
Q,0,16,explore:3:3:3:3:3:3:3:3:3:3:3:3:3:3:2:3:3:3:3:3:3:3:3:3:3:0:0:0:0:0:0:0:0:0:0:1:0:0:0:1:1:0:0:1:1:0:0:0:0:0:15:,12,57.0,1.0,
Q,0,16,explore:3:3:3:3:3:3:3:3:3:3:3:3:3:3:2:3:3:3:3:3:3:3:3:3:3:0:0:0:0:0:0:0:0:0:0:1:0:0:0:1:1:0:0:1:1:0:0:0:0:0:15:,13,14.25,1.0,
Q,0,16,explore:3:3:3:3:3:3:3:3:3:3:3:3:3:3:2:3:3:3:3:3:3:3:3:3:3:0:0:0:0:0:0:0:0:0:0:1:0:0:0:1:1:0:0:1:1:0:0:0:0:0:15:,16,0.213779296875,1.0,
Q,0,16,explore:3:3:3:3:3:3:3:3:3:3:3:3:3:3:2:3:3:3:3:3:3:3:3:3:3:0:0:0:0:0:0:0:0:0:0:1:0:0:0:1:1:0:0:1:1:0:0:0:0:0:15:,18,0.5625,1.0,
Q,0,16,explore:3:3:3:3:3:3:3:3:3:3:3:3:3:3:2:3:3:3:3:3:3:3:3:3:3:0:0:0:0:0:0:0:0:0:0:1:0:0:0:1:1:0:0:1:1:0:0:0:0:0:15:,19,0.03,1.0,
Q,0,16,explore:3:3:3:3:3:3:3:3:3:3:3:3:3:3:2:3:3:3:3:3:3:3:3:3:3:0:0:0:0:0:0:0:0:0:0:1:0:0:0:1:1:0:0:1:1:0:0:0:0:0:15:,20,0.18,1.0,
Q,0,16,explore:3:3:3:3:3:3:3:3:3:3:3:3:3:3:2:3:3:3:3:3:3:3:3:3:3:0:0:0:0:0:0:0:0:0:0:1:0:0:0:1:1:0:0:1:1:0:0:0:0:0:15:,24,28.5556640625,1.0,
Q,0,16,explore:3:3:3:3:3:3:3:3:3:3:3:3:3:3:2:3:3:3:3:3:3:3:3:3:3:0:0:0:0:0:0:0:0:0:0:1:0:0:0:1:1:0:0:1:1:0:0:0:0:0:15:,25,0.0,1.0,

Q,0,16,explore:3:3:3:3:3:3:3:3:3:3:3:3:3:3:2:2:3:3:2:3:3:3:3:3:3:0:0:0:0:0:0:1:0:0:1:0:0:0:1:0:1:0:0:1:1:0:0:0:0:0:15:,16,2.93916666667,1.0,
Q,0,16,explore:3:3:3:3:3:3:3:3:3:3:3:3:3:3:2:2:3:3:2:3:3:3:3:3:3:0:0:0:0:0:0:1:0:0:1:0:0:0:1:0:1:0:0:1:1:0:0:0:0:0:15:,12,45.0,1.0,
Q,0,16,explore:3:3:3:3:3:3:3:3:3:3:3:3:3:3:2:2:3:3:2:3:3:3:3:3:3:0:0:0:0:0:0:1:0:0:1:0:0:0:1:0:1:0:0:1:1:0:0:0:0:0:15:,23,0.0897005208333,1.0,

Q,0,16,explore:3:3:3:3:3:3:3:3:3:3:3:3:3:3:3:3:3:3:3:3:3:3:3:3:3:0:0:0:0:0:0:0:0:0:1:1:1:0:0:0:1:0:0:0:1:0:0:0:0:0:15:,16,0.19,1.0,
Q,0,16,explore:3:3:3:3:3:3:3:3:3:3:3:3:3:3:3:3:3:3:3:3:3:3:3:3:3:0:0:0:0:0:0:0:0:0:1:1:1:0:0:0:1:0:0:0:1:0:0:0:0:0:15:,24,0.0,1.0,
Q,0,16,explore:3:3:3:3:3:3:3:3:3:3:3:3:3:3:3:3:3:3:3:3:3:3:3:3:3:0:0:0:0:0:0:0:0:0:1:1:1:0:0:0:1:0:0:0:1:0:0:0:0:0:15:,14,0.0,1.0,
Q,0,16,explore:3:3:3:3:3:3:3:3:3:3:3:3:3:3:3:3:3:3:3:3:3:3:3:3:3:0:0:0:0:0:0:0:0:0:1:1:1:0:0:0:1:0:0:0:1:0:0:0:0:0:15:,15,48.0,1.0,

Q,0,16,explore:3:3:3:3:3:3:3:3:3:3:3:3:3:3:2:2:3:3:2:2:3:3:3:3:3:0:0:0:0:0:0:1:0:0:1:0:0:0:1:0:1:0:0:1:1:0:0:0:0:0:15:,16,0.126666666667,1.0,
Q,0,16,explore:3:3:3:3:3:3:3:3:3:3:3:3:3:3:2:2:3:3:2:2:3:3:3:3:3:0:0:0:0:0:0:1:0:0:1:0:0:0:1:0:1:0:0:1:1:0:0:0:0:0:15:,1,0.0,1.0,
Q,0,16,explore:3:3:3:3:3:3:3:3:3:3:3:3:3:3:2:2:3:3:2:2:3:3:3:3:3:0:0:0:0:0:0:1:0:0:1:0:0:0:1:0:1:0:0:1:1:0:0:0:0:0:15:,12,6.0,1.0,
Q,0,16,explore:3:3:3:3:3:3:3:3:3:3:3:3:3:3:2:2:3:3:2:2:3:3:3:3:3:0:0:0:0:0:0:1:0:0:1:0:0:0:1:0:1:0:0:1:1:0:0:0:0:0:15:,22,0.0663020833333,1.0,
Q,0,16,explore:3:3:3:3:3:3:3:3:3:3:3:3:3:3:2:2:3:3:2:2:3:3:3:3:3:0:0:0:0:0:0:1:0:0:1:0:0:0:1:0:1:0:0:1:1:0:0:0:0:0:15:,6,0.0,1.0,

Q,0,16,explore:3:3:3:3:3:3:3:3:3:3:3:2:3:3:2:2:3:3:2:2:3:3:3:3:3:0:0:0:0:0:0:1:0:0:1:0:0:0:1:0:1:0:0:1:1:0:0:0:0:0:15:,16,0.155625,1.0,
Q,0,16,explore:3:3:3:3:3:3:3:3:3:3:3:2:3:3:2:2:3:3:2:2:3:3:3:3:3:0:0:0:0:0:0:1:0:0:1:0:0:0:1:0:1:0:0:1:1:0:0:0:0:0:15:,17,18.0,1.0,
Q,0,16,explore:3:3:3:3:3:3:3:3:3:3:3:2:3:3:2:2:3:3:2:2:3:3:3:3:3:0:0:0:0:0:0:1:0:0:1:0:0:0:1:0:1:0:0:1:1:0:0:0:0:0:15:,19,0.00791666666667,1.0,
Q,0,16,explore:3:3:3:3:3:3:3:3:3:3:3:2:3:3:2:2:3:3:2:2:3:3:3:3:3:0:0:0:0:0:0:1:0:0:1:0:0:0:1:0:1:0:0:1:1:0:0:0:0:0:15:,20,0.115833333333,1.0,

Q,0,16,explore:3:3:3:3:3:3:3:3:3:3:3:3:3:3:2:3:3:3:2:3:3:3:3:3:3:0:0:0:0:0:0:1:0:0:1:0:0:0:1:0:1:0:0:1:1:0:0:0:0:0:15:,16,32.8706640625,1.0,
Q,0,16,explore:3:3:3:3:3:3:3:3:3:3:3:3:3:3:2:3:3:3:2:3:3:3:3:3:3:0:0:0:0:0:0:1:0:0:1:0:0:0:1:0:1:0:0:1:1:0:0:0:0:0:15:,21,65.361328125,1.0,


Q,0,17,explore:3:3:3:3:3:3:3:3:3:3:3:2:3:2:2:2:3:3:2:2:3:3:3:3:3:0:0:0:0:0:0:1:0:0:1:0:0:0:1:0:1:0:0:1:1:0:0:0:0:0:16:,17,58.8515625,1.0,
Q,0,17,explore:3:3:3:3:3:3:3:3:3:3:3:2:3:2:2:2:3:3:2:2:3:3:3:3:3:0:0:0:0:0:0:1:0:0:1:0:0:0:1:0:1:0:0:1:1:0:0:0:0:0:16:,25,7.40625,1.0,

Q,0,17,explore:3:3:3:3:3:3:3:3:3:3:3:2:3:3:2:2:3:3:2:2:3:3:3:3:3:0:0:0:0:0:0:1:0:0:1:0:0:0:1:0:1:0:0:1:1:0:0:0:0:0:16:,17,57.6250130208,1.0,
Q,0,17,explore:3:3:3:3:3:3:3:3:3:3:3:2:3:3:2:2:3:3:2:2:3:3:3:3:3:0:0:0:0:0:0:1:0:0:1:0:0:0:1:0:1:0:0:1:1:0:0:0:0:0:16:,2,0.0,1.0,
Q,0,17,explore:3:3:3:3:3:3:3:3:3:3:3:2:3:3:2:2:3:3:2:2:3:3:3:3:3:0:0:0:0:0:0:1:0:0:1:0:0:0:1:0:1:0:0:1:1:0:0:0:0:0:16:,21,28.5001236979,1.0,
Q,0,17,explore:3:3:3:3:3:3:3:3:3:3:3:2:3:3:2:2:3:3:2:2:3:3:3:3:3:0:0:0:0:0:0:1:0:0:1:0:0:0:1:0:1:0:0:1:1:0:0:0:0:0:16:,7,1.25002604167,1.0,

Q,0,17,explore:3:3:3:3:3:3:3:3:3:3:3:3:3:3:2:3:3:3:2:3:3:3:3:3:3:0:0:0:0:0:0:0:0:0:0:1:0:0:0:1:1:0:0:1:1:0:0:0:0:0:16:,17,57.890625,1.0,
Q,0,17,explore:3:3:3:3:3:3:3:3:3:3:3:3:3:3:2:3:3:3:2:3:3:3:3:3:3:0:0:0:0:0:0:0:0:0:0:1:0:0:0:1:1:0:0:1:1:0:0:0:0:0:16:,1,1.78125,1.0,

Q,0,17,explore:3:3:3:3:3:3:3:3:3:3:3:3:3:3:2:2:3:3:2:2:3:3:3:3:3:0:0:0:0:0:0:1:0:0:1:0:0:0:1:0:1:0:0:1:1:0:0:0:0:0:16:,17,57.0158333333,1.0,
Q,0,17,explore:3:3:3:3:3:3:3:3:3:3:3:3:3:3:2:2:3:3:2:2:3:3:3:3:3:0:0:0:0:0:0:1:0:0:1:0:0:0:1:0:1:0:0:1:1:0:0:0:0:0:16:,5,0.0316666666667,1.0,

Q,0,17,explore:3:3:3:3:3:3:3:3:3:3:3:3:3:3:2:2:3:3:2:3:3:3:3:3:3:0:0:0:0:0:0:1:0:0:1:0:0:0:1:0:1:0:0:1:1:0:0:0:0:0:16:,17,57.0325390625,1.0,
Q,0,17,explore:3:3:3:3:3:3:3:3:3:3:3:3:3:3:2:2:3:3:2:3:3:3:3:3:3:0:0:0:0:0:0:1:0:0:1:0:0:0:1:0:1:0:0:1:1:0:0:0:0:0:16:,23,0.065078125,1.0,

Q,0,17,explore:3:3:3:3:3:3:3:3:3:3:3:3:3:3:2:3:3:3:3:3:3:3:3:3:3:0:0:0:0:0:0:0:0:0:0:1:0:0:0:1:1:0:0:1:1:0:0:0:0:0:16:,17,57.111328125,1.0,
Q,0,17,explore:3:3:3:3:3:3:3:3:3:3:3:3:3:3:2:3:3:3:3:3:3:3:3:3:3:0:0:0:0:0:0:0:0:0:0:1:0:0:0:1:1:0:0:1:1:0:0:0:0:0:16:,11,0.0,1.0,
Q,0,17,explore:3:3:3:3:3:3:3:3:3:3:3:3:3:3:2:3:3:3:3:3:3:3:3:3:3:0:0:0:0:0:0:0:0:0:0:1:0:0:0:1:1:0:0:1:1:0:0:0:0:0:16:,5,0.0,1.0,
Q,0,17,explore:3:3:3:3:3:3:3:3:3:3:3:3:3:3:2:3:3:3:3:3:3:3:3:3:3:0:0:0:0:0:0:0:0:0:0:1:0:0:0:1:1:0:0:1:1:0:0:0:0:0:16:,23,0.4453125,1.0,

Q,0,17,explore:3:3:3:3:3:3:3:3:3:3:3:3:3:3:3:3:3:3:3:3:3:3:3:3:3:0:0:0:0:0:0:0:0:0:0:1:0:0:0:1:1:0:0:1:1:0:0:0:0:0:16:,24,0.0,1.0,
Q,0,17,explore:3:3:3:3:3:3:3:3:3:3:3:3:3:3:3:3:3:3:3:3:3:3:3:3:3:0:0:0:0:0:0:0:0:0:0:1:0:0:0:1:1:0:0:1:1:0:0:0:0:0:16:,17,57.0,1.0,


Q,0,18,explore:3:3:3:3:3:3:3:3:3:3:3:3:3:3:2:3:3:3:2:3:3:3:3:3:3:0:0:0:0:0:0:0:0:0:0:1:0:0:0:1:1:0:0:1:1:0:0:0:0:0:17:,18,57.0,1.0,

Q,0,18,explore:3:3:3:3:3:3:3:3:3:3:3:2:3:2:2:2:3:3:2:2:3:3:3:3:3:0:0:0:0:0:0:1:0:0:1:0:0:0:1:0:1:0:0:1:1:0:0:0:0:0:17:,18,57.0,1.0,
Q,0,18,explore:3:3:3:3:3:3:3:3:3:3:3:2:3:2:2:2:3:3:2:2:3:3:3:3:3:0:0:0:0:0:0:1:0:0:1:0:0:0:1:0:1:0:0:1:1:0:0:0:0:0:17:,3,14.2502473958,1.0,
Q,0,18,explore:3:3:3:3:3:3:3:3:3:3:3:2:3:2:2:2:3:3:2:2:3:3:3:3:3:0:0:0:0:0:0:1:0:0:1:0:0:0:1:0:1:0:0:1:1:0:0:0:0:0:17:,21,0.0,1.0,

Q,0,18,explore:3:3:3:3:3:3:3:3:3:3:3:3:3:3:3:3:3:3:3:3:3:3:3:3:3:0:0:0:0:0:0:0:0:0:1:1:1:0:0:0:1:0:0:0:1:0:0:0:0:0:17:,4,33.0,1.0,
Q,0,18,explore:3:3:3:3:3:3:3:3:3:3:3:3:3:3:3:3:3:3:3:3:3:3:3:3:3:0:0:0:0:0:0:0:0:0:1:1:1:0:0:0:1:0:0:0:1:0:0:0:0:0:17:,6,0.0,1.0,
Q,0,18,explore:3:3:3:3:3:3:3:3:3:3:3:3:3:3:3:3:3:3:3:3:3:3:3:3:3:0:0:0:0:0:0:0:0:0:1:1:1:0:0:0:1:0:0:0:1:0:0:0:0:0:17:,7,3.375,1.0,
Q,0,18,explore:3:3:3:3:3:3:3:3:3:3:3:3:3:3:3:3:3:3:3:3:3:3:3:3:3:0:0:0:0:0:0:0:0:0:1:1:1:0:0:0:1:0:0:0:1:0:0:0:0:0:17:,8,0.421875,1.0,
Q,0,18,explore:3:3:3:3:3:3:3:3:3:3:3:3:3:3:3:3:3:3:3:3:3:3:3:3:3:0:0:0:0:0:0:0:0:0:1:1:1:0:0:0:1:0:0:0:1:0:0:0:0:0:17:,13,0.0,1.0,
Q,0,18,explore:3:3:3:3:3:3:3:3:3:3:3:3:3:3:3:3:3:3:3:3:3:3:3:3:3:0:0:0:0:0:0:0:0:0:1:1:1:0:0:0:1:0:0:0:1:0:0:0:0:0:17:,15,84.796875,1.0,
Q,0,18,explore:3:3:3:3:3:3:3:3:3:3:3:3:3:3:3:3:3:3:3:3:3:3:3:3:3:0:0:0:0:0:0:0:0:0:1:1:1:0:0:0:1:0:0:0:1:0:0:0:0:0:17:,16,3.8203125,1.0,
Q,0,18,explore:3:3:3:3:3:3:3:3:3:3:3:3:3:3:3:3:3:3:3:3:3:3:3:3:3:0:0:0:0:0:0:0:0:0:1:1:1:0:0:0:1:0:0:0:1:0:0:0:0:0:17:,18,57.955078125,1.0,
Q,0,18,explore:3:3:3:3:3:3:3:3:3:3:3:3:3:3:3:3:3:3:3:3:3:3:3:3:3:0:0:0:0:0:0:0:0:0:1:1:1:0:0:0:1:0:0:0:1:0:0:0:0:0:17:,19,36.0,1.0,
Q,0,18,explore:3:3:3:3:3:3:3:3:3:3:3:3:3:3:3:3:3:3:3:3:3:3:3:3:3:0:0:0:0:0:0:0:0:0:1:1:1:0:0:0:1:0:0:0:1:0:0:0:0:0:17:,22,22.5234375,1.0,
Q,0,18,explore:3:3:3:3:3:3:3:3:3:3:3:3:3:3:3:3:3:3:3:3:3:3:3:3:3:0:0:0:0:0:0:0:0:0:1:1:1:0:0:0:1:0:0:0:1:0:0:0:0:0:17:,23,7.125,1.0,
Q,0,18,explore:3:3:3:3:3:3:3:3:3:3:3:3:3:3:3:3:3:3:3:3:3:3:3:3:3:0:0:0:0:0:0:0:0:0:1:1:1:0:0:0:1:0:0:0:1:0:0:0:0:0:17:,25,28.5117578125,1.0,
Q,0,18,explore:3:3:3:3:3:3:3:3:3:3:3:3:3:3:3:3:3:3:3:3:3:3:3:3:3:0:0:0:0:0:0:0:0:0:1:1:1:0:0:0:1:0:0:0:1:0:0:0:0:0:17:,26,0.0,1.0,

Q,0,18,explore:3:3:3:3:3:3:3:3:3:3:3:3:3:3:2:3:3:3:3:3:3:3:3:3:3:0:0:0:0:0:0:0:0:0:0:1:0:0:0:1:1:0:0:1:1:0:0:0:0:0:17:,1,7.125,1.0,
Q,0,18,explore:3:3:3:3:3:3:3:3:3:3:3:3:3:3:2:3:3:3:3:3:3:3:3:3:3:0:0:0:0:0:0:0:0:0:0:1:0:0:0:1:1:0:0:1:1:0:0:0:0:0:17:,6,0.0,1.0,
Q,0,18,explore:3:3:3:3:3:3:3:3:3:3:3:3:3:3:2:3:3:3:3:3:3:3:3:3:3:0:0:0:0:0:0:0:0:0:0:1:0:0:0:1:1:0:0:1:1:0:0:0:0:0:17:,8,0.0,1.0,
Q,0,18,explore:3:3:3:3:3:3:3:3:3:3:3:3:3:3:2:3:3:3:3:3:3:3:3:3:3:0:0:0:0:0:0:0:0:0:0:1:0:0:0:1:1:0:0:1:1:0:0:0:0:0:17:,10,0.890625,1.0,
Q,0,18,explore:3:3:3:3:3:3:3:3:3:3:3:3:3:3:2:3:3:3:3:3:3:3:3:3:3:0:0:0:0:0:0:0:0:0:0:1:0:0:0:1:1:0:0:1:1:0:0:0:0:0:17:,14,60.75,1.0,
Q,0,18,explore:3:3:3:3:3:3:3:3:3:3:3:3:3:3:2:3:3:3:3:3:3:3:3:3:3:0:0:0:0:0:0:0:0:0:0:1:0:0:0:1:1:0:0:1:1:0:0:0:0:0:17:,15,0.125494791667,1.0,
Q,0,18,explore:3:3:3:3:3:3:3:3:3:3:3:3:3:3:2:3:3:3:3:3:3:3:3:3:3:0:0:0:0:0:0:0:0:0:0:1:0:0:0:1:1:0:0:1:1:0:0:0:0:0:17:,18,58.78125,1.0,
Q,0,18,explore:3:3:3:3:3:3:3:3:3:3:3:3:3:3:2:3:3:3:3:3:3:3:3:3:3:0:0:0:0:0:0:0:0:0:0:1:0:0:0:1:1:0:0:1:1:0:0:0:0:0:17:,24,0.0,1.0,
Q,0,18,explore:3:3:3:3:3:3:3:3:3:3:3:3:3:3:2:3:3:3:3:3:3:3:3:3:3:0:0:0:0:0:0:0:0:0:0:1:0:0:0:1:1:0:0:1:1:0:0:0:0:0:17:,26,0.0,1.0,

Q,0,18,explore:3:3:3:3:3:3:3:3:3:3:3:3:3:3:2:3:3:3:2:3:3:3:3:3:3:0:0:0:0:0:0:1:0:0:1:0:0:0:1:0:1:0:0:1:1:0:0:0:0:0:17:,18,57.8203125,1.0,
Q,0,18,explore:3:3:3:3:3:3:3:3:3:3:3:3:3:3:2:3:3:3:2:3:3:3:3:3:3:0:0:0:0:0:0:1:0:0:1:0:0:0:1:0:1:0:0:1:1:0:0:0:0:0:17:,22,6.5625,1.0,

Q,0,18,explore:3:3:3:3:3:3:3:3:3:3:3:3:3:3:2:2:3:3:2:2:3:3:3:3:3:0:0:0:0:0:0:1:0:0:1:0:0:0:1:0:1:0:0:1:1:0:0:0:0:0:17:,16,0.0,1.0,
Q,0,18,explore:3:3:3:3:3:3:3:3:3:3:3:3:3:3:2:2:3:3:2:2:3:3:3:3:3:0:0:0:0:0:0:1:0:0:1:0:0:0:1:0:1:0:0:1:1:0:0:0:0:0:17:,1,14.361328125,1.0,
Q,0,18,explore:3:3:3:3:3:3:3:3:3:3:3:3:3:3:2:2:3:3:2:2:3:3:3:3:3:0:0:0:0:0:0:1:0:0:1:0:0:0:1:0:1:0:0:1:1:0:0:0:0:0:17:,18,57.0,1.0,
Q,0,18,explore:3:3:3:3:3:3:3:3:3:3:3:3:3:3:2:2:3:3:2:2:3:3:3:3:3:0:0:0:0:0:0:1:0:0:1:0:0:0:1:0:1:0:0:1:1:0:0:0:0:0:17:,20,0.0,1.0,


Q,0,19,explore:3:3:3:3:3:3:3:3:3:3:3:3:3:3:2:2:3:3:2:2:3:3:3:3:3:0:0:0:0:0:0:1:0:0:1:0:0:0:1:0:1:0:0:1:1:0:0:0:0:0:18:,19,0.132604166667,1.0,
Q,0,19,explore:3:3:3:3:3:3:3:3:3:3:3:3:3:3:2:2:3:3:2:2:3:3:3:3:3:0:0:0:0:0:0:1:0:0:1:0:0:0:1:0:1:0:0:1:1:0:0:0:0:0:18:,14,0.02375,1.0,

Q,0,19,explore:3:3:3:3:3:3:3:3:3:3:3:2:3:3:2:2:3:3:2:2:3:3:3:3:3:0:0:0:0:0:0:1:0:0:1:0:0:0:1:0:1:0:0:1:1:0:0:0:0:0:18:,19,0.126666666667,1.0,

Q,0,19,explore:3:3:3:3:3:3:3:3:3:3:3:3:3:3:2:3:3:3:3:3:3:3:3:3:3:0:0:0:0:0:0:0:0:0:0:1:0:0:0:1:1:0:0:1:1:0:0:0:0:0:18:,2,0.5625,1.0,
Q,0,19,explore:3:3:3:3:3:3:3:3:3:3:3:3:3:3:2:3:3:3:3:3:3:3:3:3:3:0:0:0:0:0:0:0:0:0:0:1:0:0:0:1:1:0:0:1:1:0:0:0:0:0:18:,5,7.125,1.0,
Q,0,19,explore:3:3:3:3:3:3:3:3:3:3:3:3:3:3:2:3:3:3:3:3:3:3:3:3:3:0:0:0:0:0:0:0:0:0:0:1:0:0:0:1:1:0:0:1:1:0:0:0:0:0:18:,14,43.78125,1.0,
Q,0,19,explore:3:3:3:3:3:3:3:3:3:3:3:3:3:3:2:3:3:3:3:3:3:3:3:3:3:0:0:0:0:0:0:0:0:0:0:1:0:0:0:1:1:0:0:1:1:0:0:0:0:0:18:,15,0.02,1.0,
Q,0,19,explore:3:3:3:3:3:3:3:3:3:3:3:3:3:3:2:3:3:3:3:3:3:3:3:3:3:0:0:0:0:0:0:0:0:0:0:1:0:0:0:1:1:0:0:1:1:0:0:0:0:0:18:,17,0.001875,1.0,
Q,0,19,explore:3:3:3:3:3:3:3:3:3:3:3:3:3:3:2:3:3:3:3:3:3:3:3:3:3:0:0:0:0:0:0:0:0:0:0:1:0:0:0:1:1:0:0:1:1:0:0:0:0:0:18:,19,0.190234375,1.0,
Q,0,19,explore:3:3:3:3:3:3:3:3:3:3:3:3:3:3:2:3:3:3:3:3:3:3:3:3:3:0:0:0:0:0:0:0:0:0:0:1:0:0:0:1:1:0:0:1:1:0:0:0:0:0:18:,21,1.125,1.0,

Q,0,19,explore:3:3:3:3:3:3:3:3:3:3:3:3:3:3:3:3:3:3:3:3:3:3:3:3:3:0:0:0:0:0:0:0:0:0:1:1:1:0:0:0:1:0:0:0:1:0:0:0:0:0:18:,0,34.171875,1.0,
Q,0,19,explore:3:3:3:3:3:3:3:3:3:3:3:3:3:3:3:3:3:3:3:3:3:3:3:3:3:0:0:0:0:0:0:0:0:0:1:1:1:0:0:0:1:0:0:0:1:0:0:0:0:0:18:,1,6.375,1.0,
Q,0,19,explore:3:3:3:3:3:3:3:3:3:3:3:3:3:3:3:3:3:3:3:3:3:3:3:3:3:0:0:0:0:0:0:0:0:0:1:1:1:0:0:0:1:0:0:0:1:0:0:0:0:0:18:,10,0.0,1.0,
Q,0,19,explore:3:3:3:3:3:3:3:3:3:3:3:3:3:3:3:3:3:3:3:3:3:3:3:3:3:0:0:0:0:0:0:0:0:0:1:1:1:0:0:0:1:0:0:0:1:0:0:0:0:0:18:,13,3.0,1.0,
Q,0,19,explore:3:3:3:3:3:3:3:3:3:3:3:3:3:3:3:3:3:3:3:3:3:3:3:3:3:0:0:0:0:0:0:0:0:0:1:1:1:0:0:0:1:0:0:0:1:0:0:0:0:0:18:,14,27.0003710938,1.0,
Q,0,19,explore:3:3:3:3:3:3:3:3:3:3:3:3:3:3:3:3:3:3:3:3:3:3:3:3:3:0:0:0:0:0:0:0:0:0:1:1:1:0:0:0:1:0:0:0:1:0:0:0:0:0:18:,16,0.09,1.0,
Q,0,19,explore:3:3:3:3:3:3:3:3:3:3:3:3:3:3:3:3:3:3:3:3:3:3:3:3:3:0:0:0:0:0:0:0:0:0:1:1:1:0:0:0:1:0:0:0:1:0:0:0:0:0:18:,17,0.011875,1.0,
Q,0,19,explore:3:3:3:3:3:3:3:3:3:3:3:3:3:3:3:3:3:3:3:3:3:3:3:3:3:0:0:0:0:0:0:0:0:0:1:1:1:0:0:0:1:0:0:0:1:0:0:0:0:0:18:,18,32.630859375,1.0,
Q,0,19,explore:3:3:3:3:3:3:3:3:3:3:3:3:3:3:3:3:3:3:3:3:3:3:3:3:3:0:0:0:0:0:0:0:0:0:1:1:1:0:0:0:1:0:0:0:1:0:0:0:0:0:18:,19,73.3154296875,1.0,
Q,0,19,explore:3:3:3:3:3:3:3:3:3:3:3:3:3:3:3:3:3:3:3:3:3:3:3:3:3:0:0:0:0:0:0:0:0:0:1:1:1:0:0:0:1:0:0:0:1:0:0:0:0:0:18:,20,7.175,1.0,
Q,0,19,explore:3:3:3:3:3:3:3:3:3:3:3:3:3:3:3:3:3:3:3:3:3:3:3:3:3:0:0:0:0:0:0:0:0:0:1:1:1:0:0:0:1:0:0:0:1:0:0:0:0:0:18:,21,0.0,1.0,
Q,0,19,explore:3:3:3:3:3:3:3:3:3:3:3:3:3:3:3:3:3:3:3:3:3:3:3:3:3:0:0:0:0:0:0:0:0:0:1:1:1:0:0:0:1:0:0:0:1:0:0:0:0:0:18:,26,0.0,1.0,

Q,0,19,explore:3:3:3:3:3:3:3:3:3:3:3:3:3:3:2:2:3:3:2:3:3:3:3:3:3:0:0:0:0:0:0:1:0:0:1:0:0:0:1:0:1:0:0:1:1:0:0:0:0:0:18:,0,0.2109375,1.0,
Q,0,19,explore:3:3:3:3:3:3:3:3:3:3:3:3:3:3:2:2:3:3:2:3:3:3:3:3:3:0:0:0:0:0:0:1:0:0:1:0:0:0:1:0:1:0:0:1:1:0:0:0:0:0:18:,19,0.179401041667,1.0,


Q,0,20,explore:3:3:3:3:3:3:3:3:3:3:3:3:3:3:3:3:3:3:3:3:3:3:3:3:3:0:0:0:0:0:0:0:0:0:1:1:1:0:0:0:1:0:0:0:1:0:0:0:0:0:19:,0,37.5322265625,1.0,
Q,0,20,explore:3:3:3:3:3:3:3:3:3:3:3:3:3:3:3:3:3:3:3:3:3:3:3:3:3:0:0:0:0:0:0:0:0:0:1:1:1:0:0:0:1:0:0:0:1:0:0:0:0:0:19:,1,4.50008789063,1.0,
Q,0,20,explore:3:3:3:3:3:3:3:3:3:3:3:3:3:3:3:3:3:3:3:3:3:3:3:3:3:0:0:0:0:0:0:0:0:0:1:1:1:0:0:0:1:0:0:0:1:0:0:0:0:0:19:,2,0.00375,1.0,
Q,0,20,explore:3:3:3:3:3:3:3:3:3:3:3:3:3:3:3:3:3:3:3:3:3:3:3:3:3:0:0:0:0:0:0:0:0:0:1:1:1:0:0:0:1:0:0:0:1:0:0:0:0:0:19:,3,0.0,1.0,
Q,0,20,explore:3:3:3:3:3:3:3:3:3:3:3:3:3:3:3:3:3:3:3:3:3:3:3:3:3:0:0:0:0:0:0:0:0:0:1:1:1:0:0:0:1:0:0:0:1:0:0:0:0:0:19:,4,0.0,1.0,
Q,0,20,explore:3:3:3:3:3:3:3:3:3:3:3:3:3:3:3:3:3:3:3:3:3:3:3:3:3:0:0:0:0:0:0:0:0:0:1:1:1:0:0:0:1:0:0:0:1:0:0:0:0:0:19:,6,0.005625,1.0,
Q,0,20,explore:3:3:3:3:3:3:3:3:3:3:3:3:3:3:3:3:3:3:3:3:3:3:3:3:3:0:0:0:0:0:0:0:0:0:1:1:1:0:0:0:1:0:0:0:1:0:0:0:0:0:19:,20,0.7525,1.0,
Q,0,20,explore:3:3:3:3:3:3:3:3:3:3:3:3:3:3:3:3:3:3:3:3:3:3:3:3:3:0:0:0:0:0:0:0:0:0:1:1:1:0:0:0:1:0:0:0:1:0:0:0:0:0:19:,21,14.25,1.0,
Q,0,20,explore:3:3:3:3:3:3:3:3:3:3:3:3:3:3:3:3:3:3:3:3:3:3:3:3:3:0:0:0:0:0:0:0:0:0:1:1:1:0:0:0:1:0:0:0:1:0:0:0:0:0:19:,22,0.0,1.0,
Q,0,20,explore:3:3:3:3:3:3:3:3:3:3:3:3:3:3:3:3:3:3:3:3:3:3:3:3:3:0:0:0:0:0:0:0:0:0:1:1:1:0:0:0:1:0:0:0:1:0:0:0:0:0:19:,23,1.875,1.0,
Q,0,20,explore:3:3:3:3:3:3:3:3:3:3:3:3:3:3:3:3:3:3:3:3:3:3:3:3:3:0:0:0:0:0:0:0:0:0:1:1:1:0:0:0:1:0:0:0:1:0:0:0:0:0:19:,24,9.0,1.0,
Q,0,20,explore:3:3:3:3:3:3:3:3:3:3:3:3:3:3:3:3:3:3:3:3:3:3:3:3:3:0:0:0:0:0:0:0:0:0:1:1:1:0:0:0:1:0:0:0:1:0:0:0:0:0:19:,25,55.529296875,1.0,

Q,0,20,explore:3:3:3:3:3:3:3:3:3:3:3:3:3:3:2:3:3:3:2:3:3:3:3:3:3:0:0:0:0:0:0:0:0:0:0:1:0:0:0:1:1:0:0:1:1:0:0:0:0:0:19:,0,0.0,1.0,
Q,0,20,explore:3:3:3:3:3:3:3:3:3:3:3:3:3:3:2:3:3:3:2:3:3:3:3:3:3:0:0:0:0:0:0:0:0:0:0:1:0:0:0:1:1:0:0:1:1:0:0:0:0:0:19:,20,0.19,1.0,

Q,0,20,explore:3:3:3:3:3:3:3:3:3:3:3:3:3:3:2:3:3:3:3:3:3:3:3:3:3:0:0:0:0:0:0:0:0:0:0:1:0:0:0:1:1:0:0:1:1:0:0:0:0:0:19:,9,28.5556640625,1.0,
Q,0,20,explore:3:3:3:3:3:3:3:3:3:3:3:3:3:3:2:3:3:3:3:3:3:3:3:3:3:0:0:0:0:0:0:0:0:0:0:1:0:0:0:1:1:0:0:1:1:0:0:0:0:0:19:,10,0.0,1.0,
Q,0,20,explore:3:3:3:3:3:3:3:3:3:3:3:3:3:3:2:3:3:3:3:3:3:3:3:3:3:0:0:0:0:0:0:0:0:0:0:1:0:0:0:1:1:0:0:1:1:0:0:0:0:0:19:,12,3.5625,1.0,
Q,0,20,explore:3:3:3:3:3:3:3:3:3:3:3:3:3:3:2:3:3:3:3:3:3:3:3:3:3:0:0:0:0:0:0:0:0:0:0:1:0:0:0:1:1:0:0:1:1:0:0:0:0:0:19:,13,0.0,1.0,
Q,0,20,explore:3:3:3:3:3:3:3:3:3:3:3:3:3:3:2:3:3:3:3:3:3:3:3:3:3:0:0:0:0:0:0:0:0:0:0:1:0:0:0:1:1:0:0:1:1:0:0:0:0:0:19:,15,0.0666666666667,1.0,
Q,0,20,explore:3:3:3:3:3:3:3:3:3:3:3:3:3:3:2:3:3:3:3:3:3:3:3:3:3:0:0:0:0:0:0:0:0:0:0:1:0:0:0:1:1:0:0:1:1:0:0:0:0:0:19:,17,18.0,1.0,
Q,0,20,explore:3:3:3:3:3:3:3:3:3:3:3:3:3:3:2:3:3:3:3:3:3:3:3:3:3:0:0:0:0:0:0:0:0:0:0:1:0:0:0:1:1:0:0:1:1:0:0:0:0:0:19:,20,7.315,1.0,
Q,0,20,explore:3:3:3:3:3:3:3:3:3:3:3:3:3:3:2:3:3:3:3:3:3:3:3:3:3:0:0:0:0:0:0:0:0:0:0:1:0:0:0:1:1:0:0:1:1:0:0:0:0:0:19:,22,0.0,1.0,
Q,0,20,explore:3:3:3:3:3:3:3:3:3:3:3:3:3:3:2:3:3:3:3:3:3:3:3:3:3:0:0:0:0:0:0:0:0:0:0:1:0:0:0:1:1:0:0:1:1:0:0:0:0:0:19:,23,14.25,1.0,
Q,0,20,explore:3:3:3:3:3:3:3:3:3:3:3:3:3:3:2:3:3:3:3:3:3:3:3:3:3:0:0:0:0:0:0:0:0:0:0:1:0:0:0:1:1:0:0:1:1:0:0:0:0:0:19:,24,25.125,1.0,

Q,0,20,explore:3:3:3:3:3:3:3:3:3:3:3:2:3:3:2:2:3:3:2:2:3:3:3:3:3:0:0:0:0:0:0:1:0:0:1:0:0:0:1:0:1:0:0:1:1:0:0:0:0:0:19:,9,0.0,1.0,
Q,0,20,explore:3:3:3:3:3:3:3:3:3:3:3:2:3:3:2:2:3:3:2:2:3:3:3:3:3:0:0:0:0:0:0:1:0:0:1:0:0:0:1:0:1:0:0:1:1:0:0:0:0:0:19:,20,0.126666666667,1.0,
Q,0,20,explore:3:3:3:3:3:3:3:3:3:3:3:2:3:3:2:2:3:3:2:2:3:3:3:3:3:0:0:0:0:0:0:1:0:0:1:0:0:0:1:0:1:0:0:1:1:0:0:0:0:0:19:,22,0.0,1.0,

Q,0,20,explore:3:3:3:3:3:3:3:3:3:3:3:3:3:3:3:3:3:3:3:3:3:3:3:3:3:0:0:0:0:0:0:0:0:0:0:1:0:0:0:1:1:0:0:1:1:0:0:0:0:0:19:,20,1.97125,1.0,
Q,0,20,explore:3:3:3:3:3:3:3:3:3:3:3:3:3:3:3:3:3:3:3:3:3:3:3:3:3:0:0:0:0:0:0:0:0:0:0:1:0:0:0:1:1:0:0:1:1:0:0:0:0:0:19:,13,7.125,1.0,

Q,0,20,explore:3:3:3:3:3:3:3:3:3:3:3:3:3:3:2:2:3:3:2:3:3:3:3:3:3:0:0:0:0:0:0:1:0:0:1:0:0:0:1:0:1:0:0:1:1:0:0:0:0:0:19:,2,0.5625,1.0,
Q,0,20,explore:3:3:3:3:3:3:3:3:3:3:3:3:3:3:2:2:3:3:2:3:3:3:3:3:3:0:0:0:0:0:0:1:0:0:1:0:0:0:1:0:1:0:0:1:1:0:0:0:0:0:19:,20,0.2603125,1.0,

Q,0,20,explore:3:3:3:3:3:3:3:3:3:3:3:3:3:3:2:2:3:3:2:2:3:3:3:3:3:0:0:0:0:0:0:1:0:0:1:0:0:0:1:0:1:0:0:1:1:0:0:0:0:0:19:,2,0.0,1.0,
Q,0,20,explore:3:3:3:3:3:3:3:3:3:3:3:3:3:3:2:2:3:3:2:2:3:3:3:3:3:0:0:0:0:0:0:1:0:0:1:0:0:0:1:0:1:0:0:1:1:0:0:0:0:0:19:,20,0.126666666667,1.0,


Q,0,21,explore:3:3:3:3:3:3:3:3:3:3:3:3:3:3:2:3:3:3:2:3:3:3:3:3:3:0:0:0:0:0:0:1:0:0:1:0:0:0:1:0:1:0:0:1:1:0:0:0:0:0:20:,21,57.4453125,1.0,
Q,0,21,explore:3:3:3:3:3:3:3:3:3:3:3:3:3:3:2:3:3:3:2:3:3:3:3:3:3:0:0:0:0:0:0:1:0:0:1:0:0:0:1:0:1:0:0:1:1:0:0:0:0:0:20:,5,3.5625,1.0,

Q,0,21,explore:3:3:3:3:3:3:3:3:3:3:3:2:3:3:2:2:3:3:2:2:3:3:3:3:3:0:0:0:0:0:0:1:0:0:1:0:0:0:1:0:1:0:0:1:1:0:0:0:0:0:20:,10,0.000989583333333,1.0,
Q,0,21,explore:3:3:3:3:3:3:3:3:3:3:3:2:3:3:2:2:3:3:2:2:3:3:3:3:3:0:0:0:0:0:0:1:0:0:1:0:0:0:1:0:1:0:0:1:1:0:0:0:0:0:20:,21,57.0002473958,1.0,

Q,0,21,explore:3:3:3:3:3:3:3:3:3:3:3:3:3:3:3:3:3:3:3:3:3:3:3:3:3:0:0:0:0:0:0:0:0:0:1:1:1:0:0:0:1:0:0:0:1:0:0:0:0:0:20:,10,0.0,1.0,
Q,0,21,explore:3:3:3:3:3:3:3:3:3:3:3:3:3:3:3:3:3:3:3:3:3:3:3:3:3:0:0:0:0:0:0:0:0:0:1:1:1:0:0:0:1:0:0:0:1:0:0:0:0:0:20:,21,57.0,1.0,

Q,0,21,explore:3:3:3:3:3:3:3:3:3:3:3:2:3:2:2:2:3:3:2:2:3:3:3:3:3:0:0:0:0:0:0:1:0:0:1:0:0:0:1:0:1:0:0:1:1:0:0:0:0:0:20:,25,36.0,1.0,
Q,0,21,explore:3:3:3:3:3:3:3:3:3:3:3:2:3:2:2:2:3:3:2:2:3:3:3:3:3:0:0:0:0:0:0:1:0:0:1:0:0:0:1:0:1:0:0:1:1:0:0:0:0:0:20:,21,59.25,1.0,


Q,0,22,explore:3:3:3:3:3:3:3:3:3:3:3:3:3:3:2:3:3:3:3:3:3:3:3:3:3:0:0:0:0:0:0:0:0:0:0:1:0:0:0:1:1:0:0:1:1:0:0:0:0:0:21:,0,0.0,1.0,
Q,0,22,explore:3:3:3:3:3:3:3:3:3:3:3:3:3:3:2:3:3:3:3:3:3:3:3:3:3:0:0:0:0:0:0:0:0:0:0:1:0:0:0:1:1:0:0:1:1:0:0:0:0:0:21:,22,57.0,1.0,

Q,0,22,explore:3:3:3:3:3:3:3:3:3:3:3:3:3:3:2:3:3:3:2:3:3:3:3:3:3:0:0:0:0:0:0:1:0:0:1:0:0:0:1:0:1:0:0:1:1:0:0:0:0:0:21:,22,57.0,1.0,

Q,0,22,explore:3:3:3:3:3:3:3:3:3:3:3:3:3:3:3:3:3:3:3:3:3:3:3:3:3:0:0:0:0:0:0:0:0:0:1:1:1:0:0:0:1:0:0:0:1:0:0:0:0:0:21:,19,51.0,1.0,
Q,0,22,explore:3:3:3:3:3:3:3:3:3:3:3:3:3:3:3:3:3:3:3:3:3:3:3:3:3:0:0:0:0:0:0:0:0:0:1:1:1:0:0:0:1:0:0:0:1:0:0:0:0:0:21:,22,60.1875,1.0,


Q,0,23,explore:3:3:3:3:3:3:3:3:3:3:3:3:3:3:2:3:3:3:3:3:3:3:3:3:3:0:0:0:0:0:0:0:0:0:0:1:0:0:0:1:1:0:0:1:1:0:0:0:0:0:22:,25,0.0,1.0,
Q,0,23,explore:3:3:3:3:3:3:3:3:3:3:3:3:3:3:2:3:3:3:3:3:3:3:3:3:3:0:0:0:0:0:0:0:0:0:0:1:0:0:0:1:1:0:0:1:1:0:0:0:0:0:22:,26,0.0,1.0,
Q,0,23,explore:3:3:3:3:3:3:3:3:3:3:3:3:3:3:2:3:3:3:3:3:3:3:3:3:3:0:0:0:0:0:0:0:0:0:0:1:0:0:0:1:1:0:0:1:1:0:0:0:0:0:22:,11,0.0,1.0,
Q,0,23,explore:3:3:3:3:3:3:3:3:3:3:3:3:3:3:2:3:3:3:3:3:3:3:3:3:3:0:0:0:0:0:0:0:0:0:0:1:0:0:0:1:1:0:0:1:1:0:0:0:0:0:22:,13,0.0,1.0,
Q,0,23,explore:3:3:3:3:3:3:3:3:3:3:3:3:3:3:2:3:3:3:3:3:3:3:3:3:3:0:0:0:0:0:0:0:0:0:0:1:0:0:0:1:1:0:0:1:1:0:0:0:0:0:22:,23,57.0,1.0,

Q,0,23,explore:3:3:3:3:3:3:3:3:3:3:3:3:3:3:3:3:3:3:3:3:3:3:3:3:3:0:0:0:0:0:0:0:0:0:1:1:1:0:0:0:1:0:0:0:1:0:0:0:0:0:22:,8,0.0,1.0,
Q,0,23,explore:3:3:3:3:3:3:3:3:3:3:3:3:3:3:3:3:3:3:3:3:3:3:3:3:3:0:0:0:0:0:0:0:0:0:1:1:1:0:0:0:1:0:0:0:1:0:0:0:0:0:22:,17,0.0940625,1.0,
Q,0,23,explore:3:3:3:3:3:3:3:3:3:3:3:3:3:3:3:3:3:3:3:3:3:3:3:3:3:0:0:0:0:0:0:0:0:0:1:1:1:0:0:0:1:0:0:0:1:0:0:0:0:0:22:,25,14.25,1.0,
Q,0,23,explore:3:3:3:3:3:3:3:3:3:3:3:3:3:3:3:3:3:3:3:3:3:3:3:3:3:0:0:0:0:0:0:0:0:0:1:1:1:0:0:0:1:0:0:0:1:0:0:0:0:0:22:,22,30.0,1.0,
Q,0,23,explore:3:3:3:3:3:3:3:3:3:3:3:3:3:3:3:3:3:3:3:3:3:3:3:3:3:0:0:0:0:0:0:0:0:0:1:1:1:0:0:0:1:0:0:0:1:0:0:0:0:0:22:,23,57.023515625,1.0,


Q,0,24,explore:3:3:3:3:3:3:3:3:3:3:3:3:3:3:2:3:3:3:3:3:3:3:3:3:3:0:0:0:0:0:0:0:0:0:0:1:0:0:0:1:1:0:0:1:1:0:0:0:0:0:23:,24,57.0,1.0,
Q,0,24,explore:3:3:3:3:3:3:3:3:3:3:3:3:3:3:2:3:3:3:3:3:3:3:3:3:3:0:0:0:0:0:0:0:0:0:0:1:0:0:0:1:1:0:0:1:1:0:0:0:0:0:23:,4,0.0,1.0,
Q,0,24,explore:3:3:3:3:3:3:3:3:3:3:3:3:3:3:2:3:3:3:3:3:3:3:3:3:3:0:0:0:0:0:0:0:0:0:0:1:0:0:0:1:1:0:0:1:1:0:0:0:0:0:23:,6,0.0,1.0,

Q,0,24,explore:3:3:3:3:3:3:3:3:3:3:3:3:3:3:3:3:3:3:3:3:3:3:3:3:3:0:0:0:0:0:0:0:0:0:1:1:1:0:0:0:1:0:0:0:1:0:0:0:0:0:23:,24,57.0,1.0,
Q,0,24,explore:3:3:3:3:3:3:3:3:3:3:3:3:3:3:3:3:3:3:3:3:3:3:3:3:3:0:0:0:0:0:0:0:0:0:1:1:1:0:0:0:1:0:0:0:1:0:0:0:0:0:23:,4,0.0,1.0,

Q,0,24,explore:3:3:3:3:3:3:3:3:3:3:3:3:3:3:2:3:3:3:2:3:3:3:3:3:3:0:0:0:0:0:0:1:0:0:1:0:0:0:1:0:1:0:0:1:1:0:0:0:0:0:23:,24,57.0,1.0,


Q,0,25,explore:3:3:3:3:3:3:3:3:3:3:3:3:3:3:3:3:3:3:3:3:3:3:3:3:3:0:0:0:0:0:0:0:0:0:1:1:1:0:0:0:1:0:0:0:1:0:0:0:0:0:24:,25,57.05859375,1.0,
Q,0,25,explore:3:3:3:3:3:3:3:3:3:3:3:3:3:3:3:3:3:3:3:3:3:3:3:3:3:0:0:0:0:0:0:0:0:0:1:1:1:0:0:0:1:0:0:0:1:0:0:0:0:0:24:,6,0.234375,1.0,
