


Q,0,1,explore:3:3:3:3:3:3:3:3:3:3:3:3:3:3:2:3:3:3:3:3:3:3:3:3:3:0:0:0:0:0:0:0:0:0:0:1:0:0:0:1:1:0:0:1:1:0:0:0:0:0:0:,1,57.0,1.0,
Q,0,1,explore:3:3:3:3:3:3:3:3:3:3:3:3:3:3:2:3:3:3:3:3:3:3:3:3:3:0:0:0:0:0:0:0:0:0:0:1:0:0:0:1:1:0:0:1:1:0:0:0:0:0:0:,4,0.0,1.0,

Q,0,1,explore:3:3:3:3:3:3:3:3:3:3:3:3:3:3:3:3:3:3:3:3:3:3:3:3:3:0:0:0:0:0:0:0:0:0:1:0:1:0:0:0:1:0:0:1:1:0:0:0:0:0:0:,1,57.1875,1.0,
Q,0,1,explore:3:3:3:3:3:3:3:3:3:3:3:3:3:3:3:3:3:3:3:3:3:3:3:3:3:0:0:0:0:0:0:0:0:0:1:0:1:0:0:0:1:0:0:1:1:0:0:0:0:0:0:,14,1.5,1.0,


Q,0,2,explore:3:3:3:3:3:3:3:3:3:3:3:3:3:3:2:2:3:3:2:2:3:3:3:3:3:0:0:0:0:0:0:1:0:0:1:0:0:0:1:0:1:0:0:1:1:0:0:0:0:0:1:,2,57.0,1.0,
Q,0,2,explore:3:3:3:3:3:3:3:3:3:3:3:3:3:3:2:2:3:3:2:2:3:3:3:3:3:0:0:0:0:0:0:1:0:0:1:0:0:0:1:0:1:0:0:1:1:0:0:0:0:0:1:,7,0.0,1.0,

Q,0,2,explore:3:3:3:3:3:3:3:3:3:3:3:3:3:3:3:3:3:3:3:3:3:3:3:3:3:0:0:0:0:0:0:0:0:0:1:0:1:0:0:0:1:0:0:1:1:0:0:0:0:0:1:,16,0.0,1.0,
Q,0,2,explore:3:3:3:3:3:3:3:3:3:3:3:3:3:3:3:3:3:3:3:3:3:3:3:3:3:0:0:0:0:0:0:0:0:0:1:0:1:0:0:0:1:0:0:1:1:0:0:0:0:0:1:,2,57.0,1.0,

Q,0,2,explore:3:3:3:3:3:3:3:3:3:3:3:3:3:3:2:3:3:3:3:3:3:3:3:3:3:0:0:0:0:0:0:0:0:0:0:1:0:0:0:1:1:0:0:1:1:0:0:0:0:0:1:,2,57.0,1.0,


Q,0,3,explore:3:3:3:3:3:3:3:3:3:3:3:3:3:3:2:3:3:3:3:3:3:3:3:3:3:0:0:0:0:0:0:0:0:0:0:1:0:0:0:1:1:0:0:1:1:0:0:0:0:0:2:,24,0.392578125,1.0,
Q,0,3,explore:3:3:3:3:3:3:3:3:3:3:3:3:3:3:2:3:3:3:3:3:3:3:3:3:3:0:0:0:0:0:0:0:0:0:0:1:0:0:0:1:1:0:0:1:1:0:0:0:0:0:2:,2,12.5625,1.0,
Q,0,3,explore:3:3:3:3:3:3:3:3:3:3:3:3:3:3:2:3:3:3:3:3:3:3:3:3:3:0:0:0:0:0:0:0:0:0:0:1:0:0:0:1:1:0:0:1:1:0:0:0:0:0:2:,3,57.111328125,1.0,
Q,0,3,explore:3:3:3:3:3:3:3:3:3:3:3:3:3:3:2:3:3:3:3:3:3:3:3:3:3:0:0:0:0:0:0:0:0:0:0:1:0:0:0:1:1:0:0:1:1:0:0:0:0:0:2:,20,0.4453125,1.0,
Q,0,3,explore:3:3:3:3:3:3:3:3:3:3:3:3:3:3:2:3:3:3:3:3:3:3:3:3:3:0:0:0:0:0:0:0:0:0:0:1:0:0:0:1:1:0:0:1:1:0:0:0:0:0:2:,14,54.0009375,1.0,

Q,0,3,explore:3:3:3:3:3:3:3:3:3:3:3:3:3:3:3:3:3:3:3:3:3:3:3:3:3:0:0:0:0:0:0:0:0:0:1:0:1:0:0:0:1:0:0:1:1:0:0:0:0:0:2:,0,0.0,1.0,
Q,0,3,explore:3:3:3:3:3:3:3:3:3:3:3:3:3:3:3:3:3:3:3:3:3:3:3:3:3:0:0:0:0:0:0:0:0:0:1:0:1:0:0:0:1:0:0:1:1:0:0:0:0:0:2:,3,60.375,1.0,
Q,0,3,explore:3:3:3:3:3:3:3:3:3:3:3:3:3:3:3:3:3:3:3:3:3:3:3:3:3:0:0:0:0:0:0:0:0:0:1:0:1:0:0:0:1:0:0:1:1:0:0:0:0:0:2:,4,54.0,1.0,

Q,0,3,explore:3:3:3:3:3:3:3:3:3:3:3:3:3:3:3:3:3:3:3:3:3:3:3:3:3:0:0:0:0:0:0:0:0:0:0:1:0:0:0:1:1:0:0:1:1:0:0:0:0:0:2:,3,57.0,1.0,


Q,0,6,explore:3:3:3:3:3:3:3:3:3:3:3:3:3:3:2:2:3:3:2:3:3:3:3:3:3:0:0:0:0:0:0:1:0:0:1:0:0:0:1:0:1:0:0:1:1:0:0:0:0:0:5:,19,0.0,1.0,
Q,0,6,explore:3:3:3:3:3:3:3:3:3:3:3:3:3:3:2:2:3:3:2:3:3:3:3:3:3:0:0:0:0:0:0:1:0:0:1:0:0:0:1:0:1:0:0:1:1:0:0:0:0:0:5:,6,57.0,1.0,

Q,0,6,explore:3:3:3:3:3:3:3:3:3:3:3:2:3:3:2:2:3:3:2:2:3:3:3:3:3:0:0:0:0:0:0:1:0:0:1:0:0:0:1:0:1:0:0:1:1:0:0:0:0:0:5:,6,57.0,1.0,

Q,0,6,explore:3:3:3:3:3:3:3:3:3:3:3:3:3:3:2:3:3:3:3:3:3:3:3:3:3:0:0:0:0:0:0:0:0:0:0:1:0:0:0:1:1:0:0:1:1:0:0:0:0:0:5:,4,0.0,1.0,
Q,0,6,explore:3:3:3:3:3:3:3:3:3:3:3:3:3:3:2:3:3:3:3:3:3:3:3:3:3:0:0:0:0:0:0:0:0:0:0:1:0:0:0:1:1:0:0:1:1:0:0:0:0:0:5:,6,57.0,1.0,
Q,0,6,explore:3:3:3:3:3:3:3:3:3:3:3:3:3:3:2:3:3:3:3:3:3:3:3:3:3:0:0:0:0:0:0:0:0:0:0:1:0:0:0:1:1:0:0:1:1:0:0:0:0:0:5:,15,0.0,1.0,

Q,0,6,explore:3:3:3:3:3:3:3:3:3:3:3:3:3:3:2:2:3:3:2:2:3:3:3:3:3:0:0:0:0:0:0:1:0:0:1:0:0:0:1:0:1:0:0:1:1:0:0:0:0:0:5:,18,0.0,1.0,
Q,0,6,explore:3:3:3:3:3:3:3:3:3:3:3:3:3:3:2:2:3:3:2:2:3:3:3:3:3:0:0:0:0:0:0:1:0:0:1:0:0:0:1:0:1:0:0:1:1:0:0:0:0:0:5:,4,14.25,1.0,
Q,0,6,explore:3:3:3:3:3:3:3:3:3:3:3:3:3:3:2:2:3:3:2:2:3:3:3:3:3:0:0:0:0:0:0:1:0:0:1:0:0:0:1:0:1:0:0:1:1:0:0:0:0:0:5:,6,57.4453125,1.0,
Q,0,6,explore:3:3:3:3:3:3:3:3:3:3:3:3:3:3:2:2:3:3:2:2:3:3:3:3:3:0:0:0:0:0:0:1:0:0:1:0:0:0:1:0:1:0:0:1:1:0:0:0:0:0:5:,23,3.5625,1.0,


Q,0,7,explore:3:3:3:3:3:3:3:3:3:3:3:3:3:3:2:3:3:3:2:3:3:3:3:3:3:0:0:0:0:0:0:0:0:0:0:1:0:0:0:1:1:0:0:1:1:0:0:0:0:0:6:,17,0.0,1.0,
Q,0,7,explore:3:3:3:3:3:3:3:3:3:3:3:3:3:3:2:3:3:3:2:3:3:3:3:3:3:0:0:0:0:0:0:0:0:0:0:1:0:0:0:1:1:0:0:1:1:0:0:0:0:0:6:,7,57.0,1.0,

Q,0,7,explore:3:3:3:3:3:3:3:3:3:3:3:3:3:3:2:3:3:3:2:3:3:3:3:3:3:0:0:0:0:0:0:1:0:0:1:0:0:0:1:0:1:0:0:1:1:0:0:0:0:0:6:,11,50.2556835937,1.0,
Q,0,7,explore:3:3:3:3:3:3:3:3:3:3:3:3:3:3:2:3:3:3:2:3:3:3:3:3:3:0:0:0:0:0:0:1:0:0:1:0:0:0:1:0:1:0:0:1:1:0:0:0:0:0:6:,7,25.3178417969,1.0,

Q,0,7,explore:3:3:3:3:3:3:3:3:3:3:3:3:3:3:2:3:3:3:3:3:3:3:3:3:3:0:0:0:0:0:0:0:0:0:0:1:0:0:0:1:1:0:0:1:1:0:0:0:0:0:6:,25,0.0,1.0,
Q,0,7,explore:3:3:3:3:3:3:3:3:3:3:3:3:3:3:2:3:3:3:3:3:3:3:3:3:3:0:0:0:0:0:0:0:0:0:0:1:0:0:0:1:1:0:0:1:1:0:0:0:0:0:6:,26,0.0,1.0,
Q,0,7,explore:3:3:3:3:3:3:3:3:3:3:3:3:3:3:2:3:3:3:3:3:3:3:3:3:3:0:0:0:0:0:0:0:0:0:0:1:0:0:0:1:1:0:0:1:1:0:0:0:0:0:6:,22,0.0,1.0,
Q,0,7,explore:3:3:3:3:3:3:3:3:3:3:3:3:3:3:2:3:3:3:3:3:3:3:3:3:3:0:0:0:0:0:0:0:0:0:0:1:0:0:0:1:1:0:0:1:1:0:0:0:0:0:6:,7,57.0,1.0,

Q,0,7,explore:3:3:3:3:3:3:3:3:3:3:3:3:3:3:3:3:3:3:3:3:3:3:3:3:3:0:0:0:0:0:0:0:0:0:0:1:0:0:0:1:1:0:0:1:1:0:0:0:0:0:6:,14,0.4453125,1.0,
Q,0,7,explore:3:3:3:3:3:3:3:3:3:3:3:3:3:3:3:3:3:3:3:3:3:3:3:3:3:0:0:0:0:0:0:0:0:0:0:1:0:0:0:1:1:0:0:1:1:0:0:0:0:0:6:,7,57.111328125,1.0,

Q,0,7,explore:3:3:3:3:3:3:3:3:3:3:3:2:3:2:2:2:3:3:2:2:3:3:3:3:3:0:0:0:0:0:0:1:0:0:1:0:0:0:1:0:1:0:0:1:1:0:0:0:0:0:6:,24,0.3125,1.0,
Q,0,7,explore:3:3:3:3:3:3:3:3:3:3:3:2:3:2:2:2:3:3:2:2:3:3:3:3:3:0:0:0:0:0:0:1:0:0:1:0:0:0:1:0:1:0:0:1:1:0:0:0:0:0:6:,7,0.268125,1.0,

Q,0,7,explore:3:3:3:3:3:3:3:3:3:3:3:3:3:3:2:2:3:3:2:2:3:3:3:3:3:0:0:0:0:0:0:1:0:0:1:0:0:0:1:0:1:0:0:1:1:0:0:0:0:0:6:,3,0.0,1.0,
Q,0,7,explore:3:3:3:3:3:3:3:3:3:3:3:3:3:3:2:2:3:3:2:2:3:3:3:3:3:0:0:0:0:0:0:1:0:0:1:0:0:0:1:0:1:0:0:1:1:0:0:0:0:0:6:,6,56.361328125,1.0,
Q,0,7,explore:3:3:3:3:3:3:3:3:3:3:3:3:3:3:2:2:3:3:2:2:3:3:3:3:3:0:0:0:0:0:0:1:0:0:1:0:0:0:1:0:1:0:0:1:1:0:0:0:0:0:6:,7,28.3706640625,1.0,


Q,0,8,explore:3:3:3:3:3:3:3:3:3:3:3:3:3:3:2:2:3:3:2:3:3:3:3:3:3:0:0:0:0:0:0:1:0:0:1:0:0:0:1:0:1:0:0:1:1:0:0:0:0:0:7:,8,57.4453125,1.0,
Q,0,8,explore:3:3:3:3:3:3:3:3:3:3:3:3:3:3:2:2:3:3:2:3:3:3:3:3:3:0:0:0:0:0:0:1:0:0:1:0:0:0:1:0:1:0:0:1:1:0:0:0:0:0:7:,14,3.5625,1.0,

Q,0,8,explore:3:3:3:3:3:3:3:3:3:3:3:3:3:3:2:3:3:3:3:3:3:3:3:3:3:0:0:0:0:0:0:0:0:0:0:1:0:0:0:1:1:0:0:1:1:0:0:0:0:0:7:,8,57.0,1.0,
Q,0,8,explore:3:3:3:3:3:3:3:3:3:3:3:3:3:3:2:3:3:3:3:3:3:3:3:3:3:0:0:0:0:0:0:0:0:0:0:1:0:0:0:1:1:0:0:1:1:0:0:0:0:0:7:,14,0.0,1.0,

Q,0,8,explore:3:3:3:3:3:3:3:3:3:3:3:3:3:3:2:3:3:3:2:3:3:3:3:3:3:0:0:0:0:0:0:1:0:0:1:0:0:0:1:0:1:0:0:1:1:0:0:0:0:0:7:,8,57.0,1.0,
Q,0,8,explore:3:3:3:3:3:3:3:3:3:3:3:3:3:3:2:3:3:3:2:3:3:3:3:3:3:0:0:0:0:0:0:1:0:0:1:0:0:0:1:0:1:0:0:1:1:0:0:0:0:0:7:,14,0.0,1.0,

Q,0,8,explore:3:3:3:3:3:3:3:3:3:3:3:3:3:3:3:3:3:3:3:3:3:3:3:3:3:0:0:0:0:0:0:0:0:0:1:0:1:0:0:0:1:0:0:1:1:0:0:0:0:0:7:,8,57.0,1.0,
Q,0,8,explore:3:3:3:3:3:3:3:3:3:3:3:3:3:3:3:3:3:3:3:3:3:3:3:3:3:0:0:0:0:0:0:0:0:0:1:0:1:0:0:0:1:0:0:1:1:0:0:0:0:0:7:,4,0.0,1.0,

Q,0,8,explore:3:3:3:3:3:3:3:3:3:3:3:3:3:3:2:2:3:3:2:2:3:3:3:3:3:0:0:0:0:0:0:1:0:0:1:0:0:0:1:0:1:0:0:1:1:0:0:0:0:0:7:,8,57.0,1.0,
Q,0,8,explore:3:3:3:3:3:3:3:3:3:3:3:3:3:3:2:2:3:3:2:2:3:3:3:3:3:0:0:0:0:0:0:1:0:0:1:0:0:0:1:0:1:0:0:1:1:0:0:0:0:0:7:,26,0.0,1.0,
Q,0,8,explore:3:3:3:3:3:3:3:3:3:3:3:3:3:3:2:2:3:3:2:2:3:3:3:3:3:0:0:0:0:0:0:1:0:0:1:0:0:0:1:0:1:0:0:1:1:0:0:0:0:0:7:,3,0.0,1.0,


Q,0,9,explore:3:3:3:3:3:3:3:3:3:3:3:3:3:3:2:3:3:3:2:3:3:3:3:3:3:0:0:0:0:0:0:1:0:0:1:0:0:0:1:0:1:0:0:1:1:0:0:0:0:0:8:,9,64.125,1.0,
Q,0,9,explore:3:3:3:3:3:3:3:3:3:3:3:3:3:3:2:3:3:3:2:3:3:3:3:3:3:0:0:0:0:0:0:1:0:0:1:0:0:0:1:0:1:0:0:1:1:0:0:0:0:0:8:,6,14.25,1.0,

Q,0,9,explore:3:3:3:3:3:3:3:3:3:3:3:3:3:3:2:2:3:3:2:2:3:3:3:3:3:0:0:0:0:0:0:1:0:0:1:0:0:0:1:0:1:0:0:1:1:0:0:0:0:0:8:,9,57.078125,1.0,
Q,0,9,explore:3:3:3:3:3:3:3:3:3:3:3:3:3:3:2:2:3:3:2:2:3:3:3:3:3:0:0:0:0:0:0:1:0:0:1:0:0:0:1:0:1:0:0:1:1:0:0:0:0:0:8:,11,0.3125,1.0,

Q,0,9,explore:3:3:3:3:3:3:3:3:3:3:3:2:3:3:2:2:3:3:2:2:3:3:3:3:3:0:0:0:0:0:0:1:0:0:1:0:0:0:1:0:1:0:0:1:1:0:0:0:0:0:8:,9,57.8056640625,1.0,
Q,0,9,explore:3:3:3:3:3:3:3:3:3:3:3:2:3:3:2:2:3:3:2:2:3:3:3:3:3:0:0:0:0:0:0:1:0:0:1:0:0:0:1:0:1:0:0:1:1:0:0:0:0:0:8:,2,1.611328125,1.0,

Q,0,9,explore:3:3:3:3:3:3:3:3:3:3:3:3:3:3:2:2:3:3:2:3:3:3:3:3:3:0:0:0:0:0:0:1:0:0:1:0:0:0:1:0:1:0:0:1:1:0:0:0:0:0:8:,8,71.361328125,1.0,
Q,0,9,explore:3:3:3:3:3:3:3:3:3:3:3:3:3:3:2:2:3:3:2:3:3:3:3:3:3:0:0:0:0:0:0:1:0:0:1:0:0:0:1:0:1:0:0:1:1:0:0:0:0:0:8:,9,92.6806640625,1.0,


Q,0,10,explore:3:3:3:3:3:3:3:3:3:3:3:3:3:3:2:2:3:3:2:2:3:3:3:3:3:0:0:0:0:0:0:1:0:0:1:0:0:0:1:0:1:0:0:1:1:0:0:0:0:0:9:,0,0.0,1.0,
Q,0,10,explore:3:3:3:3:3:3:3:3:3:3:3:3:3:3:2:2:3:3:2:2:3:3:3:3:3:0:0:0:0:0:0:1:0:0:1:0:0:0:1:0:1:0:0:1:1:0:0:0:0:0:9:,7,0.05,1.0,
Q,0,10,explore:3:3:3:3:3:3:3:3:3:3:3:3:3:3:2:2:3:3:2:2:3:3:3:3:3:0:0:0:0:0:0:1:0:0:1:0:0:0:1:0:1:0:0:1:1:0:0:0:0:0:9:,10,1.69,1.0,
Q,0,10,explore:3:3:3:3:3:3:3:3:3:3:3:3:3:3:2:2:3:3:2:2:3:3:3:3:3:0:0:0:0:0:0:1:0:0:1:0:0:0:1:0:1:0:0:1:1:0:0:0:0:0:9:,12,0.0,1.0,
Q,0,10,explore:3:3:3:3:3:3:3:3:3:3:3:3:3:3:2:2:3:3:2:2:3:3:3:3:3:0:0:0:0:0:0:1:0:0:1:0:0:0:1:0:1:0:0:1:1:0:0:0:0:0:9:,15,6.0,1.0,
Q,0,10,explore:3:3:3:3:3:3:3:3:3:3:3:3:3:3:2:2:3:3:2:2:3:3:3:3:3:0:0:0:0:0:0:1:0:0:1:0:0:0:1:0:1:0:0:1:1:0:0:0:0:0:9:,20,0.0,1.0,

Q,0,10,explore:3:3:3:3:3:3:3:3:3:3:3:3:3:3:2:2:3:3:2:3:3:3:3:3:3:0:0:0:0:0:0:1:0:0:1:0:0:0:1:0:1:0:0:1:1:0:0:0:0:0:9:,10,14.72125,1.0,
Q,0,10,explore:3:3:3:3:3:3:3:3:3:3:3:3:3:3:2:2:3:3:2:3:3:3:3:3:3:0:0:0:0:0:0:1:0:0:1:0:0:0:1:0:1:0:0:1:1:0:0:0:0:0:9:,6,58.125,1.0,

Q,0,10,explore:3:3:3:3:3:3:3:3:3:3:3:3:3:3:2:3:3:3:2:3:3:3:3:3:3:0:0:0:0:0:0:1:0:0:1:0:0:0:1:0:1:0:0:1:1:0:0:0:0:0:9:,10,0.19,1.0,

Q,0,10,explore:3:3:3:3:3:3:3:3:3:3:3:3:3:3:3:3:3:3:3:3:3:3:3:3:3:0:0:0:0:0:0:0:0:0:0:1:0:0:0:1:1:0:0:1:1:0:0:0:0:0:9:,17,0.0,1.0,
Q,0,10,explore:3:3:3:3:3:3:3:3:3:3:3:3:3:3:3:3:3:3:3:3:3:3:3:3:3:0:0:0:0:0:0:0:0:0:0:1:0:0:0:1:1:0:0:1:1:0:0:0:0:0:9:,10,57.0,1.0,
Q,0,10,explore:3:3:3:3:3:3:3:3:3:3:3:3:3:3:3:3:3:3:3:3:3:3:3:3:3:0:0:0:0:0:0:0:0:0:0:1:0:0:0:1:1:0:0:1:1:0:0:0:0:0:9:,4,3.5625,1.0,
Q,0,10,explore:3:3:3:3:3:3:3:3:3:3:3:3:3:3:3:3:3:3:3:3:3:3:3:3:3:0:0:0:0:0:0:0:0:0:0:1:0:0:0:1:1:0:0:1:1:0:0:0:0:0:9:,18,0.0,1.0,
Q,0,10,explore:3:3:3:3:3:3:3:3:3:3:3:3:3:3:3:3:3:3:3:3:3:3:3:3:3:0:0:0:0:0:0:0:0:0:0:1:0:0:0:1:1:0:0:1:1:0:0:0:0:0:9:,9,28.5556640625,1.0,

Q,0,10,explore:3:3:3:3:3:3:3:3:3:3:3:3:3:3:3:3:3:3:3:3:3:3:3:3:3:0:0:0:0:0:0:0:0:0:1:0:1:0:0:0:1:0:0:1:1:0:0:0:0:0:9:,1,23.296875,1.0,
Q,0,10,explore:3:3:3:3:3:3:3:3:3:3:3:3:3:3:3:3:3:3:3:3:3:3:3:3:3:0:0:0:0:0:0:0:0:0:1:0:1:0:0:0:1:0:0:1:1:0:0:0:0:0:9:,3,0.0,1.0,
Q,0,10,explore:3:3:3:3:3:3:3:3:3:3:3:3:3:3:3:3:3:3:3:3:3:3:3:3:3:0:0:0:0:0:0:0:0:0:1:0:1:0:0:0:1:0:0:1:1:0:0:0:0:0:9:,6,24.0,1.0,
Q,0,10,explore:3:3:3:3:3:3:3:3:3:3:3:3:3:3:3:3:3:3:3:3:3:3:3:3:3:0:0:0:0:0:0:0:0:0:1:0:1:0:0:0:1:0:0:1:1:0:0:0:0:0:9:,10,11.8384375,1.0,
Q,0,10,explore:3:3:3:3:3:3:3:3:3:3:3:3:3:3:3:3:3:3:3:3:3:3:3:3:3:0:0:0:0:0:0:0:0:0:1:0:1:0:0:0:1:0:0:1:1:0:0:0:0:0:9:,19,0.008984375,1.0,
Q,0,10,explore:3:3:3:3:3:3:3:3:3:3:3:3:3:3:3:3:3:3:3:3:3:3:3:3:3:0:0:0:0:0:0:0:0:0:1:0:1:0:0:0:1:0:0:1:1:0:0:0:0:0:9:,20,3.515625,1.0,

Q,0,10,explore:3:3:3:3:3:3:3:3:3:3:3:2:3:3:2:2:3:3:2:2:3:3:3:3:3:0:0:0:0:0:0:1:0:0:1:0:0:0:1:0:1:0:0:1:1:0:0:0:0:0:9:,10,0.19,1.0,

Q,0,10,explore:3:3:3:3:3:3:3:3:3:3:3:3:3:3:2:3:3:3:3:3:3:3:3:3:3:0:0:0:0:0:0:0:0:0:0:1:0:0:0:1:1:0:0:1:1:0:0:0:0:0:9:,1,7.125,1.0,
Q,0,10,explore:3:3:3:3:3:3:3:3:3:3:3:3:3:3:2:3:3:3:3:3:3:3:3:3:3:0:0:0:0:0:0:0:0:0:0:1:0:0:0:1:1:0:0:1:1:0:0:0:0:0:9:,3,37.5556640625,1.0,
Q,0,10,explore:3:3:3:3:3:3:3:3:3:3:3:3:3:3:2:3:3:3:3:3:3:3:3:3:3:0:0:0:0:0:0:0:0:0:0:1:0:0:0:1:1:0:0:1:1:0:0:0:0:0:9:,4,13.500234375,1.0,
Q,0,10,explore:3:3:3:3:3:3:3:3:3:3:3:3:3:3:2:3:3:3:3:3:3:3:3:3:3:0:0:0:0:0:0:0:0:0:0:1:0:0:0:1:1:0:0:1:1:0:0:0:0:0:9:,6,34.125,1.0,
Q,0,10,explore:3:3:3:3:3:3:3:3:3:3:3:3:3:3:2:3:3:3:3:3:3:3:3:3:3:0:0:0:0:0:0:0:0:0:0:1:0:0:0:1:1:0:0:1:1:0:0:0:0:0:9:,7,49.5,1.0,
Q,0,10,explore:3:3:3:3:3:3:3:3:3:3:3:3:3:3:2:3:3:3:3:3:3:3:3:3:3:0:0:0:0:0:0:0:0:0:0:1:0:0:0:1:1:0:0:1:1:0:0:0:0:0:9:,8,0.0,1.0,
Q,0,10,explore:3:3:3:3:3:3:3:3:3:3:3:3:3:3:2:3:3:3:3:3:3:3:3:3:3:0:0:0:0:0:0:0:0:0:0:1:0:0:0:1:1:0:0:1:1:0:0:0:0:0:9:,9,0.0,1.0,
Q,0,10,explore:3:3:3:3:3:3:3:3:3:3:3:3:3:3:2:3:3:3:3:3:3:3:3:3:3:0:0:0:0:0:0:0:0:0:0:1:0:0:0:1:1:0:0:1:1:0:0:0:0:0:9:,10,65.53125,1.0,
Q,0,10,explore:3:3:3:3:3:3:3:3:3:3:3:3:3:3:2:3:3:3:3:3:3:3:3:3:3:0:0:0:0:0:0:0:0:0:0:1:0:0:0:1:1:0:0:1:1:0:0:0:0:0:9:,13,0.0,1.0,
Q,0,10,explore:3:3:3:3:3:3:3:3:3:3:3:3:3:3:2:3:3:3:3:3:3:3:3:3:3:0:0:0:0:0:0:0:0:0:0:1:0:0:0:1:1:0:0:1:1:0:0:0:0:0:9:,16,0.0,1.0,
Q,0,10,explore:3:3:3:3:3:3:3:3:3:3:3:3:3:3:2:3:3:3:3:3:3:3:3:3:3:0:0:0:0:0:0:0:0:0:0:1:0:0:0:1:1:0:0:1:1:0:0:0:0:0:9:,23,0.0,1.0,
Q,0,10,explore:3:3:3:3:3:3:3:3:3:3:3:3:3:3:2:3:3:3:3:3:3:3:3:3:3:0:0:0:0:0:0:0:0:0:0:1:0:0:0:1:1:0:0:1:1:0:0:0:0:0:9:,24,0.0,1.0,


Q,0,11,explore:3:3:3:3:3:3:3:3:3:3:3:3:3:3:2:2:3:3:2:2:3:3:3:3:3:0:0:0:0:0:0:1:0:0:1:0:0:0:1:0:1:0:0:1:1:0:0:0:0:0:10:,0,0.0,1.0,
Q,0,11,explore:3:3:3:3:3:3:3:3:3:3:3:3:3:3:2:2:3:3:2:2:3:3:3:3:3:0:0:0:0:0:0:1:0:0:1:0:0:0:1:0:1:0:0:1:1:0:0:0:0:0:10:,2,0.0,1.0,
Q,0,11,explore:3:3:3:3:3:3:3:3:3:3:3:3:3:3:2:2:3:3:2:2:3:3:3:3:3:0:0:0:0:0:0:1:0:0:1:0:0:0:1:0:1:0:0:1:1:0:0:0:0:0:10:,6,7.125,1.0,
Q,0,11,explore:3:3:3:3:3:3:3:3:3:3:3:3:3:3:2:2:3:3:2:2:3:3:3:3:3:0:0:0:0:0:0:1:0:0:1:0:0:0:1:0:1:0:0:1:1:0:0:0:0:0:10:,10,0.12,1.0,
Q,0,11,explore:3:3:3:3:3:3:3:3:3:3:3:3:3:3:2:2:3:3:2:2:3:3:3:3:3:0:0:0:0:0:0:1:0:0:1:0:0:0:1:0:1:0:0:1:1:0:0:0:0:0:10:,11,57.0,1.0,
Q,0,11,explore:3:3:3:3:3:3:3:3:3:3:3:3:3:3:2:2:3:3:2:2:3:3:3:3:3:0:0:0:0:0:0:1:0:0:1:0:0:0:1:0:1:0:0:1:1:0:0:0:0:0:10:,25,0.0,1.0,

Q,0,11,explore:3:3:3:3:3:3:3:3:3:3:3:3:3:3:2:2:3:3:2:3:3:3:3:3:3:0:0:0:0:0:0:1:0:0:1:0:0:0:1:0:1:0:0:1:1:0:0:0:0:0:10:,11,57.0,1.0,

Q,0,11,explore:3:3:3:3:3:3:3:3:3:3:3:3:3:3:2:3:3:3:2:3:3:3:3:3:3:0:0:0:0:0:0:1:0:0:1:0:0:0:1:0:1:0:0:1:1:0:0:0:0:0:10:,10,0.181875,1.0,
Q,0,11,explore:3:3:3:3:3:3:3:3:3:3:3:3:3:3:2:3:3:3:2:3:3:3:3:3:3:0:0:0:0:0:0:1:0:0:1:0:0:0:1:0:1:0:0:1:1:0:0:0:0:0:10:,11,57.022734375,1.0,
Q,0,11,explore:3:3:3:3:3:3:3:3:3:3:3:3:3:3:2:3:3:3:2:3:3:3:3:3:3:0:0:0:0:0:0:1:0:0:1:0:0:0:1:0:1:0:0:1:1:0:0:0:0:0:10:,22,0.0,1.0,

Q,0,11,explore:3:3:3:3:3:3:3:3:3:3:3:3:3:3:3:3:3:3:3:3:3:3:3:3:3:0:0:0:0:0:0:0:0:0:1:0:1:0:0:0:1:0:0:1:1:0:0:0:0:0:10:,3,6.0,1.0,
Q,0,11,explore:3:3:3:3:3:3:3:3:3:3:3:3:3:3:3:3:3:3:3:3:3:3:3:3:3:0:0:0:0:0:0:0:0:0:1:0:1:0:0:0:1:0:0:1:1:0:0:0:0:0:10:,11,57.0556640625,1.0,
Q,0,11,explore:3:3:3:3:3:3:3:3:3:3:3:3:3:3:3:3:3:3:3:3:3:3:3:3:3:0:0:0:0:0:0:0:0:0:1:0:1:0:0:0:1:0:0:1:1:0:0:0:0:0:10:,14,30.5625,1.0,
Q,0,11,explore:3:3:3:3:3:3:3:3:3:3:3:3:3:3:3:3:3:3:3:3:3:3:3:3:3:0:0:0:0:0:0:0:0:0:1:0:1:0:0:0:1:0:0:1:1:0:0:0:0:0:10:,15,57.0,1.0,
Q,0,11,explore:3:3:3:3:3:3:3:3:3:3:3:3:3:3:3:3:3:3:3:3:3:3:3:3:3:0:0:0:0:0:0:0:0:0:1:0:1:0:0:0:1:0:0:1:1:0:0:0:0:0:10:,17,0.0,1.0,
Q,0,11,explore:3:3:3:3:3:3:3:3:3:3:3:3:3:3:3:3:3:3:3:3:3:3:3:3:3:0:0:0:0:0:0:0:0:0:1:0:1:0:0:0:1:0:0:1:1:0:0:0:0:0:10:,19,0.133828125,1.0,
Q,0,11,explore:3:3:3:3:3:3:3:3:3:3:3:3:3:3:3:3:3:3:3:3:3:3:3:3:3:0:0:0:0:0:0:0:0:0:1:0:1:0:0:0:1:0:0:1:1:0:0:0:0:0:10:,21,0.0,1.0,
Q,0,11,explore:3:3:3:3:3:3:3:3:3:3:3:3:3:3:3:3:3:3:3:3:3:3:3:3:3:0:0:0:0:0:0:0:0:0:1:0:1:0:0:0:1:0:0:1:1:0:0:0:0:0:10:,24,0.111328125,1.0,
Q,0,11,explore:3:3:3:3:3:3:3:3:3:3:3:3:3:3:3:3:3:3:3:3:3:3:3:3:3:0:0:0:0:0:0:0:0:0:1:0:1:0:0:0:1:0:0:1:1:0:0:0:0:0:10:,26,7.125,1.0,

Q,0,11,explore:3:3:3:3:3:3:3:3:3:3:3:3:3:3:3:3:3:3:3:3:3:3:3:3:3:0:0:0:0:0:0:0:0:0:0:1:0:0:0:1:1:0:0:1:1:0:0:0:0:0:10:,11,1.97125,1.0,
Q,0,11,explore:3:3:3:3:3:3:3:3:3:3:3:3:3:3:3:3:3:3:3:3:3:3:3:3:3:0:0:0:0:0:0:0:0:0:0:1:0:0:0:1:1:0:0:1:1:0:0:0:0:0:10:,22,7.125,1.0,

Q,0,11,explore:3:3:3:3:3:3:3:3:3:3:3:2:3:3:2:2:3:3:2:2:3:3:3:3:3:0:0:0:0:0:0:1:0:0:1:0:0:0:1:0:1:0:0:1:1:0:0:0:0:0:10:,11,57.0067903646,1.0,
Q,0,11,explore:3:3:3:3:3:3:3:3:3:3:3:2:3:3:2:2:3:3:2:2:3:3:3:3:3:0:0:0:0:0:0:1:0:0:1:0:0:0:1:0:1:0:0:1:1:0:0:0:0:0:10:,6,51.5625,1.0,
Q,0,11,explore:3:3:3:3:3:3:3:3:3:3:3:2:3:3:2:2:3:3:2:2:3:3:3:3:3:0:0:0:0:0:0:1:0:0:1:0:0:0:1:0:1:0:0:1:1:0:0:0:0:0:10:,23,0.0135807291667,1.0,

Q,0,11,explore:3:3:3:3:3:3:3:3:3:3:3:3:3:3:2:3:3:3:3:3:3:3:3:3:3:0:0:0:0:0:0:0:0:0:0:1:0:0:0:1:1:0:0:1:1:0:0:0:0:0:10:,1,0.0,1.0,
Q,0,11,explore:3:3:3:3:3:3:3:3:3:3:3:3:3:3:2:3:3:3:3:3:3:3:3:3:3:0:0:0:0:0:0:0:0:0:0:1:0:0:0:1:1:0:0:1:1:0:0:0:0:0:10:,2,0.0,1.0,
Q,0,11,explore:3:3:3:3:3:3:3:3:3:3:3:3:3:3:2:3:3:3:3:3:3:3:3:3:3:0:0:0:0:0:0:0:0:0:0:1:0:0:0:1:1:0:0:1:1:0:0:0:0:0:10:,10,0.0,1.0,
Q,0,11,explore:3:3:3:3:3:3:3:3:3:3:3:3:3:3:2:3:3:3:3:3:3:3:3:3:3:0:0:0:0:0:0:0:0:0:0:1:0:0:0:1:1:0:0:1:1:0:0:0:0:0:10:,11,6.2603125,1.0,
Q,0,11,explore:3:3:3:3:3:3:3:3:3:3:3:3:3:3:2:3:3:3:3:3:3:3:3:3:3:0:0:0:0:0:0:0:0:0:0:1:0:0:0:1:1:0:0:1:1:0:0:0:0:0:10:,12,48.5625,1.0,
Q,0,11,explore:3:3:3:3:3:3:3:3:3:3:3:3:3:3:2:3:3:3:3:3:3:3:3:3:3:0:0:0:0:0:0:0:0:0:0:1:0:0:0:1:1:0:0:1:1:0:0:0:0:0:10:,13,0.141328125,1.0,
Q,0,11,explore:3:3:3:3:3:3:3:3:3:3:3:3:3:3:2:3:3:3:3:3:3:3:3:3:3:0:0:0:0:0:0:0:0:0:0:1:0:0:0:1:1:0:0:1:1:0:0:0:0:0:10:,15,0.12,1.0,
Q,0,11,explore:3:3:3:3:3:3:3:3:3:3:3:3:3:3:2:3:3:3:3:3:3:3:3:3:3:0:0:0:0:0:0:0:0:0:0:1:0:0:0:1:1:0:0:1:1:0:0:0:0:0:10:,17,0.0,1.0,
Q,0,11,explore:3:3:3:3:3:3:3:3:3:3:3:3:3:3:2:3:3:3:3:3:3:3:3:3:3:0:0:0:0:0:0:0:0:0:0:1:0:0:0:1:1:0:0:1:1:0:0:0:0:0:10:,21,0.0,1.0,
Q,0,11,explore:3:3:3:3:3:3:3:3:3:3:3:3:3:3:2:3:3:3:3:3:3:3:3:3:3:0:0:0:0:0:0:0:0:0:0:1:0:0:0:1:1:0:0:1:1:0:0:0:0:0:10:,23,0.0,1.0,
Q,0,11,explore:3:3:3:3:3:3:3:3:3:3:3:3:3:3:2:3:3:3:3:3:3:3:3:3:3:0:0:0:0:0:0:0:0:0:0:1:0:0:0:1:1:0:0:1:1:0:0:0:0:0:10:,24,0.0,1.0,
Q,0,11,explore:3:3:3:3:3:3:3:3:3:3:3:3:3:3:2:3:3:3:3:3:3:3:3:3:3:0:0:0:0:0:0:0:0:0:0:1:0:0:0:1:1:0:0:1:1:0:0:0:0:0:10:,25,0.0,1.0,

Q,0,11,explore:3:3:3:3:3:3:3:3:3:3:3:3:3:3:2:3:3:3:2:3:3:3:3:3:3:0:0:0:0:0:0:0:0:0:0:1:0:0:0:1:1:0:0:1:1:0:0:0:0:0:10:,11,0.261041666667,1.0,
Q,0,11,explore:3:3:3:3:3:3:3:3:3:3:3:3:3:3:2:3:3:3:2:3:3:3:3:3:3:0:0:0:0:0:0:0:0:0:0:1:0:0:0:1:1:0:0:1:1:0:0:0:0:0:10:,15,0.284166666667,1.0,


Q,0,12,explore:3:3:3:3:3:3:3:3:3:3:3:3:3:3:2:2:3:3:2:3:3:3:3:3:3:0:0:0:0:0:0:1:0:0:1:0:0:0:1:0:1:0:0:1:1:0:0:0:0:0:11:,9,101.680664062,1.0,
Q,0,12,explore:3:3:3:3:3:3:3:3:3:3:3:3:3:3:2:2:3:3:2:3:3:3:3:3:3:0:0:0:0:0:0:1:0:0:1:0:0:0:1:0:1:0:0:1:1:0:0:0:0:0:11:,12,77.02421875,1.0,
Q,0,12,explore:3:3:3:3:3:3:3:3:3:3:3:3:3:3:2:2:3:3:2:3:3:3:3:3:3:0:0:0:0:0:0:1:0:0:1:0:0:0:1:0:1:0:0:1:1:0:0:0:0:0:11:,14,7.360625,1.0,
Q,0,12,explore:3:3:3:3:3:3:3:3:3:3:3:3:3:3:2:2:3:3:2:3:3:3:3:3:3:0:0:0:0:0:0:1:0:0:1:0:0:0:1:0:1:0:0:1:1:0:0:0:0:0:11:,22,20.02421875,1.0,
Q,0,12,explore:3:3:3:3:3:3:3:3:3:3:3:3:3:3:2:2:3:3:2:3:3:3:3:3:3:0:0:0:0:0:0:1:0:0:1:0:0:0:1:0:1:0:0:1:1:0:0:0:0:0:11:,5,0.126373697917,1.0,

Q,0,12,explore:3:3:3:3:3:3:3:3:3:3:3:3:3:3:2:2:3:3:2:2:3:3:3:3:3:0:0:0:0:0:0:1:0:0:1:0:0:0:1:0:1:0:0:1:1:0:0:0:0:0:11:,0,2.5,1.0,
Q,0,12,explore:3:3:3:3:3:3:3:3:3:3:3:3:3:3:2:2:3:3:2:2:3:3:3:3:3:0:0:0:0:0:0:1:0:0:1:0:0:0:1:0:1:0:0:1:1:0:0:0:0:0:11:,1,28.3706640625,1.0,
Q,0,12,explore:3:3:3:3:3:3:3:3:3:3:3:3:3:3:2:2:3:3:2:2:3:3:3:3:3:0:0:0:0:0:0:1:0:0:1:0:0:0:1:0:1:0:0:1:1:0:0:0:0:0:11:,2,0.06,1.0,
Q,0,12,explore:3:3:3:3:3:3:3:3:3:3:3:3:3:3:2:2:3:3:2:2:3:3:3:3:3:0:0:0:0:0:0:1:0:0:1:0:0:0:1:0:1:0:0:1:1:0:0:0:0:0:11:,5,0.0634114583333,1.0,
Q,0,12,explore:3:3:3:3:3:3:3:3:3:3:3:3:3:3:2:2:3:3:2:2:3:3:3:3:3:0:0:0:0:0:0:1:0:0:1:0:0:0:1:0:1:0:0:1:1:0:0:0:0:0:11:,7,0.08,1.0,
Q,0,12,explore:3:3:3:3:3:3:3:3:3:3:3:3:3:3:2:2:3:3:2:2:3:3:3:3:3:0:0:0:0:0:0:1:0:0:1:0:0:0:1:0:1:0:0:1:1:0:0:0:0:0:11:,8,87.0,1.0,
Q,0,12,explore:3:3:3:3:3:3:3:3:3:3:3:3:3:3:2:2:3:3:2:2:3:3:3:3:3:0:0:0:0:0:0:1:0:0:1:0:0:0:1:0:1:0:0:1:1:0:0:0:0:0:11:,9,43.5390625,1.0,
Q,0,12,explore:3:3:3:3:3:3:3:3:3:3:3:3:3:3:2:2:3:3:2:2:3:3:3:3:3:0:0:0:0:0:0:1:0:0:1:0:0:0:1:0:1:0:0:1:1:0:0:0:0:0:11:,10,0.0,1.0,
Q,0,12,explore:3:3:3:3:3:3:3:3:3:3:3:3:3:3:2:2:3:3:2:2:3:3:3:3:3:0:0:0:0:0:0:1:0:0:1:0:0:0:1:0:1:0:0:1:1:0:0:0:0:0:11:,11,43.125,1.0,
Q,0,12,explore:3:3:3:3:3:3:3:3:3:3:3:3:3:3:2:2:3:3:2:2:3:3:3:3:3:0:0:0:0:0:0:1:0:0:1:0:0:0:1:0:1:0:0:1:1:0:0:0:0:0:11:,12,100.5390625,1.0,
Q,0,12,explore:3:3:3:3:3:3:3:3:3:3:3:3:3:3:2:2:3:3:2:2:3:3:3:3:3:0:0:0:0:0:0:1:0:0:1:0:0:0:1:0:1:0:0:1:1:0:0:0:0:0:11:,14,0.845,1.0,
Q,0,12,explore:3:3:3:3:3:3:3:3:3:3:3:3:3:3:2:2:3:3:2:2:3:3:3:3:3:0:0:0:0:0:0:1:0:0:1:0:0:0:1:0:1:0:0:1:1:0:0:0:0:0:11:,15,0.0,1.0,
Q,0,12,explore:3:3:3:3:3:3:3:3:3:3:3:3:3:3:2:2:3:3:2:2:3:3:3:3:3:0:0:0:0:0:0:1:0:0:1:0:0:0:1:0:1:0:0:1:1:0:0:0:0:0:11:,17,72.0714973958,1.0,
Q,0,12,explore:3:3:3:3:3:3:3:3:3:3:3:3:3:3:2:2:3:3:2:2:3:3:3:3:3:0:0:0:0:0:0:1:0:0:1:0:0:0:1:0:1:0:0:1:1:0:0:0:0:0:11:,20,0.0,1.0,
Q,0,12,explore:3:3:3:3:3:3:3:3:3:3:3:3:3:3:2:2:3:3:2:2:3:3:3:3:3:0:0:0:0:0:0:1:0:0:1:0:0:0:1:0:1:0:0:1:1:0:0:0:0:0:11:,21,0.00947916666667,1.0,
Q,0,12,explore:3:3:3:3:3:3:3:3:3:3:3:3:3:3:2:2:3:3:2:2:3:3:3:3:3:0:0:0:0:0:0:1:0:0:1:0:0:0:1:0:1:0:0:1:1:0:0:0:0:0:11:,23,0.025,1.0,
Q,0,12,explore:3:3:3:3:3:3:3:3:3:3:3:3:3:3:2:2:3:3:2:2:3:3:3:3:3:0:0:0:0:0:0:1:0:0:1:0:0:0:1:0:1:0:0:1:1:0:0:0:0:0:11:,24,0.0189583333333,1.0,
Q,0,12,explore:3:3:3:3:3:3:3:3:3:3:3:3:3:3:2:2:3:3:2:2:3:3:3:3:3:0:0:0:0:0:0:1:0:0:1:0:0:0:1:0:1:0:0:1:1:0:0:0:0:0:11:,26,0.06,1.0,

Q,0,12,explore:3:3:3:3:3:3:3:3:3:3:3:2:3:2:2:2:3:3:2:2:3:3:3:3:3:0:0:0:0:0:0:1:0:0:1:0:0:0:1:0:1:0:0:1:1:0:0:0:0:0:11:,0,0.123333333333,1.0,
Q,0,12,explore:3:3:3:3:3:3:3:3:3:3:3:2:3:2:2:2:3:3:2:2:3:3:3:3:3:0:0:0:0:0:0:1:0:0:1:0:0:0:1:0:1:0:0:1:1:0:0:0:0:0:11:,5,31.0019986979,1.0,
Q,0,12,explore:3:3:3:3:3:3:3:3:3:3:3:2:3:2:2:2:3:3:2:2:3:3:3:3:3:0:0:0:0:0:0:1:0:0:1:0:0:0:1:0:1:0:0:1:1:0:0:0:0:0:11:,6,0.1340625,1.0,
Q,0,12,explore:3:3:3:3:3:3:3:3:3:3:3:2:3:2:2:2:3:3:2:2:3:3:3:3:3:0:0:0:0:0:0:1:0:0:1:0:0:0:1:0:1:0:0:1:1:0:0:0:0:0:11:,12,38.1340625,1.0,
Q,0,12,explore:3:3:3:3:3:3:3:3:3:3:3:2:3:2:2:2:3:3:2:2:3:3:3:3:3:0:0:0:0:0:0:1:0:0:1:0:0:0:1:0:1:0:0:1:1:0:0:0:0:0:11:,13,103.000123698,1.0,
Q,0,12,explore:3:3:3:3:3:3:3:3:3:3:3:2:3:2:2:2:3:3:2:2:3:3:3:3:3:0:0:0:0:0:0:1:0:0:1:0:0:0:1:0:1:0:0:1:1:0:0:0:0:0:11:,22,0.000989583333333,1.0,
Q,0,12,explore:3:3:3:3:3:3:3:3:3:3:3:2:3:2:2:2:3:3:2:2:3:3:3:3:3:0:0:0:0:0:0:1:0:0:1:0:0:0:1:0:1:0:0:1:1:0:0:0:0:0:11:,23,2.5,1.0,

Q,0,12,explore:3:3:3:3:3:3:3:3:3:3:3:3:3:3:3:3:3:3:3:3:3:3:3:3:3:0:0:0:0:0:0:0:0:0:1:0:1:0:0:0:1:0:0:1:1:0:0:0:0:0:11:,0,1.78125,1.0,
Q,0,12,explore:3:3:3:3:3:3:3:3:3:3:3:3:3:3:3:3:3:3:3:3:3:3:3:3:3:0:0:0:0:0:0:0:0:0:1:0:1:0:0:0:1:0:0:1:1:0:0:0:0:0:11:,11,30.0,1.0,
Q,0,12,explore:3:3:3:3:3:3:3:3:3:3:3:3:3:3:3:3:3:3:3:3:3:3:3:3:3:0:0:0:0:0:0:0:0:0:1:0:1:0:0:0:1:0:0:1:1:0:0:0:0:0:11:,12,1.080625,1.0,
Q,0,12,explore:3:3:3:3:3:3:3:3:3:3:3:3:3:3:3:3:3:3:3:3:3:3:3:3:3:0:0:0:0:0:0:0:0:0:1:0:1:0:0:0:1:0:0:1:1:0:0:0:0:0:11:,13,56.390625,1.0,
Q,0,12,explore:3:3:3:3:3:3:3:3:3:3:3:3:3:3:3:3:3:3:3:3:3:3:3:3:3:0:0:0:0:0:0:0:0:0:1:0:1:0:0:0:1:0:0:1:1:0:0:0:0:0:11:,17,31.50296875,1.0,
Q,0,12,explore:3:3:3:3:3:3:3:3:3:3:3:3:3:3:3:3:3:3:3:3:3:3:3:3:3:0:0:0:0:0:0:0:0:0:1:0:1:0:0:0:1:0:0:1:1:0:0:0:0:0:11:,19,0.4775390625,1.0,
Q,0,12,explore:3:3:3:3:3:3:3:3:3:3:3:3:3:3:3:3:3:3:3:3:3:3:3:3:3:0:0:0:0:0:0:0:0:0:1:0:1:0:0:0:1:0:0:1:1:0:0:0:0:0:11:,20,0.75,1.0,

Q,0,12,explore:3:3:3:3:3:3:3:3:3:3:3:3:3:3:2:3:3:3:2:3:3:3:3:3:3:0:0:0:0:0:0:1:0:0:1:0:0:0:1:0:1:0:0:1:1:0:0:0:0:0:11:,1,25.3178417969,1.0,
Q,0,12,explore:3:3:3:3:3:3:3:3:3:3:3:3:3:3:2:3:3:3:2:3:3:3:3:3:3:0:0:0:0:0:0:1:0:0:1:0:0:0:1:0:1:0:0:1:1:0:0:0:0:0:11:,3,0.0501171875,1.0,
Q,0,12,explore:3:3:3:3:3:3:3:3:3:3:3:3:3:3:2:3:3:3:2:3:3:3:3:3:3:0:0:0:0:0:0:1:0:0:1:0:0:0:1:0:1:0:0:1:1:0:0:0:0:0:11:,9,70.125,1.0,
Q,0,12,explore:3:3:3:3:3:3:3:3:3:3:3:3:3:3:2:3:3:3:2:3:3:3:3:3:3:0:0:0:0:0:0:1:0:0:1:0:0:0:1:0:1:0:0:1:1:0:0:0:0:0:11:,12,103.055664062,1.0,
Q,0,12,explore:3:3:3:3:3:3:3:3:3:3:3:3:3:3:2:3:3:3:2:3:3:3:3:3:3:0:0:0:0:0:0:1:0:0:1:0:0:0:1:0:1:0:0:1:1:0:0:0:0:0:11:,15,46.0556640625,1.0,
Q,0,12,explore:3:3:3:3:3:3:3:3:3:3:3:3:3:3:2:3:3:3:2:3:3:3:3:3:3:0:0:0:0:0:0:1:0:0:1:0:0:0:1:0:1:0:0:1:1:0:0:0:0:0:11:,24,0.100234375,1.0,

Q,0,12,explore:3:3:3:3:3:3:3:3:3:3:3:3:3:3:2:3:3:3:3:3:3:3:3:3:3:0:0:0:0:0:0:0:0:0:0:1:0:0:0:1:1:0:0:1:1:0:0:0:0:0:11:,0,0.0,1.0,
Q,0,12,explore:3:3:3:3:3:3:3:3:3:3:3:3:3:3:2:3:3:3:3:3:3:3:3:3:3:0:0:0:0:0:0:0:0:0:0:1:0:0:0:1:1:0:0:1:1:0:0:0:0:0:11:,2,0.0706640625,1.0,
Q,0,12,explore:3:3:3:3:3:3:3:3:3:3:3:3:3:3:2:3:3:3:3:3:3:3:3:3:3:0:0:0:0:0:0:0:0:0:0:1:0:0:0:1:1:0:0:1:1:0:0:0:0:0:11:,3,0.13,1.0,
Q,0,12,explore:3:3:3:3:3:3:3:3:3:3:3:3:3:3:2:3:3:3:3:3:3:3:3:3:3:0:0:0:0:0:0:0:0:0:0:1:0:0:0:1:1:0:0:1:1:0:0:0:0:0:11:,5,0.0,1.0,
Q,0,12,explore:3:3:3:3:3:3:3:3:3:3:3:3:3:3:2:3:3:3:3:3:3:3:3:3:3:0:0:0:0:0:0:0:0:0:0:1:0:0:0:1:1:0:0:1:1:0:0:0:0:0:11:,8,17.25,1.0,
Q,0,12,explore:3:3:3:3:3:3:3:3:3:3:3:3:3:3:2:3:3:3:3:3:3:3:3:3:3:0:0:0:0:0:0:0:0:0:0:1:0:0:0:1:1:0:0:1:1:0:0:0:0:0:11:,10,0.0,1.0,
Q,0,12,explore:3:3:3:3:3:3:3:3:3:3:3:3:3:3:2:3:3:3:3:3:3:3:3:3:3:0:0:0:0:0:0:0:0:0:0:1:0:0:0:1:1:0:0:1:1:0:0:0:0:0:11:,11,0.03,1.0,
Q,0,12,explore:3:3:3:3:3:3:3:3:3:3:3:3:3:3:2:3:3:3:3:3:3:3:3:3:3:0:0:0:0:0:0:0:0:0:0:1:0:0:0:1:1:0:0:1:1:0:0:0:0:0:11:,12,57.0,1.0,
Q,0,12,explore:3:3:3:3:3:3:3:3:3:3:3:3:3:3:2:3:3:3:3:3:3:3:3:3:3:0:0:0:0:0:0:0:0:0:0:1:0:0:0:1:1:0:0:1:1:0:0:0:0:0:11:,13,0.000751953125,1.0,
Q,0,12,explore:3:3:3:3:3:3:3:3:3:3:3:3:3:3:2:3:3:3:3:3:3:3:3:3:3:0:0:0:0:0:0:0:0:0:0:1:0:0:0:1:1:0:0:1:1:0:0:0:0:0:11:,14,8.625,1.0,
Q,0,12,explore:3:3:3:3:3:3:3:3:3:3:3:3:3:3:2:3:3:3:3:3:3:3:3:3:3:0:0:0:0:0:0:0:0:0:0:1:0:0:0:1:1:0:0:1:1:0:0:0:0:0:11:,15,6.86345052083,1.0,
Q,0,12,explore:3:3:3:3:3:3:3:3:3:3:3:3:3:3:2:3:3:3:3:3:3:3:3:3:3:0:0:0:0:0:0:0:0:0:0:1:0:0:0:1:1:0:0:1:1:0:0:0:0:0:11:,16,0.5653125,1.0,
Q,0,12,explore:3:3:3:3:3:3:3:3:3:3:3:3:3:3:2:3:3:3:3:3:3:3:3:3:3:0:0:0:0:0:0:0:0:0:0:1:0:0:0:1:1:0:0:1:1:0:0:0:0:0:11:,17,0.0,1.0,
Q,0,12,explore:3:3:3:3:3:3:3:3:3:3:3:3:3:3:2:3:3:3:3:3:3:3:3:3:3:0:0:0:0:0:0:0:0:0:0:1:0:0:0:1:1:0:0:1:1:0:0:0:0:0:11:,18,9.890625,1.0,
Q,0,12,explore:3:3:3:3:3:3:3:3:3:3:3:3:3:3:2:3:3:3:3:3:3:3:3:3:3:0:0:0:0:0:0:0:0:0:0:1:0:0:0:1:1:0:0:1:1:0:0:0:0:0:11:,19,9.005859375,1.0,
Q,0,12,explore:3:3:3:3:3:3:3:3:3:3:3:3:3:3:2:3:3:3:3:3:3:3:3:3:3:0:0:0:0:0:0:0:0:0:0:1:0:0:0:1:1:0:0:1:1:0:0:0:0:0:11:,20,0.4453125,1.0,
Q,0,12,explore:3:3:3:3:3:3:3:3:3:3:3:3:3:3:2:3:3:3:3:3:3:3:3:3:3:0:0:0:0:0:0:0:0:0:0:1:0:0:0:1:1:0:0:1:1:0:0:0:0:0:11:,21,0.0,1.0,
Q,0,12,explore:3:3:3:3:3:3:3:3:3:3:3:3:3:3:2:3:3:3:3:3:3:3:3:3:3:0:0:0:0:0:0:0:0:0:0:1:0:0:0:1:1:0:0:1:1:0:0:0:0:0:11:,22,0.065,1.0,
Q,0,12,explore:3:3:3:3:3:3:3:3:3:3:3:3:3:3:2:3:3:3:3:3:3:3:3:3:3:0:0:0:0:0:0:0:0:0:0:1:0:0:0:1:1:0:0:1:1:0:0:0:0:0:11:,23,0.0556640625,1.0,
Q,0,12,explore:3:3:3:3:3:3:3:3:3:3:3:3:3:3:2:3:3:3:3:3:3:3:3:3:3:0:0:0:0:0:0:0:0:0:0:1:0:0:0:1:1:0:0:1:1:0:0:0:0:0:11:,24,0.0205078125,1.0,
Q,0,12,explore:3:3:3:3:3:3:3:3:3:3:3:3:3:3:2:3:3:3:3:3:3:3:3:3:3:0:0:0:0:0:0:0:0:0:0:1:0:0:0:1:1:0:0:1:1:0:0:0:0:0:11:,26,0.0,1.0,

Q,0,12,explore:3:3:3:3:3:3:3:3:3:3:3:2:3:3:2:2:3:3:2:2:3:3:3:3:3:0:0:0:0:0:0:1:0:0:1:0:0:0:1:0:1:0:0:1:1:0:0:0:0:0:11:,0,0.001484375,1.0,
Q,0,12,explore:3:3:3:3:3:3:3:3:3:3:3:2:3:3:2:2:3:3:2:2:3:3:3:3:3:0:0:0:0:0:0:1:0:0:1:0:0:0:1:0:1:0:0:1:1:0:0:0:0:0:11:,2,57.0067903646,1.0,
Q,0,12,explore:3:3:3:3:3:3:3:3:3:3:3:2:3:3:2:2:3:3:2:2:3:3:3:3:3:0:0:0:0:0:0:1:0:0:1:0:0:0:1:0:1:0:0:1:1:0:0:0:0:0:11:,9,78.8056640625,1.0,
Q,0,12,explore:3:3:3:3:3:3:3:3:3:3:3:2:3:3:2:2:3:3:2:2:3:3:3:3:3:0:0:0:0:0:0:1:0:0:1:0:0:0:1:0:1:0:0:1:1:0:0:0:0:0:11:,10,6.4453125,1.0,
Q,0,12,explore:3:3:3:3:3:3:3:3:3:3:3:2:3:3:2:2:3:3:2:2:3:3:3:3:3:0:0:0:0:0:0:1:0:0:1:0:0:0:1:0:1:0:0:1:1:0:0:0:0:0:11:,12,58.0556640625,1.0,
Q,0,12,explore:3:3:3:3:3:3:3:3:3:3:3:2:3:3:2:2:3:3:2:2:3:3:3:3:3:0:0:0:0:0:0:1:0:0:1:0:0:0:1:0:1:0:0:1:1:0:0:0:0:0:11:,18,14.0001855469,1.0,
Q,0,12,explore:3:3:3:3:3:3:3:3:3:3:3:2:3:3:2:2:3:3:2:2:3:3:3:3:3:0:0:0:0:0:0:1:0:0:1:0:0:0:1:0:1:0:0:1:1:0:0:0:0:0:11:,19,0.953958333333,1.0,
Q,0,12,explore:3:3:3:3:3:3:3:3:3:3:3:2:3:3:2:2:3:3:2:2:3:3:3:3:3:0:0:0:0:0:0:1:0:0:1:0:0:0:1:0:1:0:0:1:1:0:0:0:0:0:11:,22,20.0556640625,1.0,
Q,0,12,explore:3:3:3:3:3:3:3:3:3:3:3:2:3:3:2:2:3:3:2:2:3:3:3:3:3:0:0:0:0:0:0:1:0:0:1:0:0:0:1:0:1:0:0:1:1:0:0:0:0:0:11:,26,0.00037109375,1.0,

Q,0,12,explore:3:3:3:3:3:3:3:3:3:3:3:3:3:3:2:3:3:3:2:3:3:3:3:3:3:0:0:0:0:0:0:0:0:0:0:1:0:0:0:1:1:0:0:1:1:0:0:0:0:0:11:,1,0.0,1.0,
Q,0,12,explore:3:3:3:3:3:3:3:3:3:3:3:3:3:3:2:3:3:3:2:3:3:3:3:3:3:0:0:0:0:0:0:0:0:0:0:1:0:0:0:1:1:0:0:1:1:0:0:0:0:0:11:,6,14.25,1.0,
Q,0,12,explore:3:3:3:3:3:3:3:3:3:3:3:3:3:3:2:3:3:3:2:3:3:3:3:3:3:0:0:0:0:0:0:0:0:0:0:1:0:0:0:1:1:0:0:1:1:0:0:0:0:0:11:,12,91.5293359375,1.0,
Q,0,12,explore:3:3:3:3:3:3:3:3:3:3:3:3:3:3:2:3:3:3:2:3:3:3:3:3:3:0:0:0:0:0:0:0:0:0:0:1:0:0:0:1:1:0:0:1:1:0:0:0:0:0:11:,13,34.5293359375,1.0,
Q,0,12,explore:3:3:3:3:3:3:3:3:3:3:3:3:3:3:2:3:3:3:2:3:3:3:3:3:3:0:0:0:0:0:0:0:0:0:0:1:0:0:0:1:1:0:0:1:1:0:0:0:0:0:11:,14,0.0059375,1.0,
Q,0,12,explore:3:3:3:3:3:3:3:3:3:3:3:3:3:3:2:3:3:3:2:3:3:3:3:3:3:0:0:0:0:0:0:0:0:0:0:1:0:0:0:1:1:0:0:1:1:0:0:0:0:0:11:,19,0.00296875,1.0,
Q,0,12,explore:3:3:3:3:3:3:3:3:3:3:3:3:3:3:2:3:3:3:2:3:3:3:3:3:3:0:0:0:0:0:0:0:0:0:0:1:0:0:0:1:1:0:0:1:1:0:0:0:0:0:11:,20,0.130520833333,1.0,
Q,0,12,explore:3:3:3:3:3:3:3:3:3:3:3:3:3:3:2:3:3:3:2:3:3:3:3:3:3:0:0:0:0:0:0:0:0:0:0:1:0:0:0:1:1:0:0:1:1:0:0:0:0:0:11:,22,7.125,1.0,


Q,0,13,explore:3:3:3:3:3:3:3:3:3:3:3:3:3:3:2:2:3:3:2:2:3:3:3:3:3:0:0:0:0:0:0:1:0:0:1:0:0:0:1:0:1:0:0:1:1:0:0:0:0:0:12:,13,57.0,1.0,

Q,0,13,explore:3:3:3:3:3:3:3:3:3:3:3:3:3:3:3:3:3:3:3:3:3:3:3:3:3:0:0:0:0:0:0:0:0:0:1:0:1:0:0:0:1:0:0:1:1:0:0:0:0:0:12:,1,7.125,1.0,
Q,0,13,explore:3:3:3:3:3:3:3:3:3:3:3:3:3:3:3:3:3:3:3:3:3:3:3:3:3:0:0:0:0:0:0:0:0:0:1:0:1:0:0:0:1:0:0:1:1:0:0:0:0:0:12:,13,58.78125,1.0,

Q,0,13,explore:3:3:3:3:3:3:3:3:3:3:3:3:3:3:2:3:3:3:2:3:3:3:3:3:3:0:0:0:0:0:0:0:0:0:0:1:0:0:0:1:1:0:0:1:1:0:0:0:0:0:12:,0,0.2346875,1.0,
Q,0,13,explore:3:3:3:3:3:3:3:3:3:3:3:3:3:3:2:3:3:3:2:3:3:3:3:3:3:0:0:0:0:0:0:0:0:0:0:1:0:0:0:1:1:0:0:1:1:0:0:0:0:0:12:,13,57.058671875,1.0,

Q,0,13,explore:3:3:3:3:3:3:3:3:3:3:3:2:3:2:2:2:3:3:2:2:3:3:3:3:3:0:0:0:0:0:0:1:0:0:1:0:0:0:1:0:1:0:0:1:1:0:0:0:0:0:12:,12,38.0002473958,1.0,
Q,0,13,explore:3:3:3:3:3:3:3:3:3:3:3:2:3:2:2:2:3:3:2:2:3:3:3:3:3:0:0:0:0:0:0:1:0:0:1:0:0:0:1:0:1:0:0:1:1:0:0:0:0:0:12:,13,76.0001236979,1.0,

Q,0,13,explore:3:3:3:3:3:3:3:3:3:3:3:3:3:3:2:3:3:3:3:3:3:3:3:3:3:0:0:0:0:0:0:0:0:0:0:1:0:0:0:1:1:0:0:1:1:0:0:0:0:0:12:,13,57.0,1.0,
Q,0,13,explore:3:3:3:3:3:3:3:3:3:3:3:3:3:3:2:3:3:3:3:3:3:3:3:3:3:0:0:0:0:0:0:0:0:0:0:1:0:0:0:1:1:0:0:1:1:0:0:0:0:0:12:,21,0.000751953125,1.0,


Q,0,14,explore:3:3:3:3:3:3:3:3:3:3:3:3:3:3:3:3:3:3:3:3:3:3:3:3:3:0:0:0:0:0:0:0:0:0:0:1:0:0:0:1:1:0:0:1:1:0:0:0:0:0:13:,17,0.0,1.0,
Q,0,14,explore:3:3:3:3:3:3:3:3:3:3:3:3:3:3:3:3:3:3:3:3:3:3:3:3:3:0:0:0:0:0:0:0:0:0:0:1:0:0:0:1:1:0:0:1:1:0:0:0:0:0:13:,14,57.0,1.0,

Q,0,14,explore:3:3:3:3:3:3:3:3:3:3:3:3:3:3:2:2:3:3:2:3:3:3:3:3:3:0:0:0:0:0:0:1:0:0:1:0:0:0:1:0:1:0:0:1:1:0:0:0:0:0:13:,5,0.0,1.0,
Q,0,14,explore:3:3:3:3:3:3:3:3:3:3:3:3:3:3:2:2:3:3:2:3:3:3:3:3:3:0:0:0:0:0:0:1:0:0:1:0:0:0:1:0:1:0:0:1:1:0:0:0:0:0:13:,14,0.19,1.0,

Q,0,14,explore:3:3:3:3:3:3:3:3:3:3:3:3:3:3:3:3:3:3:3:3:3:3:3:3:3:0:0:0:0:0:0:0:0:0:1:0:1:0:0:0:1:0:0:1:1:0:0:0:0:0:13:,2,28.125,1.0,
Q,0,14,explore:3:3:3:3:3:3:3:3:3:3:3:3:3:3:3:3:3:3:3:3:3:3:3:3:3:0:0:0:0:0:0:0:0:0:1:0:1:0:0:0:1:0:0:1:1:0:0:0:0:0:13:,4,0.0,1.0,
Q,0,14,explore:3:3:3:3:3:3:3:3:3:3:3:3:3:3:3:3:3:3:3:3:3:3:3:3:3:0:0:0:0:0:0:0:0:0:1:0:1:0:0:0:1:0:0:1:1:0:0:0:0:0:13:,7,0.0,1.0,
Q,0,14,explore:3:3:3:3:3:3:3:3:3:3:3:3:3:3:3:3:3:3:3:3:3:3:3:3:3:0:0:0:0:0:0:0:0:0:1:0:1:0:0:0:1:0:0:1:1:0:0:0:0:0:13:,14,57.0,1.0,
Q,0,14,explore:3:3:3:3:3:3:3:3:3:3:3:3:3:3:3:3:3:3:3:3:3:3:3:3:3:0:0:0:0:0:0:0:0:0:1:0:1:0:0:0:1:0:0:1:1:0:0:0:0:0:13:,18,24.0,1.0,
Q,0,14,explore:3:3:3:3:3:3:3:3:3:3:3:3:3:3:3:3:3:3:3:3:3:3:3:3:3:0:0:0:0:0:0:0:0:0:1:0:1:0:0:0:1:0:0:1:1:0:0:0:0:0:13:,19,0.0,1.0,
Q,0,14,explore:3:3:3:3:3:3:3:3:3:3:3:3:3:3:3:3:3:3:3:3:3:3:3:3:3:0:0:0:0:0:0:0:0:0:1:0:1:0:0:0:1:0:0:1:1:0:0:0:0:0:13:,22,1.88671875,1.0,

Q,0,14,explore:3:3:3:3:3:3:3:3:3:3:3:3:3:3:2:3:3:3:3:3:3:3:3:3:3:0:0:0:0:0:0:0:0:0:0:1:0:0:0:1:1:0:0:1:1:0:0:0:0:0:13:,11,0.0075,1.0,
Q,0,14,explore:3:3:3:3:3:3:3:3:3:3:3:3:3:3:2:3:3:3:3:3:3:3:3:3:3:0:0:0:0:0:0:0:0:0:0:1:0:0:0:1:1:0:0:1:1:0:0:0:0:0:13:,10,19.78125,1.0,
Q,0,14,explore:3:3:3:3:3:3:3:3:3:3:3:3:3:3:2:3:3:3:3:3:3:3:3:3:3:0:0:0:0:0:0:0:0:0:0:1:0:0:0:1:1:0:0:1:1:0:0:0:0:0:13:,3,0.1962890625,1.0,
Q,0,14,explore:3:3:3:3:3:3:3:3:3:3:3:3:3:3:2:3:3:3:3:3:3:3:3:3:3:0:0:0:0:0:0:0:0:0:0:1:0:0:0:1:1:0:0:1:1:0:0:0:0:0:13:,6,0.0,1.0,
Q,0,14,explore:3:3:3:3:3:3:3:3:3:3:3:3:3:3:2:3:3:3:3:3:3:3:3:3:3:0:0:0:0:0:0:0:0:0:0:1:0:0:0:1:1:0:0:1:1:0:0:0:0:0:13:,14,57.0,1.0,


Q,0,15,explore:3:3:3:3:3:3:3:3:3:3:3:3:3:3:2:3:3:3:3:3:3:3:3:3:3:0:0:0:0:0:0:0:0:0:0:1:0:0:0:1:1:0:0:1:1:0:0:0:0:0:14:,0,32.765625,1.0,
Q,0,15,explore:3:3:3:3:3:3:3:3:3:3:3:3:3:3:2:3:3:3:3:3:3:3:3:3:3:0:0:0:0:0:0:0:0:0:0:1:0:0:0:1:1:0:0:1:1:0:0:0:0:0:14:,1,18.7778320312,2.0,
Q,0,15,explore:3:3:3:3:3:3:3:3:3:3:3:3:3:3:2:3:3:3:3:3:3:3:3:3:3:0:0:0:0:0:0:0:0:0:0:1:0:0:0:1:1:0:0:1:1:0:0:0:0:0:14:,2,24.75,2.0,
Q,0,15,explore:3:3:3:3:3:3:3:3:3:3:3:3:3:3:2:3:3:3:3:3:3:3:3:3:3:0:0:0:0:0:0:0:0:0:0:1:0:0:0:1:1:0:0:1:1:0:0:0:0:0:14:,3,9.890625,1.0,
Q,0,15,explore:3:3:3:3:3:3:3:3:3:3:3:3:3:3:2:3:3:3:3:3:3:3:3:3:3:0:0:0:0:0:0:0:0:0:0:1:0:0:0:1:1:0:0:1:1:0:0:0:0:0:14:,4,0.0,1.0,
Q,0,15,explore:3:3:3:3:3:3:3:3:3:3:3:3:3:3:2:3:3:3:3:3:3:3:3:3:3:0:0:0:0:0:0:0:0:0:0:1:0:0:0:1:1:0:0:1:1:0:0:0:0:0:14:,5,0.00375,1.0,
Q,0,15,explore:3:3:3:3:3:3:3:3:3:3:3:3:3:3:2:3:3:3:3:3:3:3:3:3:3:0:0:0:0:0:0:0:0:0:0:1:0:0:0:1:1:0:0:1:1:0:0:0:0:0:14:,6,32.765625,1.0,
Q,0,15,explore:3:3:3:3:3:3:3:3:3:3:3:3:3:3:2:3:3:3:3:3:3:3:3:3:3:0:0:0:0:0:0:0:0:0:0:1:0:0:0:1:1:0:0:1:1:0:0:0:0:0:14:,7,0.0,1.0,
Q,0,15,explore:3:3:3:3:3:3:3:3:3:3:3:3:3:3:2:3:3:3:3:3:3:3:3:3:3:0:0:0:0:0:0:0:0:0:0:1:0:0:0:1:1:0:0:1:1:0:0:0:0:0:14:,8,0.0706640625,1.0,
Q,0,15,explore:3:3:3:3:3:3:3:3:3:3:3:3:3:3:2:3:3:3:3:3:3:3:3:3:3:0:0:0:0:0:0:0:0:0:0:1:0:0:0:1:1:0:0:1:1:0:0:0:0:0:14:,9,0.0,1.0,
Q,0,15,explore:3:3:3:3:3:3:3:3:3:3:3:3:3:3:2:3:3:3:3:3:3:3:3:3:3:0:0:0:0:0:0:0:0:0:0:1:0:0:0:1:1:0:0:1:1:0:0:0:0:0:14:,10,6.7501171875,1.0,
Q,0,15,explore:3:3:3:3:3:3:3:3:3:3:3:3:3:3:2:3:3:3:3:3:3:3:3:3:3:0:0:0:0:0:0:0:0:0:0:1:0:0:0:1:1:0:0:1:1:0:0:0:0:0:14:,11,0.13,1.0,
Q,0,15,explore:3:3:3:3:3:3:3:3:3:3:3:3:3:3:2:3:3:3:3:3:3:3:3:3:3:0:0:0:0:0:0:0:0:0:0:1:0:0:0:1:1:0:0:1:1:0:0:0:0:0:14:,12,8.625,1.0,
Q,0,15,explore:3:3:3:3:3:3:3:3:3:3:3:3:3:3:2:3:3:3:3:3:3:3:3:3:3:0:0:0:0:0:0:0:0:0:0:1:0:0:0:1:1:0:0:1:1:0:0:0:0:0:14:,13,0.0075,1.0,
Q,0,15,explore:3:3:3:3:3:3:3:3:3:3:3:3:3:3:2:3:3:3:3:3:3:3:3:3:3:0:0:0:0:0:0:0:0:0:0:1:0:0:0:1:1:0:0:1:1:0:0:0:0:0:14:,14,0.1962890625,1.0,
Q,0,15,explore:3:3:3:3:3:3:3:3:3:3:3:3:3:3:2:3:3:3:3:3:3:3:3:3:3:0:0:0:0:0:0:0:0:0:0:1:0:0:0:1:1:0:0:1:1:0:0:0:0:0:14:,15,0.351302083333,1.0,
Q,0,15,explore:3:3:3:3:3:3:3:3:3:3:3:3:3:3:2:3:3:3:3:3:3:3:3:3:3:0:0:0:0:0:0:0:0:0:0:1:0:0:0:1:1:0:0:1:1:0:0:0:0:0:14:,16,0.21796875,1.0,
Q,0,15,explore:3:3:3:3:3:3:3:3:3:3:3:3:3:3:2:3:3:3:3:3:3:3:3:3:3:0:0:0:0:0:0:0:0:0:0:1:0:0:0:1:1:0:0:1:1:0:0:0:0:0:14:,17,0.0556640625,1.0,
Q,0,15,explore:3:3:3:3:3:3:3:3:3:3:3:3:3:3:2:3:3:3:3:3:3:3:3:3:3:0:0:0:0:0:0:0:0:0:0:1:0:0:0:1:1:0:0:1:1:0:0:0:0:0:14:,18,42.5654296875,2.0,
Q,0,15,explore:3:3:3:3:3:3:3:3:3:3:3:3:3:3:2:3:3:3:3:3:3:3:3:3:3:0:0:0:0:0:0:0:0:0:0:1:0:0:0:1:1:0:0:1:1:0:0:0:0:0:14:,19,0.8325390625,1.0,
Q,0,15,explore:3:3:3:3:3:3:3:3:3:3:3:3:3:3:2:3:3:3:3:3:3:3:3:3:3:0:0:0:0:0:0:0:0:0:0:1:0:0:0:1:1:0:0:1:1:0:0:0:0:0:14:,20,0.13,1.0,
Q,0,15,explore:3:3:3:3:3:3:3:3:3:3:3:3:3:3:2:3:3:3:3:3:3:3:3:3:3:0:0:0:0:0:0:0:0:0:0:1:0:0:0:1:1:0:0:1:1:0:0:0:0:0:14:,21,0.065,1.0,
Q,0,15,explore:3:3:3:3:3:3:3:3:3:3:3:3:3:3:2:3:3:3:3:3:3:3:3:3:3:0:0:0:0:0:0:0:0:0:0:1:0:0:0:1:1:0:0:1:1:0:0:0:0:0:14:,22,3.00125,1.0,
Q,0,15,explore:3:3:3:3:3:3:3:3:3:3:3:3:3:3:2:3:3:3:3:3:3:3:3:3:3:0:0:0:0:0:0:0:0:0:0:1:0:0:0:1:1:0:0:1:1:0:0:0:0:0:14:,23,1.3125,1.0,
Q,0,15,explore:3:3:3:3:3:3:3:3:3:3:3:3:3:3:2:3:3:3:3:3:3:3:3:3:3:0:0:0:0:0:0:0:0:0:0:1:0:0:0:1:1:0:0:1:1:0:0:0:0:0:14:,24,5.205625,1.0,
Q,0,15,explore:3:3:3:3:3:3:3:3:3:3:3:3:3:3:2:3:3:3:3:3:3:3:3:3:3:0:0:0:0:0:0:0:0:0:0:1:0:0:0:1:1:0:0:1:1:0:0:0:0:0:14:,25,0.0,1.0,
Q,0,15,explore:3:3:3:3:3:3:3:3:3:3:3:3:3:3:2:3:3:3:3:3:3:3:3:3:3:0:0:0:0:0:0:0:0:0:0:1:0:0:0:1:1:0:0:1:1:0:0:0:0:0:14:,26,0.0,1.0,

Q,0,15,explore:3:3:3:3:3:3:3:3:3:3:3:3:3:3:2:3:3:3:2:3:3:3:3:3:3:0:0:0:0:0:0:0:0:0:0:1:0:0:0:1:1:0:0:1:1:0:0:0:0:0:14:,8,0.00296875,1.0,
Q,0,15,explore:3:3:3:3:3:3:3:3:3:3:3:3:3:3:2:3:3:3:2:3:3:3:3:3:3:0:0:0:0:0:0:0:0:0:0:1:0:0:0:1:1:0:0:1:1:0:0:0:0:0:14:,25,0.02375,1.0,
Q,0,15,explore:3:3:3:3:3:3:3:3:3:3:3:3:3:3:2:3:3:3:2:3:3:3:3:3:3:0:0:0:0:0:0:0:0:0:0:1:0:0:0:1:1:0:0:1:1:0:0:0:0:0:14:,10,24.0,1.0,
Q,0,15,explore:3:3:3:3:3:3:3:3:3:3:3:3:3:3:2:3:3:3:2:3:3:3:3:3:3:0:0:0:0:0:0:0:0:0:0:1:0:0:0:1:1:0:0:1:1:0:0:0:0:0:14:,13,7.125,1.0,
Q,0,15,explore:3:3:3:3:3:3:3:3:3:3:3:3:3:3:2:3:3:3:2:3:3:3:3:3:3:0:0:0:0:0:0:0:0:0:0:1:0:0:0:1:1:0:0:1:1:0:0:0:0:0:14:,15,1.63333333333,1.0,

Q,0,15,explore:3:3:3:3:3:3:3:3:3:3:3:3:3:3:2:3:3:3:2:3:3:3:3:3:3:0:0:0:0:0:0:1:0:0:1:0:0:0:1:0:1:0:0:1:1:0:0:0:0:0:14:,0,0.4453125,1.0,
Q,0,15,explore:3:3:3:3:3:3:3:3:3:3:3:3:3:3:2:3:3:3:2:3:3:3:3:3:3:0:0:0:0:0:0:1:0:0:1:0:0:0:1:0:1:0:0:1:1:0:0:0:0:0:14:,9,0.0501171875,1.0,
Q,0,15,explore:3:3:3:3:3:3:3:3:3:3:3:3:3:3:2:3:3:3:2:3:3:3:3:3:3:0:0:0:0:0:0:1:0:0:1:0:0:0:1:0:1:0:0:1:1:0:0:0:0:0:14:,12,27.0,1.0,
Q,0,15,explore:3:3:3:3:3:3:3:3:3:3:3:3:3:3:2:3:3:3:2:3:3:3:3:3:3:0:0:0:0:0:0:1:0:0:1:0:0:0:1:0:1:0:0:1:1:0:0:0:0:0:14:,5,3.5625,1.0,
Q,0,15,explore:3:3:3:3:3:3:3:3:3:3:3:3:3:3:2:3:3:3:2:3:3:3:3:3:3:0:0:0:0:0:0:1:0:0:1:0:0:0:1:0:1:0:0:1:1:0:0:0:0:0:14:,15,40.111328125,1.0,

Q,0,15,explore:3:3:3:3:3:3:3:3:3:3:3:3:3:3:3:3:3:3:3:3:3:3:3:3:3:0:0:0:0:0:0:0:0:0:0:1:0:0:0:1:1:0:0:1:1:0:0:0:0:0:14:,1,0.0,1.0,
Q,0,15,explore:3:3:3:3:3:3:3:3:3:3:3:3:3:3:3:3:3:3:3:3:3:3:3:3:3:0:0:0:0:0:0:0:0:0:0:1:0:0:0:1:1:0:0:1:1:0:0:0:0:0:14:,2,28.5556640625,1.0,
Q,0,15,explore:3:3:3:3:3:3:3:3:3:3:3:3:3:3:3:3:3:3:3:3:3:3:3:3:3:0:0:0:0:0:0:0:0:0:0:1:0:0:0:1:1:0:0:1:1:0:0:0:0:0:14:,6,0.0,1.0,
Q,0,15,explore:3:3:3:3:3:3:3:3:3:3:3:3:3:3:3:3:3:3:3:3:3:3:3:3:3:0:0:0:0:0:0:0:0:0:0:1:0:0:0:1:1:0:0:1:1:0:0:0:0:0:14:,10,81.0,1.0,
Q,0,15,explore:3:3:3:3:3:3:3:3:3:3:3:3:3:3:3:3:3:3:3:3:3:3:3:3:3:0:0:0:0:0:0:0:0:0:0:1:0:0:0:1:1:0:0:1:1:0:0:0:0:0:14:,11,1.105625,1.0,
Q,0,15,explore:3:3:3:3:3:3:3:3:3:3:3:3:3:3:3:3:3:3:3:3:3:3:3:3:3:0:0:0:0:0:0:0:0:0:0:1:0:0:0:1:1:0:0:1:1:0:0:0:0:0:14:,15,1.305625,1.0,
Q,0,15,explore:3:3:3:3:3:3:3:3:3:3:3:3:3:3:3:3:3:3:3:3:3:3:3:3:3:0:0:0:0:0:0:0:0:0:0:1:0:0:0:1:1:0:0:1:1:0:0:0:0:0:14:,23,0.21375,1.0,
Q,0,15,explore:3:3:3:3:3:3:3:3:3:3:3:3:3:3:3:3:3:3:3:3:3:3:3:3:3:0:0:0:0:0:0:0:0:0:0:1:0:0:0:1:1:0:0:1:1:0:0:0:0:0:14:,26,0.0,1.0,

Q,0,15,explore:3:3:3:3:3:3:3:3:3:3:3:3:3:3:2:2:3:3:2:3:3:3:3:3:3:0:0:0:0:0:0:1:0:0:1:0:0:0:1:0:1:0:0:1:1:0:0:0:0:0:14:,1,7.360625,1.0,
Q,0,15,explore:3:3:3:3:3:3:3:3:3:3:3:3:3:3:2:2:3:3:2:3:3:3:3:3:3:0:0:0:0:0:0:1:0:0:1:0:0:0:1:0:1:0:0:1:1:0:0:0:0:0:14:,20,0.126373697917,1.0,
Q,0,15,explore:3:3:3:3:3:3:3:3:3:3:3:3:3:3:2:2:3:3:2:3:3:3:3:3:3:0:0:0:0:0:0:1:0:0:1:0:0:0:1:0:1:0:0:1:1:0:0:0:0:0:14:,14,0.19375,1.0,
Q,0,15,explore:3:3:3:3:3:3:3:3:3:3:3:3:3:3:2:2:3:3:2:3:3:3:3:3:3:0:0:0:0:0:0:1:0:0:1:0:0:0:1:0:1:0:0:1:1:0:0:0:0:0:14:,15,40.0484375,1.0,

Q,0,15,explore:3:3:3:3:3:3:3:3:3:3:3:3:3:3:3:3:3:3:3:3:3:3:3:3:3:0:0:0:0:0:0:0:0:0:1:0:1:0:0:0:1:0:0:1:1:0:0:0:0:0:14:,0,0.955078125,1.0,
Q,0,15,explore:3:3:3:3:3:3:3:3:3:3:3:3:3:3:3:3:3:3:3:3:3:3:3:3:3:0:0:0:0:0:0:0:0:0:1:0:1:0:0:0:1:0:0:1:1:0:0:0:0:0:14:,1,0.0044921875,1.0,
Q,0,15,explore:3:3:3:3:3:3:3:3:3:3:3:3:3:3:3:3:3:3:3:3:3:3:3:3:3:0:0:0:0:0:0:0:0:0:1:0:1:0:0:0:1:0:0:1:1:0:0:0:0:0:14:,2,11.8384375,1.0,
Q,0,15,explore:3:3:3:3:3:3:3:3:3:3:3:3:3:3:3:3:3:3:3:3:3:3:3:3:3:0:0:0:0:0:0:0:0:0:1:0:1:0:0:0:1:0:0:1:1:0:0:0:0:0:14:,3,7.03125,1.0,
Q,0,15,explore:3:3:3:3:3:3:3:3:3:3:3:3:3:3:3:3:3:3:3:3:3:3:3:3:3:0:0:0:0:0:0:0:0:0:1:0:1:0:0:0:1:0:0:1:1:0:0:0:0:0:14:,4,1.9453125,1.0,
Q,0,15,explore:3:3:3:3:3:3:3:3:3:3:3:3:3:3:3:3:3:3:3:3:3:3:3:3:3:0:0:0:0:0:0:0:0:0:1:0:1:0:0:0:1:0:0:1:1:0:0:0:0:0:14:,5,0.09,1.0,
Q,0,15,explore:3:3:3:3:3:3:3:3:3:3:3:3:3:3:3:3:3:3:3:3:3:3:3:3:3:0:0:0:0:0:0:0:0:0:1:0:1:0:0:0:1:0:0:1:1:0:0:0:0:0:14:,6,3.515625,1.0,
Q,0,15,explore:3:3:3:3:3:3:3:3:3:3:3:3:3:3:3:3:3:3:3:3:3:3:3:3:3:0:0:0:0:0:0:0:0:0:1:0:1:0:0:0:1:0:0:1:1:0:0:0:0:0:14:,7,3.8203125,1.0,
Q,0,15,explore:3:3:3:3:3:3:3:3:3:3:3:3:3:3:3:3:3:3:3:3:3:3:3:3:3:0:0:0:0:0:0:0:0:0:1:0:1:0:0:0:1:0:0:1:1:0:0:0:0:0:14:,8,15.938984375,2.0,
Q,0,15,explore:3:3:3:3:3:3:3:3:3:3:3:3:3:3:3:3:3:3:3:3:3:3:3:3:3:0:0:0:0:0:0:0:0:0:1:0:1:0:0:0:1:0:0:1:1:0:0:0:0:0:14:,9,1.080625,1.0,
Q,0,15,explore:3:3:3:3:3:3:3:3:3:3:3:3:3:3:3:3:3:3:3:3:3:3:3:3:3:0:0:0:0:0:0:0:0:0:1:0:1:0:0:0:1:0:0:1:1:0:0:0:0:0:14:,10,0.09,1.0,
Q,0,15,explore:3:3:3:3:3:3:3:3:3:3:3:3:3:3:3:3:3:3:3:3:3:3:3:3:3:0:0:0:0:0:0:0:0:0:1:0:1:0:0:0:1:0:0:1:1:0:0:0:0:0:14:,11,45.6123046875,3.0,
Q,0,15,explore:3:3:3:3:3:3:3:3:3:3:3:3:3:3:3:3:3:3:3:3:3:3:3:3:3:0:0:0:0:0:0:0:0:0:1:0:1:0:0:0:1:0:0:1:1:0:0:0:0:0:14:,12,0.5675390625,1.0,
Q,0,15,explore:3:3:3:3:3:3:3:3:3:3:3:3:3:3:3:3:3:3:3:3:3:3:3:3:3:0:0:0:0:0:0:0:0:0:1:0:1:0:0:0:1:0:0:1:1:0:0:0:0:0:14:,13,35.6953125,2.0,
Q,0,15,explore:3:3:3:3:3:3:3:3:3:3:3:3:3:3:3:3:3:3:3:3:3:3:3:3:3:0:0:0:0:0:0:0:0:0:1:0:1:0:0:0:1:0:0:1:1:0:0:0:0:0:14:,14,15.0,1.0,
Q,0,15,explore:3:3:3:3:3:3:3:3:3:3:3:3:3:3:3:3:3:3:3:3:3:3:3:3:3:0:0:0:0:0:0:0:0:0:1:0:1:0:0:0:1:0:0:1:1:0:0:0:0:0:14:,15,69.8935546875,4.0,
Q,0,15,explore:3:3:3:3:3:3:3:3:3:3:3:3:3:3:3:3:3:3:3:3:3:3:3:3:3:0:0:0:0:0:0:0:0:0:1:0:1:0:0:0:1:0:0:1:1:0:0:0:0:0:14:,16,0.1569140625,1.0,
Q,0,15,explore:3:3:3:3:3:3:3:3:3:3:3:3:3:3:3:3:3:3:3:3:3:3:3:3:3:0:0:0:0:0:0:0:0:0:1:0:1:0:0:0:1:0:0:1:1:0:0:0:0:0:14:,17,0.0359375,1.0,
Q,0,15,explore:3:3:3:3:3:3:3:3:3:3:3:3:3:3:3:3:3:3:3:3:3:3:3:3:3:0:0:0:0:0:0:0:0:0:1:0:1:0:0:0:1:0:0:1:1:0:0:0:0:0:14:,18,40.9716796875,2.0,
Q,0,15,explore:3:3:3:3:3:3:3:3:3:3:3:3:3:3:3:3:3:3:3:3:3:3:3:3:3:0:0:0:0:0:0:0:0:0:1:0:1:0:0:0:1:0:0:1:1:0:0:0:0:0:14:,19,0.19921875,1.0,
Q,0,15,explore:3:3:3:3:3:3:3:3:3:3:3:3:3:3:3:3:3:3:3:3:3:3:3:3:3:0:0:0:0:0:0:0:0:0:1:0:1:0:0:0:1:0:0:1:1:0:0:0:0:0:14:,20,0.5353125,1.0,
Q,0,15,explore:3:3:3:3:3:3:3:3:3:3:3:3:3:3:3:3:3:3:3:3:3:3:3:3:3:0:0:0:0:0:0:0:0:0:1:0:1:0:0:0:1:0:0:1:1:0:0:0:0:0:14:,21,12.1171875,2.0,
Q,0,15,explore:3:3:3:3:3:3:3:3:3:3:3:3:3:3:3:3:3:3:3:3:3:3:3:3:3:0:0:0:0:0:0:0:0:0:1:0:1:0:0:0:1:0:0:1:1:0:0:0:0:0:14:,22,7.125,1.0,
Q,0,15,explore:3:3:3:3:3:3:3:3:3:3:3:3:3:3:3:3:3:3:3:3:3:3:3:3:3:0:0:0:0:0:0:0:0:0:1:0:1:0:0:0:1:0:0:1:1:0:0:0:0:0:14:,23,0.2431640625,1.0,
Q,0,15,explore:3:3:3:3:3:3:3:3:3:3:3:3:3:3:3:3:3:3:3:3:3:3:3:3:3:0:0:0:0:0:0:0:0:0:1:0:1:0:0:0:1:0:0:1:1:0:0:0:0:0:14:,24,0.0,1.0,
Q,0,15,explore:3:3:3:3:3:3:3:3:3:3:3:3:3:3:3:3:3:3:3:3:3:3:3:3:3:0:0:0:0:0:0:0:0:0:1:0:1:0:0:0:1:0:0:1:1:0:0:0:0:0:14:,25,14.390625,1.0,
Q,0,15,explore:3:3:3:3:3:3:3:3:3:3:3:3:3:3:3:3:3:3:3:3:3:3:3:3:3:0:0:0:0:0:0:0:0:0:1:0:1:0:0:0:1:0:0:1:1:0:0:0:0:0:14:,26,0.0044921875,1.0,

Q,0,15,explore:3:3:3:3:3:3:3:3:3:3:3:2:3:3:2:2:3:3:2:2:3:3:3:3:3:0:0:0:0:0:0:1:0:0:1:0:0:0:1:0:1:0:0:1:1:0:0:0:0:0:14:,0,0.4453125,1.0,
Q,0,15,explore:3:3:3:3:3:3:3:3:3:3:3:2:3:3:2:2:3:3:2:2:3:3:3:3:3:0:0:0:0:0:0:1:0:0:1:0:0:0:1:0:1:0:0:1:1:0:0:0:0:0:14:,5,3.5625,1.0,
Q,0,15,explore:3:3:3:3:3:3:3:3:3:3:3:2:3:3:2:2:3:3:2:2:3:3:3:3:3:0:0:0:0:0:0:1:0:0:1:0:0:0:1:0:1:0:0:1:1:0:0:0:0:0:14:,6,0.011875,1.0,
Q,0,15,explore:3:3:3:3:3:3:3:3:3:3:3:2:3:3:2:2:3:3:2:2:3:3:3:3:3:0:0:0:0:0:0:1:0:0:1:0:0:0:1:0:1:0:0:1:1:0:0:0:0:0:14:,12,14.0001855469,1.0,
Q,0,15,explore:3:3:3:3:3:3:3:3:3:3:3:2:3:3:2:2:3:3:2:2:3:3:3:3:3:0:0:0:0:0:0:1:0:0:1:0:0:0:1:0:1:0:0:1:1:0:0:0:0:0:14:,15,40.111328125,1.0,
Q,0,15,explore:3:3:3:3:3:3:3:3:3:3:3:2:3:3:2:2:3:3:2:2:3:3:3:3:3:0:0:0:0:0:0:1:0:0:1:0:0:0:1:0:1:0:0:1:1:0:0:0:0:0:14:,16,0.0543229166667,1.0,
Q,0,15,explore:3:3:3:3:3:3:3:3:3:3:3:2:3:3:2:2:3:3:2:2:3:3:3:3:3:0:0:0:0:0:0:1:0:0:1:0:0:0:1:0:1:0:0:1:1:0:0:0:0:0:14:,17,0.953958333333,1.0,

Q,0,15,explore:3:3:3:3:3:3:3:3:3:3:3:3:3:3:2:2:3:3:2:2:3:3:3:3:3:0:0:0:0:0:0:1:0:0:1:0:0:0:1:0:1:0:0:1:1:0:0:0:0:0:14:,2,0.025,1.0,
Q,0,15,explore:3:3:3:3:3:3:3:3:3:3:3:3:3:3:2:2:3:3:2:2:3:3:3:3:3:0:0:0:0:0:0:1:0:0:1:0:0:0:1:0:1:0:0:1:1:0:0:0:0:0:14:,6,0.845,1.0,
Q,0,15,explore:3:3:3:3:3:3:3:3:3:3:3:3:3:3:2:2:3:3:2:2:3:3:3:3:3:0:0:0:0:0:0:1:0:0:1:0:0:0:1:0:1:0:0:1:1:0:0:0:0:0:14:,8,0.0,1.0,
Q,0,15,explore:3:3:3:3:3:3:3:3:3:3:3:3:3:3:2:2:3:3:2:2:3:3:3:3:3:0:0:0:0:0:0:1:0:0:1:0:0:0:1:0:1:0:0:1:1:0:0:0:0:0:14:,12,0.0,1.0,
Q,0,15,explore:3:3:3:3:3:3:3:3:3:3:3:3:3:3:2:2:3:3:2:2:3:3:3:3:3:0:0:0:0:0:0:1:0:0:1:0:0:0:1:0:1:0:0:1:1:0:0:0:0:0:14:,15,40.0,1.0,
Q,0,15,explore:3:3:3:3:3:3:3:3:3:3:3:3:3:3:2:2:3:3:2:2:3:3:3:3:3:0:0:0:0:0:0:1:0:0:1:0:0:0:1:0:1:0:0:1:1:0:0:0:0:0:14:,17,0.0,1.0,
Q,0,15,explore:3:3:3:3:3:3:3:3:3:3:3:3:3:3:2:2:3:3:2:2:3:3:3:3:3:0:0:0:0:0:0:1:0:0:1:0:0:0:1:0:1:0:0:1:1:0:0:0:0:0:14:,25,0.0634114583333,1.0,

Q,0,15,explore:3:3:3:3:3:3:3:3:3:3:3:2:3:2:2:2:3:3:2:2:3:3:3:3:3:0:0:0:0:0:0:1:0:0:1:0:0:0:1:0:1:0:0:1:1:0:0:0:0:0:14:,4,31.0019986979,1.0,
Q,0,15,explore:3:3:3:3:3:3:3:3:3:3:3:2:3:2:2:2:3:3:2:2:3:3:3:3:3:0:0:0:0:0:0:1:0:0:1:0:0:0:1:0:1:0:0:1:1:0:0:0:0:0:14:,15,40.0,1.0,
Q,0,15,explore:3:3:3:3:3:3:3:3:3:3:3:2:3:2:2:2:3:3:2:2:3:3:3:3:3:0:0:0:0:0:0:1:0:0:1:0:0:0:1:0:1:0:0:1:1:0:0:0:0:0:14:,16,0.123333333333,1.0,
Q,0,15,explore:3:3:3:3:3:3:3:3:3:3:3:2:3:2:2:2:3:3:2:2:3:3:3:3:3:0:0:0:0:0:0:1:0:0:1:0:0:0:1:0:1:0:0:1:1:0:0:0:0:0:14:,19,0.127916666667,1.0,
Q,0,15,explore:3:3:3:3:3:3:3:3:3:3:3:2:3:2:2:2:3:3:2:2:3:3:3:3:3:0:0:0:0:0:0:1:0:0:1:0:0:0:1:0:1:0:0:1:1:0:0:0:0:0:14:,21,0.00791666666667,1.0,
Q,0,15,explore:3:3:3:3:3:3:3:3:3:3:3:2:3:2:2:2:3:3:2:2:3:3:3:3:3:0:0:0:0:0:0:1:0:0:1:0:0:0:1:0:1:0:0:1:1:0:0:0:0:0:14:,22,0.0,1.0,
Q,0,15,explore:3:3:3:3:3:3:3:3:3:3:3:2:3:2:2:2:3:3:2:2:3:3:3:3:3:0:0:0:0:0:0:1:0:0:1:0:0:0:1:0:1:0:0:1:1:0:0:0:0:0:14:,26,0.0,1.0,


Q,0,16,explore:3:3:3:3:3:3:3:3:3:3:3:3:3:3:2:3:3:3:2:3:3:3:3:3:3:0:0:0:0:0:0:0:0:0:0:1:0:0:0:1:1:0:0:1:1:0:0:0:0:0:15:,16,1.8775,1.0,
Q,0,16,explore:3:3:3:3:3:3:3:3:3:3:3:3:3:3:2:3:3:3:2:3:3:3:3:3:3:0:0:0:0:0:0:0:0:0:0:1:0:0:0:1:1:0:0:1:1:0:0:0:0:0:15:,1,0.130520833333,1.0,
Q,0,16,explore:3:3:3:3:3:3:3:3:3:3:3:3:3:3:2:3:3:3:2:3:3:3:3:3:3:0:0:0:0:0:0:0:0:0:0:1:0:0:0:1:1:0:0:1:1:0:0:0:0:0:15:,12,27.0,1.0,

Q,0,16,explore:3:3:3:3:3:3:3:3:3:3:3:3:3:3:2:3:3:3:3:3:3:3:3:3:3:0:0:0:0:0:0:0:0:0:0:1:0:0:0:1:1:0:0:1:1:0:0:0:0:0:15:,0,0.0,1.0,
Q,0,16,explore:3:3:3:3:3:3:3:3:3:3:3:3:3:3:2:3:3:3:3:3:3:3:3:3:3:0:0:0:0:0:0:0:0:0:0:1:0:0:0:1:1:0:0:1:1:0:0:0:0:0:15:,1,1.565078125,1.0,
Q,0,16,explore:3:3:3:3:3:3:3:3:3:3:3:3:3:3:2:3:3:3:3:3:3:3:3:3:3:0:0:0:0:0:0:0:0:0:0:1:0:0:0:1:1:0:0:1:1:0:0:0:0:0:15:,2,0.0,1.0,
Q,0,16,explore:3:3:3:3:3:3:3:3:3:3:3:3:3:3:2:3:3:3:3:3:3:3:3:3:3:0:0:0:0:0:0:0:0:0:0:1:0:0:0:1:1:0:0:1:1:0:0:0:0:0:15:,3,0.1640625,1.0,
Q,0,16,explore:3:3:3:3:3:3:3:3:3:3:3:3:3:3:2:3:3:3:3:3:3:3:3:3:3:0:0:0:0:0:0:0:0:0:0:1:0:0:0:1:1:0:0:1:1:0:0:0:0:0:15:,4,0.0205078125,1.0,
Q,0,16,explore:3:3:3:3:3:3:3:3:3:3:3:3:3:3:2:3:3:3:3:3:3:3:3:3:3:0:0:0:0:0:0:0:0:0:0:1:0:0:0:1:1:0:0:1:1:0:0:0:0:0:15:,5,0.0,1.0,
Q,0,16,explore:3:3:3:3:3:3:3:3:3:3:3:3:3:3:2:3:3:3:3:3:3:3:3:3:3:0:0:0:0:0:0:0:0:0:0:1:0:0:0:1:1:0:0:1:1:0:0:0:0:0:15:,6,0.0,1.0,
Q,0,16,explore:3:3:3:3:3:3:3:3:3:3:3:3:3:3:2:3:3:3:3:3:3:3:3:3:3:0:0:0:0:0:0:0:0:0:0:1:0:0:0:1:1:0:0:1:1:0:0:0:0:0:15:,8,0.111328125,1.0,
Q,0,16,explore:3:3:3:3:3:3:3:3:3:3:3:3:3:3:2:3:3:3:3:3:3:3:3:3:3:0:0:0:0:0:0:0:0:0:0:1:0:0:0:1:1:0:0:1:1:0:0:0:0:0:15:,9,3.5625,1.0,
Q,0,16,explore:3:3:3:3:3:3:3:3:3:3:3:3:3:3:2:3:3:3:3:3:3:3:3:3:3:0:0:0:0:0:0:0:0:0:0:1:0:0:0:1:1:0:0:1:1:0:0:0:0:0:15:,15,0.048125,1.0,
Q,0,16,explore:3:3:3:3:3:3:3:3:3:3:3:3:3:3:2:3:3:3:3:3:3:3:3:3:3:0:0:0:0:0:0:0:0:0:0:1:0:0:0:1:1:0:0:1:1:0:0:0:0:0:15:,16,0.1959375,1.0,
Q,0,16,explore:3:3:3:3:3:3:3:3:3:3:3:3:3:3:2:3:3:3:3:3:3:3:3:3:3:0:0:0:0:0:0:0:0:0:0:1:0:0:0:1:1:0:0:1:1:0:0:0:0:0:15:,17,57.0,1.0,
Q,0,16,explore:3:3:3:3:3:3:3:3:3:3:3:3:3:3:2:3:3:3:3:3:3:3:3:3:3:0:0:0:0:0:0:0:0:0:0:1:0:0:0:1:1:0:0:1:1:0:0:0:0:0:15:,18,0.02375,1.0,
Q,0,16,explore:3:3:3:3:3:3:3:3:3:3:3:3:3:3:2:3:3:3:3:3:3:3:3:3:3:0:0:0:0:0:0:0:0:0:0:1:0:0:0:1:1:0:0:1:1:0:0:0:0:0:15:,25,3.5625,1.0,

Q,0,16,explore:3:3:3:3:3:3:3:3:3:3:3:3:3:3:2:2:3:3:2:3:3:3:3:3:3:0:0:0:0:0:0:1:0:0:1:0:0:0:1:0:1:0:0:1:1:0:0:0:0:0:15:,16,0.126666666667,1.0,

Q,0,16,explore:3:3:3:3:3:3:3:3:3:3:3:3:3:3:3:3:3:3:3:3:3:3:3:3:3:0:0:0:0:0:0:0:0:0:0:1:0:0:0:1:1:0:0:1:1:0:0:0:0:0:15:,16,0.19,1.0,
Q,0,16,explore:3:3:3:3:3:3:3:3:3:3:3:3:3:3:3:3:3:3:3:3:3:3:3:3:3:0:0:0:0:0:0:0:0:0:0:1:0:0:0:1:1:0:0:1:1:0:0:0:0:0:15:,3,0.0,1.0,

Q,0,16,explore:3:3:3:3:3:3:3:3:3:3:3:3:3:3:3:3:3:3:3:3:3:3:3:3:3:0:0:0:0:0:0:0:0:0:1:0:1:0:0:0:1:0:0:1:1:0:0:0:0:0:15:,2,0.0669140625,1.0,
Q,0,16,explore:3:3:3:3:3:3:3:3:3:3:3:3:3:3:3:3:3:3:3:3:3:3:3:3:3:0:0:0:0:0:0:0:0:0:1:0:1:0:0:0:1:0:0:1:1:0:0:0:0:0:15:,10,0.0,1.0,
Q,0,16,explore:3:3:3:3:3:3:3:3:3:3:3:3:3:3:3:3:3:3:3:3:3:3:3:3:3:0:0:0:0:0:0:0:0:0:1:0:1:0:0:0:1:0:0:1:1:0:0:0:0:0:15:,14,0.0,1.0,
Q,0,16,explore:3:3:3:3:3:3:3:3:3:3:3:3:3:3:3:3:3:3:3:3:3:3:3:3:3:0:0:0:0:0:0:0:0:0:1:0:1:0:0:0:1:0:0:1:1:0:0:0:0:0:15:,16,0.19,1.0,
Q,0,16,explore:3:3:3:3:3:3:3:3:3:3:3:3:3:3:3:3:3:3:3:3:3:3:3:3:3:0:0:0:0:0:0:0:0:0:1:0:1:0:0:0:1:0:0:1:1:0:0:0:0:0:15:,18,0.4453125,1.0,
Q,0,16,explore:3:3:3:3:3:3:3:3:3:3:3:3:3:3:3:3:3:3:3:3:3:3:3:3:3:0:0:0:0:0:0:0:0:0:1:0:1:0:0:0:1:0:0:1:1:0:0:0:0:0:15:,19,0.2875,1.0,
Q,0,16,explore:3:3:3:3:3:3:3:3:3:3:3:3:3:3:3:3:3:3:3:3:3:3:3:3:3:0:0:0:0:0:0:0:0:0:1:0:1:0:0:0:1:0:0:1:1:0:0:0:0:0:15:,22,3.0,1.0,
Q,0,16,explore:3:3:3:3:3:3:3:3:3:3:3:3:3:3:3:3:3:3:3:3:3:3:3:3:3:0:0:0:0:0:0:0:0:0:1:0:1:0:0:0:1:0:0:1:1:0:0:0:0:0:15:,23,0.0,1.0,
Q,0,16,explore:3:3:3:3:3:3:3:3:3:3:3:3:3:3:3:3:3:3:3:3:3:3:3:3:3:0:0:0:0:0:0:0:0:0:1:0:1:0:0:0:1:0:0:1:1:0:0:0:0:0:15:,24,0.0,1.0,
Q,0,16,explore:3:3:3:3:3:3:3:3:3:3:3:3:3:3:3:3:3:3:3:3:3:3:3:3:3:0:0:0:0:0:0:0:0:0:1:0:1:0:0:0:1:0:0:1:1:0:0:0:0:0:15:,26,0.0,1.0,

Q,0,16,explore:3:3:3:3:3:3:3:3:3:3:3:3:3:3:2:2:3:3:2:2:3:3:3:3:3:0:0:0:0:0:0:1:0:0:1:0:0:0:1:0:1:0:0:1:1:0:0:0:0:0:15:,0,0.0,1.0,
Q,0,16,explore:3:3:3:3:3:3:3:3:3:3:3:3:3:3:2:2:3:3:2:2:3:3:3:3:3:0:0:0:0:0:0:1:0:0:1:0:0:0:1:0:1:0:0:1:1:0:0:0:0:0:15:,5,0.0,1.0,
Q,0,16,explore:3:3:3:3:3:3:3:3:3:3:3:3:3:3:2:2:3:3:2:2:3:3:3:3:3:0:0:0:0:0:0:1:0:0:1:0:0:0:1:0:1:0:0:1:1:0:0:0:0:0:15:,8,0.0,1.0,
Q,0,16,explore:3:3:3:3:3:3:3:3:3:3:3:3:3:3:2:2:3:3:2:2:3:3:3:3:3:0:0:0:0:0:0:1:0:0:1:0:0:0:1:0:1:0:0:1:1:0:0:0:0:0:15:,9,3.5625,1.0,
Q,0,16,explore:3:3:3:3:3:3:3:3:3:3:3:3:3:3:2:2:3:3:2:2:3:3:3:3:3:0:0:0:0:0:0:1:0:0:1:0:0:0:1:0:1:0:0:1:1:0:0:0:0:0:15:,16,0.571979166667,1.0,
Q,0,16,explore:3:3:3:3:3:3:3:3:3:3:3:3:3:3:2:2:3:3:2:2:3:3:3:3:3:0:0:0:0:0:0:1:0:0:1:0:0:0:1:0:1:0:0:1:1:0:0:0:0:0:15:,19,0.0758333333333,1.0,

Q,0,16,explore:3:3:3:3:3:3:3:3:3:3:3:2:3:2:2:2:3:3:2:2:3:3:3:3:3:0:0:0:0:0:0:1:0:0:1:0:0:0:1:0:1:0:0:1:1:0:0:0:0:0:15:,16,0.126666666667,1.0,
Q,0,16,explore:3:3:3:3:3:3:3:3:3:3:3:2:3:2:2:2:3:3:2:2:3:3:3:3:3:0:0:0:0:0:0:1:0:0:1:0:0:0:1:0:1:0:0:1:1:0:0:0:0:0:15:,14,0.0,1.0,

Q,0,16,explore:3:3:3:3:3:3:3:3:3:3:3:2:3:3:2:2:3:3:2:2:3:3:3:3:3:0:0:0:0:0:0:1:0:0:1:0:0:0:1:0:1:0:0:1:1:0:0:0:0:0:15:,16,1.90791666667,1.0,
Q,0,16,explore:3:3:3:3:3:3:3:3:3:3:3:2:3:3:2:2:3:3:2:2:3:3:3:3:3:0:0:0:0:0:0:1:0:0:1:0:0:0:1:0:1:0:0:1:1:0:0:0:0:0:15:,25,7.125,1.0,
Q,0,16,explore:3:3:3:3:3:3:3:3:3:3:3:2:3:3:2:2:3:3:2:2:3:3:3:3:3:0:0:0:0:0:0:1:0:0:1:0:0:0:1:0:1:0:0:1:1:0:0:0:0:0:15:,23,0.00791666666667,1.0,

Q,0,16,explore:3:3:3:3:3:3:3:3:3:3:3:3:3:3:2:3:3:3:2:3:3:3:3:3:3:0:0:0:0:0:0:1:0:0:1:0:0:0:1:0:1:0:0:1:1:0:0:0:0:0:15:,16,0.4009375,1.0,
Q,0,16,explore:3:3:3:3:3:3:3:3:3:3:3:3:3:3:2:3:3:3:2:3:3:3:3:3:3:0:0:0:0:0:0:1:0:0:1:0:0:0:1:0:1:0:0:1:1:0:0:0:0:0:15:,3,1.6875,1.0,


Q,0,17,explore:3:3:3:3:3:3:3:3:3:3:3:3:3:3:2:3:3:3:3:3:3:3:3:3:3:0:0:0:0:0:0:0:0:0:0:1:0:0:0:1:1:0:0:1:1:0:0:0:0:0:16:,8,0.0,1.0,
Q,0,17,explore:3:3:3:3:3:3:3:3:3:3:3:3:3:3:2:3:3:3:3:3:3:3:3:3:3:0:0:0:0:0:0:0:0:0:0:1:0:0:0:1:1:0:0:1:1:0:0:0:0:0:16:,17,57.0,1.0,
Q,0,17,explore:3:3:3:3:3:3:3:3:3:3:3:3:3:3:2:3:3:3:3:3:3:3:3:3:3:0:0:0:0:0:0:0:0:0:0:1:0:0:0:1:1:0:0:1:1:0:0:0:0:0:16:,22,0.00150390625,1.0,
Q,0,17,explore:3:3:3:3:3:3:3:3:3:3:3:3:3:3:2:3:3:3:3:3:3:3:3:3:3:0:0:0:0:0:0:0:0:0:0:1:0:0:0:1:1:0:0:1:1:0:0:0:0:0:16:,23,0.0,1.0,

Q,0,17,explore:3:3:3:3:3:3:3:3:3:3:3:3:3:3:2:2:3:3:2:2:3:3:3:3:3:0:0:0:0:0:0:1:0:0:1:0:0:0:1:0:1:0:0:1:1:0:0:0:0:0:16:,17,57.0714973958,1.0,
Q,0,17,explore:3:3:3:3:3:3:3:3:3:3:3:3:3:3:2:2:3:3:2:2:3:3:3:3:3:0:0:0:0:0:0:1:0:0:1:0:0:0:1:0:1:0:0:1:1:0:0:0:0:0:16:,7,0.00947916666667,1.0,
Q,0,17,explore:3:3:3:3:3:3:3:3:3:3:3:3:3:3:2:2:3:3:2:2:3:3:3:3:3:0:0:0:0:0:0:1:0:0:1:0:0:0:1:0:1:0:0:1:1:0:0:0:0:0:16:,1,0.005,1.0,
Q,0,17,explore:3:3:3:3:3:3:3:3:3:3:3:3:3:3:2:2:3:3:2:2:3:3:3:3:3:0:0:0:0:0:0:1:0:0:1:0:0:0:1:0:1:0:0:1:1:0:0:0:0:0:16:,15,0.142994791667,1.0,

Q,0,17,explore:3:3:3:3:3:3:3:3:3:3:3:3:3:3:3:3:3:3:3:3:3:3:3:3:3:0:0:0:0:0:0:0:0:0:1:0:1:0:0:0:1:0:0:1:1:0:0:0:0:0:16:,17,57.0059375,1.0,
Q,0,17,explore:3:3:3:3:3:3:3:3:3:3:3:3:3:3:3:3:3:3:3:3:3:3:3:3:3:0:0:0:0:0:0:0:0:0:1:0:1:0:0:0:1:0:0:1:1:0:0:0:0:0:16:,22,0.02375,1.0,


Q,0,18,explore:3:3:3:3:3:3:3:3:3:3:3:3:3:3:3:3:3:3:3:3:3:3:3:3:3:0:0:0:0:0:0:0:0:0:1:0:1:0:0:0:1:0:0:1:1:0:0:0:0:0:17:,1,0.0,1.0,
Q,0,18,explore:3:3:3:3:3:3:3:3:3:3:3:3:3:3:3:3:3:3:3:3:3:3:3:3:3:0:0:0:0:0:0:0:0:0:1:0:1:0:0:0:1:0:0:1:1:0:0:0:0:0:17:,2,7.546875,1.0,
Q,0,18,explore:3:3:3:3:3:3:3:3:3:3:3:3:3:3:3:3:3:3:3:3:3:3:3:3:3:0:0:0:0:0:0:0:0:0:1:0:1:0:0:0:1:0:0:1:1:0:0:0:0:0:17:,10,0.0,1.0,
Q,0,18,explore:3:3:3:3:3:3:3:3:3:3:3:3:3:3:3:3:3:3:3:3:3:3:3:3:3:0:0:0:0:0:0:0:0:0:1:0:1:0:0:0:1:0:0:1:1:0:0:0:0:0:17:,14,54.943359375,1.0,
Q,0,18,explore:3:3:3:3:3:3:3:3:3:3:3:3:3:3:3:3:3:3:3:3:3:3:3:3:3:0:0:0:0:0:0:0:0:0:1:0:1:0:0:0:1:0:0:1:1:0:0:0:0:0:17:,18,57.0,1.0,
Q,0,18,explore:3:3:3:3:3:3:3:3:3:3:3:3:3:3:3:3:3:3:3:3:3:3:3:3:3:0:0:0:0:0:0:0:0:0:1:0:1:0:0:0:1:0:0:1:1:0:0:0:0:0:17:,19,0.09,1.0,
Q,0,18,explore:3:3:3:3:3:3:3:3:3:3:3:3:3:3:3:3:3:3:3:3:3:3:3:3:3:0:0:0:0:0:0:0:0:0:1:0:1:0:0:0:1:0:0:1:1:0:0:0:0:0:17:,22,15.5625,1.0,

Q,0,18,explore:3:3:3:3:3:3:3:3:3:3:3:3:3:3:2:3:3:3:3:3:3:3:3:3:3:0:0:0:0:0:0:0:0:0:0:1:0:0:0:1:1:0:0:1:1:0:0:0:0:0:17:,3,1.5703125,1.0,
Q,0,18,explore:3:3:3:3:3:3:3:3:3:3:3:3:3:3:2:3:3:3:3:3:3:3:3:3:3:0:0:0:0:0:0:0:0:0:0:1:0:0:0:1:1:0:0:1:1:0:0:0:0:0:17:,6,0.0,1.0,
Q,0,18,explore:3:3:3:3:3:3:3:3:3:3:3:3:3:3:2:3:3:3:3:3:3:3:3:3:3:0:0:0:0:0:0:0:0:0:0:1:0:0:0:1:1:0:0:1:1:0:0:0:0:0:17:,10,3.5625,1.0,
Q,0,18,explore:3:3:3:3:3:3:3:3:3:3:3:3:3:3:2:3:3:3:3:3:3:3:3:3:3:0:0:0:0:0:0:0:0:0:0:1:0:0:0:1:1:0:0:1:1:0:0:0:0:0:17:,17,0.00375,1.0,
Q,0,18,explore:3:3:3:3:3:3:3:3:3:3:3:3:3:3:2:3:3:3:3:3:3:3:3:3:3:0:0:0:0:0:0:0:0:0:0:1:0:0:0:1:1:0:0:1:1:0:0:0:0:0:17:,18,64.125,1.0,
Q,0,18,explore:3:3:3:3:3:3:3:3:3:3:3:3:3:3:2:3:3:3:3:3:3:3:3:3:3:0:0:0:0:0:0:0:0:0:0:1:0:0:0:1:1:0:0:1:1:0:0:0:0:0:17:,22,3.00125,1.0,
Q,0,18,explore:3:3:3:3:3:3:3:3:3:3:3:3:3:3:2:3:3:3:3:3:3:3:3:3:3:0:0:0:0:0:0:0:0:0:0:1:0:0:0:1:1:0:0:1:1:0:0:0:0:0:17:,24,0.046875,1.0,
Q,0,18,explore:3:3:3:3:3:3:3:3:3:3:3:3:3:3:2:3:3:3:3:3:3:3:3:3:3:0:0:0:0:0:0:0:0:0:0:1:0:0:0:1:1:0:0:1:1:0:0:0:0:0:17:,25,14.25,1.0,
Q,0,18,explore:3:3:3:3:3:3:3:3:3:3:3:3:3:3:2:3:3:3:3:3:3:3:3:3:3:0:0:0:0:0:0:0:0:0:0:1:0:0:0:1:1:0:0:1:1:0:0:0:0:0:17:,26,0.01171875,1.0,

Q,0,18,explore:3:3:3:3:3:3:3:3:3:3:3:2:3:3:2:2:3:3:2:2:3:3:3:3:3:0:0:0:0:0:0:1:0:0:1:0:0:0:1:0:1:0:0:1:1:0:0:0:0:0:17:,18,57.0,1.0,

Q,0,18,explore:3:3:3:3:3:3:3:3:3:3:3:3:3:3:2:3:3:3:2:3:3:3:3:3:3:0:0:0:0:0:0:1:0:0:1:0:0:0:1:0:1:0:0:1:1:0:0:0:0:0:17:,18,57.0,1.0,

Q,0,18,explore:3:3:3:3:3:3:3:3:3:3:3:2:3:2:2:2:3:3:2:2:3:3:3:3:3:0:0:0:0:0:0:1:0:0:1:0:0:0:1:0:1:0:0:1:1:0:0:0:0:0:17:,18,62.0039973958,1.0,
Q,0,18,explore:3:3:3:3:3:3:3:3:3:3:3:2:3:2:2:2:3:3:2:2:3:3:3:3:3:0:0:0:0:0:0:1:0:0:1:0:0:0:1:0:1:0:0:1:1:0:0:0:0:0:17:,15,20.0159895833,1.0,


Q,0,19,explore:3:3:3:3:3:3:3:3:3:3:3:2:3:3:2:2:3:3:2:2:3:3:3:3:3:0:0:0:0:0:0:1:0:0:1:0:0:0:1:0:1:0:0:1:1:0:0:0:0:0:18:,19,0.126666666667,1.0,

Q,0,19,explore:3:3:3:3:3:3:3:3:3:3:3:2:3:2:2:2:3:3:2:2:3:3:3:3:3:0:0:0:0:0:0:1:0:0:1:0:0:0:1:0:1:0:0:1:1:0:0:0:0:0:18:,19,0.126666666667,1.0,

Q,0,19,explore:3:3:3:3:3:3:3:3:3:3:3:3:3:3:2:3:3:3:3:3:3:3:3:3:3:0:0:0:0:0:0:0:0:0:0:1:0:0:0:1:1:0:0:1:1:0:0:0:0:0:18:,9,0.041015625,1.0,
Q,0,19,explore:3:3:3:3:3:3:3:3:3:3:3:3:3:3:2:3:3:3:3:3:3:3:3:3:3:0:0:0:0:0:0:0:0:0:0:1:0:0:0:1:1:0:0:1:1:0:0:0:0:0:18:,12,0.0,1.0,
Q,0,19,explore:3:3:3:3:3:3:3:3:3:3:3:3:3:3:2:3:3:3:3:3:3:3:3:3:3:0:0:0:0:0:0:0:0:0:0:1:0:0:0:1:1:0:0:1:1:0:0:0:0:0:18:,13,0.7825390625,1.0,
Q,0,19,explore:3:3:3:3:3:3:3:3:3:3:3:3:3:3:2:3:3:3:3:3:3:3:3:3:3:0:0:0:0:0:0:0:0:0:0:1:0:0:0:1:1:0:0:1:1:0:0:0:0:0:18:,19,0.19,1.0,
Q,0,19,explore:3:3:3:3:3:3:3:3:3:3:3:3:3:3:2:3:3:3:3:3:3:3:3:3:3:0:0:0:0:0:0:0:0:0:0:1:0:0:0:1:1:0:0:1:1:0:0:0:0:0:18:,20,0.08,1.0,
Q,0,19,explore:3:3:3:3:3:3:3:3:3:3:3:3:3:3:2:3:3:3:3:3:3:3:3:3:3:0:0:0:0:0:0:0:0:0:0:1:0:0:0:1:1:0:0:1:1:0:0:0:0:0:18:,22,40.125,1.0,
Q,0,19,explore:3:3:3:3:3:3:3:3:3:3:3:3:3:3:2:3:3:3:3:3:3:3:3:3:3:0:0:0:0:0:0:0:0:0:0:1:0:0:0:1:1:0:0:1:1:0:0:0:0:0:18:,23,21.0,1.0,
Q,0,19,explore:3:3:3:3:3:3:3:3:3:3:3:3:3:3:2:3:3:3:3:3:3:3:3:3:3:0:0:0:0:0:0:0:0:0:0:1:0:0:0:1:1:0:0:1:1:0:0:0:0:0:18:,26,0.01,1.0,

Q,0,19,explore:3:3:3:3:3:3:3:3:3:3:3:3:3:3:3:3:3:3:3:3:3:3:3:3:3:0:0:0:0:0:0:0:0:0:1:0:1:0:0:0:1:0:0:1:1:0:0:0:0:0:18:,7,0.486328125,1.0,
Q,0,19,explore:3:3:3:3:3:3:3:3:3:3:3:3:3:3:3:3:3:3:3:3:3:3:3:3:3:0:0:0:0:0:0:0:0:0:1:0:1:0:0:0:1:0:0:1:1:0:0:0:0:0:18:,11,1.875,1.0,
Q,0,19,explore:3:3:3:3:3:3:3:3:3:3:3:3:3:3:3:3:3:3:3:3:3:3:3:3:3:0:0:0:0:0:0:0:0:0:1:0:1:0:0:0:1:0:0:1:1:0:0:0:0:0:18:,13,0.0,1.0,
Q,0,19,explore:3:3:3:3:3:3:3:3:3:3:3:3:3:3:3:3:3:3:3:3:3:3:3:3:3:0:0:0:0:0:0:0:0:0:1:0:1:0:0:0:1:0:0:1:1:0:0:0:0:0:18:,15,24.0,1.0,
Q,0,19,explore:3:3:3:3:3:3:3:3:3:3:3:3:3:3:3:3:3:3:3:3:3:3:3:3:3:0:0:0:0:0:0:0:0:0:1:0:1:0:0:0:1:0:0:1:1:0:0:0:0:0:18:,16,0.11375,1.0,
Q,0,19,explore:3:3:3:3:3:3:3:3:3:3:3:3:3:3:3:3:3:3:3:3:3:3:3:3:3:0:0:0:0:0:0:0:0:0:1:0:1:0:0:0:1:0:0:1:1:0:0:0:0:0:18:,18,3.0,1.0,
Q,0,19,explore:3:3:3:3:3:3:3:3:3:3:3:3:3:3:3:3:3:3:3:3:3:3:3:3:3:0:0:0:0:0:0:0:0:0:1:0:1:0:0:0:1:0:0:1:1:0:0:0:0:0:18:,19,0.2184375,1.0,
Q,0,19,explore:3:3:3:3:3:3:3:3:3:3:3:3:3:3:3:3:3:3:3:3:3:3:3:3:3:0:0:0:0:0:0:0:0:0:1:0:1:0:0:0:1:0:0:1:1:0:0:0:0:0:18:,25,3.5625,1.0,
Q,0,19,explore:3:3:3:3:3:3:3:3:3:3:3:3:3:3:3:3:3:3:3:3:3:3:3:3:3:0:0:0:0:0:0:0:0:0:1:0:1:0:0:0:1:0:0:1:1:0:0:0:0:0:18:,26,0.2431640625,1.0,

Q,0,19,explore:3:3:3:3:3:3:3:3:3:3:3:3:3:3:2:2:3:3:2:2:3:3:3:3:3:0:0:0:0:0:0:1:0:0:1:0:0:0:1:0:1:0:0:1:1:0:0:0:0:0:18:,1,0.0,1.0,
Q,0,19,explore:3:3:3:3:3:3:3:3:3:3:3:3:3:3:2:2:3:3:2:2:3:3:3:3:3:0:0:0:0:0:0:1:0:0:1:0:0:0:1:0:1:0:0:1:1:0:0:0:0:0:18:,19,0.126666666667,1.0,

Q,0,19,explore:3:3:3:3:3:3:3:3:3:3:3:3:3:3:3:3:3:3:3:3:3:3:3:3:3:0:0:0:0:0:0:0:0:0:0:1:0:0:0:1:1:0:0:1:1:0:0:0:0:0:18:,9,0.0475,1.0,
Q,0,19,explore:3:3:3:3:3:3:3:3:3:3:3:3:3:3:3:3:3:3:3:3:3:3:3:3:3:0:0:0:0:0:0:0:0:0:0:1:0:0:0:1:1:0:0:1:1:0:0:0:0:0:18:,19,0.21375,1.0,


Q,0,20,explore:3:3:3:3:3:3:3:3:3:3:3:3:3:3:2:3:3:3:2:3:3:3:3:3:3:0:0:0:0:0:0:0:0:0:0:1:0:0:0:1:1:0:0:1:1:0:0:0:0:0:19:,10,0.0,1.0,
Q,0,20,explore:3:3:3:3:3:3:3:3:3:3:3:3:3:3:2:3:3:3:2:3:3:3:3:3:3:0:0:0:0:0:0:0:0:0:0:1:0:0:0:1:1:0:0:1:1:0:0:0:0:0:19:,20,0.19,1.0,

Q,0,20,explore:3:3:3:3:3:3:3:3:3:3:3:3:3:3:2:3:3:3:3:3:3:3:3:3:3:0:0:0:0:0:0:0:0:0:0:1:0:0:0:1:1:0:0:1:1:0:0:0:0:0:19:,6,0.0,1.0,
Q,0,20,explore:3:3:3:3:3:3:3:3:3:3:3:3:3:3:2:3:3:3:3:3:3:3:3:3:3:0:0:0:0:0:0:0:0:0:0:1:0:0:0:1:1:0:0:1:1:0:0:0:0:0:19:,10,0.0,1.0,
Q,0,20,explore:3:3:3:3:3:3:3:3:3:3:3:3:3:3:2:3:3:3:3:3:3:3:3:3:3:0:0:0:0:0:0:0:0:0:0:1:0:0:0:1:1:0:0:1:1:0:0:0:0:0:19:,11,0.0,1.0,
Q,0,20,explore:3:3:3:3:3:3:3:3:3:3:3:3:3:3:2:3:3:3:3:3:3:3:3:3:3:0:0:0:0:0:0:0:0:0:0:1:0:0:0:1:1:0:0:1:1:0:0:0:0:0:19:,12,0.006015625,1.0,
Q,0,20,explore:3:3:3:3:3:3:3:3:3:3:3:3:3:3:2:3:3:3:3:3:3:3:3:3:3:0:0:0:0:0:0:0:0:0:0:1:0:0:0:1:1:0:0:1:1:0:0:0:0:0:19:,16,0.13,1.0,
Q,0,20,explore:3:3:3:3:3:3:3:3:3:3:3:3:3:3:2:3:3:3:3:3:3:3:3:3:3:0:0:0:0:0:0:0:0:0:0:1:0:0:0:1:1:0:0:1:1:0:0:0:0:0:19:,18,10.03125,1.0,
Q,0,20,explore:3:3:3:3:3:3:3:3:3:3:3:3:3:3:2:3:3:3:3:3:3:3:3:3:3:0:0:0:0:0:0:0:0:0:0:1:0:0:0:1:1:0:0:1:1:0:0:0:0:0:19:,20,5.205625,1.0,
Q,0,20,explore:3:3:3:3:3:3:3:3:3:3:3:3:3:3:2:3:3:3:3:3:3:3:3:3:3:0:0:0:0:0:0:0:0:0:0:1:0:0:0:1:1:0:0:1:1:0:0:0:0:0:19:,23,6.0,1.0,

Q,0,20,explore:3:3:3:3:3:3:3:3:3:3:3:3:3:3:3:3:3:3:3:3:3:3:3:3:3:0:0:0:0:0:0:0:0:0:1:0:1:0:0:0:1:0:0:1:1:0:0:0:0:0:19:,5,3.5625,1.0,
Q,0,20,explore:3:3:3:3:3:3:3:3:3:3:3:3:3:3:3:3:3:3:3:3:3:3:3:3:3:0:0:0:0:0:0:0:0:0:1:0:1:0:0:0:1:0:0:1:1:0:0:0:0:0:19:,7,14.390625,1.0,
Q,0,20,explore:3:3:3:3:3:3:3:3:3:3:3:3:3:3:3:3:3:3:3:3:3:3:3:3:3:0:0:0:0:0:0:0:0:0:1:0:1:0:0:0:1:0:0:1:1:0:0:0:0:0:19:,20,0.19,1.0,
Q,0,20,explore:3:3:3:3:3:3:3:3:3:3:3:3:3:3:3:3:3:3:3:3:3:3:3:3:3:0:0:0:0:0:0:0:0:0:1:0:1:0:0:0:1:0:0:1:1:0:0:0:0:0:19:,21,0.0,1.0,
Q,0,20,explore:3:3:3:3:3:3:3:3:3:3:3:3:3:3:3:3:3:3:3:3:3:3:3:3:3:0:0:0:0:0:0:0:0:0:1:0:1:0:0:0:1:0:0:1:1:0:0:0:0:0:19:,24,24.234375,1.0,
Q,0,20,explore:3:3:3:3:3:3:3:3:3:3:3:3:3:3:3:3:3:3:3:3:3:3:3:3:3:0:0:0:0:0:0:0:0:0:1:0:1:0:0:0:1:0:0:1:1:0:0:0:0:0:19:,26,0.0,1.0,

Q,0,20,explore:3:3:3:3:3:3:3:3:3:3:3:3:3:3:2:2:3:3:2:2:3:3:3:3:3:0:0:0:0:0:0:1:0:0:1:0:0:0:1:0:1:0:0:1:1:0:0:0:0:0:19:,9,0.000625,1.0,
Q,0,20,explore:3:3:3:3:3:3:3:3:3:3:3:3:3:3:2:2:3:3:2:2:3:3:3:3:3:0:0:0:0:0:0:1:0:0:1:0:0:0:1:0:1:0:0:1:1:0:0:0:0:0:19:,20,0.126822916667,1.0,

Q,0,20,explore:3:3:3:3:3:3:3:3:3:3:3:3:3:3:2:2:3:3:2:3:3:3:3:3:3:0:0:0:0:0:0:1:0:0:1:0:0:0:1:0:1:0:0:1:1:0:0:0:0:0:19:,16,0.0879166666667,1.0,
Q,0,20,explore:3:3:3:3:3:3:3:3:3:3:3:3:3:3:2:2:3:3:2:3:3:3:3:3:3:0:0:0:0:0:0:1:0:0:1:0:0:0:1:0:1:0:0:1:1:0:0:0:0:0:19:,26,0.0109895833333,1.0,
Q,0,20,explore:3:3:3:3:3:3:3:3:3:3:3:3:3:3:2:2:3:3:2:3:3:3:3:3:3:0:0:0:0:0:0:1:0:0:1:0:0:0:1:0:1:0:0:1:1:0:0:0:0:0:19:,20,0.192747395833,1.0,

Q,0,20,explore:3:3:3:3:3:3:3:3:3:3:3:2:3:2:2:2:3:3:2:2:3:3:3:3:3:0:0:0:0:0:0:1:0:0:1:0:0:0:1:0:1:0:0:1:1:0:0:0:0:0:19:,20,0.126666666667,1.0,


Q,0,21,explore:3:3:3:3:3:3:3:3:3:3:3:2:3:3:2:2:3:3:2:2:3:3:3:3:3:0:0:0:0:0:0:1:0:0:1:0:0:0:1:0:1:0:0:1:1:0:0:0:0:0:20:,3,0.0,1.0,
Q,0,21,explore:3:3:3:3:3:3:3:3:3:3:3:2:3:3:2:2:3:3:2:2:3:3:3:3:3:0:0:0:0:0:0:1:0:0:1:0:0:0:1:0:1:0:0:1:1:0:0:0:0:0:20:,21,57.0,1.0,

Q,0,21,explore:3:3:3:3:3:3:3:3:3:3:3:3:3:3:2:3:3:3:3:3:3:3:3:3:3:0:0:0:0:0:0:0:0:0:0:1:0:0:0:1:1:0:0:1:1:0:0:0:0:0:20:,21,57.0,1.0,


Q,0,22,explore:3:3:3:3:3:3:3:3:3:3:3:3:3:3:2:3:3:3:3:3:3:3:3:3:3:0:0:0:0:0:0:0:0:0:0:1:0:0:0:1:1:0:0:1:1:0:0:0:0:0:21:,10,0.0,1.0,
Q,0,22,explore:3:3:3:3:3:3:3:3:3:3:3:3:3:3:2:3:3:3:3:3:3:3:3:3:3:0:0:0:0:0:0:0:0:0:0:1:0:0:0:1:1:0:0:1:1:0:0:0:0:0:21:,7,0.0025,1.0,
Q,0,22,explore:3:3:3:3:3:3:3:3:3:3:3:3:3:3:2:3:3:3:3:3:3:3:3:3:3:0:0:0:0:0:0:0:0:0:0:1:0:0:0:1:1:0:0:1:1:0:0:0:0:0:21:,22,57.0,1.0,
Q,0,22,explore:3:3:3:3:3:3:3:3:3:3:3:3:3:3:2:3:3:3:3:3:3:3:3:3:3:0:0:0:0:0:0:0:0:0:0:1:0:0:0:1:1:0:0:1:1:0:0:0:0:0:21:,15,0.0,1.0,

Q,0,22,explore:3:3:3:3:3:3:3:3:3:3:3:3:3:3:3:3:3:3:3:3:3:3:3:3:3:0:0:0:0:0:0:0:0:0:1:0:1:0:0:0:1:0:0:1:1:0:0:0:0:0:21:,22,57.0,1.0,


Q,0,23,explore:3:3:3:3:3:3:3:3:3:3:3:3:3:3:2:3:3:3:3:3:3:3:3:3:3:0:0:0:0:0:0:0:0:0:0:1:0:0:0:1:1:0:0:1:1:0:0:0:0:0:22:,12,0.375,1.0,
Q,0,23,explore:3:3:3:3:3:3:3:3:3:3:3:3:3:3:2:3:3:3:3:3:3:3:3:3:3:0:0:0:0:0:0:0:0:0:0:1:0:0:0:1:1:0:0:1:1:0:0:0:0:0:22:,5,0.0,1.0,
Q,0,23,explore:3:3:3:3:3:3:3:3:3:3:3:3:3:3:2:3:3:3:3:3:3:3:3:3:3:0:0:0:0:0:0:0:0:0:0:1:0:0:0:1:1:0:0:1:1:0:0:0:0:0:22:,23,57.0,1.0,

Q,0,23,explore:3:3:3:3:3:3:3:3:3:3:3:3:3:3:3:3:3:3:3:3:3:3:3:3:3:0:0:0:0:0:0:0:0:0:1:0:1:0:0:0:1:0:0:1:1:0:0:0:0:0:22:,23,57.0,1.0,


Q,0,24,explore:3:3:3:3:3:3:3:3:3:3:3:3:3:3:3:3:3:3:3:3:3:3:3:3:3:0:0:0:0:0:0:0:0:0:1:0:1:0:0:0:1:0:0:1:1:0:0:0:0:0:23:,24,57.0,1.0,
Q,0,24,explore:3:3:3:3:3:3:3:3:3:3:3:3:3:3:3:3:3:3:3:3:3:3:3:3:3:0:0:0:0:0:0:0:0:0:1:0:1:0:0:0:1:0:0:1:1:0:0:0:0:0:23:,15,0.46875,1.0,
