


Q,0,0,explore:3:3:3:3:3:3:3:3:3:3:3:3:3:3:1:3:3:3:3:3:3:3:3:3:3:0:0:0:0:0:0:0:0:0:0:0:0:0:0:0:0:0:0:0:0:0:0:0:0:0:14:,0,0.0,1.0,
Q,0,0,explore:3:3:3:3:3:3:3:3:3:3:3:3:3:3:1:3:3:3:3:3:3:3:3:3:3:0:0:0:0:0:0:0:0:0:0:0:0:0:0:0:0:0:0:0:0:0:0:0:0:0:14:,11,0.0,1.0,
Q,0,0,explore:3:3:3:3:3:3:3:3:3:3:3:3:3:3:1:3:3:3:3:3:3:3:3:3:3:0:0:0:0:0:0:0:0:0:0:0:0:0:0:0:0:0:0:0:0:0:0:0:0:0:14:,12,0.0,1.0,
Q,0,0,explore:3:3:3:3:3:3:3:3:3:3:3:3:3:3:1:3:3:3:3:3:3:3:3:3:3:0:0:0:0:0:0:0:0:0:0:0:0:0:0:0:0:0:0:0:0:0:0:0:0:0:14:,13,0.0,1.0,
Q,0,0,explore:3:3:3:3:3:3:3:3:3:3:3:3:3:3:1:3:3:3:3:3:3:3:3:3:3:0:0:0:0:0:0:0:0:0:0:0:0:0:0:0:0:0:0:0:0:0:0:0:0:0:14:,19,0.0,1.0,
Q,0,0,explore:3:3:3:3:3:3:3:3:3:3:3:3:3:3:1:3:3:3:3:3:3:3:3:3:3:0:0:0:0:0:0:0:0:0:0:0:0:0:0:0:0:0:0:0:0:0:0:0:0:0:14:,21,0.0,1.0,


Q,0,10,explore:3:3:3:3:3:3:3:3:3:3:3:3:3:3:1:3:3:3:3:3:3:3:3:3:3:0:0:0:0:0:0:0:0:0:1:0:0:0:0:0:0:0:0:0:0:0:0:0:0:1:14:,0,0.0,1.0,
Q,0,10,explore:3:3:3:3:3:3:3:3:3:3:3:3:3:3:1:3:3:3:3:3:3:3:3:3:3:0:0:0:0:0:0:0:0:0:1:0:0:0:0:0:0:0:0:0:0:0:0:0:0:1:14:,1,0.0,1.0,
Q,0,10,explore:3:3:3:3:3:3:3:3:3:3:3:3:3:3:1:3:3:3:3:3:3:3:3:3:3:0:0:0:0:0:0:0:0:0:1:0:0:0:0:0:0:0:0:0:0:0:0:0:0:1:14:,2,2.25625,2.0,
Q,0,10,explore:3:3:3:3:3:3:3:3:3:3:3:3:3:3:1:3:3:3:3:3:3:3:3:3:3:0:0:0:0:0:0:0:0:0:1:0:0:0:0:0:0:0:0:0:0:0:0:0:0:1:14:,3,0.0,1.0,
Q,0,10,explore:3:3:3:3:3:3:3:3:3:3:3:3:3:3:1:3:3:3:3:3:3:3:3:3:3:0:0:0:0:0:0:0:0:0:1:0:0:0:0:0:0:0:0:0:0:0:0:0:0:1:14:,4,0.0,1.0,
Q,0,10,explore:3:3:3:3:3:3:3:3:3:3:3:3:3:3:1:3:3:3:3:3:3:3:3:3:3:0:0:0:0:0:0:0:0:0:1:0:0:0:0:0:0:0:0:0:0:0:0:0:0:1:14:,5,0.0,1.0,
Q,0,10,explore:3:3:3:3:3:3:3:3:3:3:3:3:3:3:1:3:3:3:3:3:3:3:3:3:3:0:0:0:0:0:0:0:0:0:1:0:0:0:0:0:0:0:0:0:0:0:0:0:0:1:14:,6,3.4971875,2.0,
Q,0,10,explore:3:3:3:3:3:3:3:3:3:3:3:3:3:3:1:3:3:3:3:3:3:3:3:3:3:0:0:0:0:0:0:0:0:0:1:0:0:0:0:0:0:0:0:0:0:0:0:0:0:1:14:,7,0.0,1.0,
Q,0,10,explore:3:3:3:3:3:3:3:3:3:3:3:3:3:3:1:3:3:3:3:3:3:3:3:3:3:0:0:0:0:0:0:0:0:0:1:0:0:0:0:0:0:0:0:0:0:0:0:0:0:1:14:,8,0.0,1.0,
Q,0,10,explore:3:3:3:3:3:3:3:3:3:3:3:3:3:3:1:3:3:3:3:3:3:3:3:3:3:0:0:0:0:0:0:0:0:0:1:0:0:0:0:0:0:0:0:0:0:0:0:0:0:1:14:,9,0.0,1.0,
Q,0,10,explore:3:3:3:3:3:3:3:3:3:3:3:3:3:3:1:3:3:3:3:3:3:3:3:3:3:0:0:0:0:0:0:0:0:0:1:0:0:0:0:0:0:0:0:0:0:0:0:0:0:1:14:,10,0.0,1.0,
Q,0,10,explore:3:3:3:3:3:3:3:3:3:3:3:3:3:3:1:3:3:3:3:3:3:3:3:3:3:0:0:0:0:0:0:0:0:0:1:0:0:0:0:0:0:0:0:0:0:0:0:0:0:1:14:,11,3.6434375,2.0,
Q,0,10,explore:3:3:3:3:3:3:3:3:3:3:3:3:3:3:1:3:3:3:3:3:3:3:3:3:3:0:0:0:0:0:0:0:0:0:1:0:0:0:0:0:0:0:0:0:0:0:0:0:0:1:14:,12,3.4295,2.0,
Q,0,10,explore:3:3:3:3:3:3:3:3:3:3:3:3:3:3:1:3:3:3:3:3:3:3:3:3:3:0:0:0:0:0:0:0:0:0:1:0:0:0:0:0:0:0:0:0:0:0:0:0:0:1:14:,13,0.0,1.0,
Q,0,10,explore:3:3:3:3:3:3:3:3:3:3:3:3:3:3:1:3:3:3:3:3:3:3:3:3:3:0:0:0:0:0:0:0:0:0:1:0:0:0:0:0:0:0:0:0:0:0:0:0:0:1:14:,14,0.0,1.0,
Q,0,10,explore:3:3:3:3:3:3:3:3:3:3:3:3:3:3:1:3:3:3:3:3:3:3:3:3:3:0:0:0:0:0:0:0:0:0:1:0:0:0:0:0:0:0:0:0:0:0:0:0:0:1:14:,15,5.0,2.0,
Q,0,10,explore:3:3:3:3:3:3:3:3:3:3:3:3:3:3:1:3:3:3:3:3:3:3:3:3:3:0:0:0:0:0:0:0:0:0:1:0:0:0:0:0:0:0:0:0:0:0:0:0:0:1:14:,16,0.0,1.0,
Q,0,10,explore:3:3:3:3:3:3:3:3:3:3:3:3:3:3:1:3:3:3:3:3:3:3:3:3:3:0:0:0:0:0:0:0:0:0:1:0:0:0:0:0:0:0:0:0:0:0:0:0:0:1:14:,17,0.0,1.0,
Q,0,10,explore:3:3:3:3:3:3:3:3:3:3:3:3:3:3:1:3:3:3:3:3:3:3:3:3:3:0:0:0:0:0:0:0:0:0:1:0:0:0:0:0:0:0:0:0:0:0:0:0:0:1:14:,18,0.0,1.0,
Q,0,10,explore:3:3:3:3:3:3:3:3:3:3:3:3:3:3:1:3:3:3:3:3:3:3:3:3:3:0:0:0:0:0:0:0:0:0:1:0:0:0:0:0:0:0:0:0:0:0:0:0:0:1:14:,19,2.1434375,2.0,
Q,0,10,explore:3:3:3:3:3:3:3:3:3:3:3:3:3:3:1:3:3:3:3:3:3:3:3:3:3:0:0:0:0:0:0:0:0:0:1:0:0:0:0:0:0:0:0:0:0:0:0:0:0:1:14:,20,3.5423125,2.0,
Q,0,10,explore:3:3:3:3:3:3:3:3:3:3:3:3:3:3:1:3:3:3:3:3:3:3:3:3:3:0:0:0:0:0:0:0:0:0:1:0:0:0:0:0:0:0:0:0:0:0:0:0:0:1:14:,21,0.0,1.0,
Q,0,10,explore:3:3:3:3:3:3:3:3:3:3:3:3:3:3:1:3:3:3:3:3:3:3:3:3:3:0:0:0:0:0:0:0:0:0:1:0:0:0:0:0:0:0:0:0:0:0:0:0:0:1:14:,22,0.0,2.0,
Q,0,10,explore:3:3:3:3:3:3:3:3:3:3:3:3:3:3:1:3:3:3:3:3:3:3:3:3:3:0:0:0:0:0:0:0:0:0:1:0:0:0:0:0:0:0:0:0:0:0:0:0:0:1:14:,23,0.0,1.0,
Q,0,10,explore:3:3:3:3:3:3:3:3:3:3:3:3:3:3:1:3:3:3:3:3:3:3:3:3:3:0:0:0:0:0:0:0:0:0:1:0:0:0:0:0:0:0:0:0:0:0:0:0:0:1:14:,24,0.0,1.0,
Q,0,10,explore:3:3:3:3:3:3:3:3:3:3:3:3:3:3:1:3:3:3:3:3:3:3:3:3:3:0:0:0:0:0:0:0:0:0:1:0:0:0:0:0:0:0:0:0:0:0:0:0:0:1:14:,25,0.0,1.0,
Q,0,10,explore:3:3:3:3:3:3:3:3:3:3:3:3:3:3:1:3:3:3:3:3:3:3:3:3:3:0:0:0:0:0:0:0:0:0:1:0:0:0:0:0:0:0:0:0:0:0:0:0:0:1:14:,26,0.0,2.0,

Q,0,10,explore:3:3:3:3:3:3:3:3:3:3:3:3:3:3:1:3:3:3:3:3:3:3:3:3:3:0:0:0:0:0:0:0:0:0:1:0:0:0:0:0:0:0:0:0:0:0:0:0:0:0:9:,0,0.0,1.0,
Q,0,10,explore:3:3:3:3:3:3:3:3:3:3:3:3:3:3:1:3:3:3:3:3:3:3:3:3:3:0:0:0:0:0:0:0:0:0:1:0:0:0:0:0:0:0:0:0:0:0:0:0:0:0:9:,1,0.0,1.0,
Q,0,10,explore:3:3:3:3:3:3:3:3:3:3:3:3:3:3:1:3:3:3:3:3:3:3:3:3:3:0:0:0:0:0:0:0:0:0:1:0:0:0:0:0:0:0:0:0:0:0:0:0:0:0:9:,2,0.0,1.0,
Q,0,10,explore:3:3:3:3:3:3:3:3:3:3:3:3:3:3:1:3:3:3:3:3:3:3:3:3:3:0:0:0:0:0:0:0:0:0:1:0:0:0:0:0:0:0:0:0:0:0:0:0:0:0:9:,3,0.0,1.0,
Q,0,10,explore:3:3:3:3:3:3:3:3:3:3:3:3:3:3:1:3:3:3:3:3:3:3:3:3:3:0:0:0:0:0:0:0:0:0:1:0:0:0:0:0:0:0:0:0:0:0:0:0:0:0:9:,4,0.0,1.0,
Q,0,10,explore:3:3:3:3:3:3:3:3:3:3:3:3:3:3:1:3:3:3:3:3:3:3:3:3:3:0:0:0:0:0:0:0:0:0:1:0:0:0:0:0:0:0:0:0:0:0:0:0:0:0:9:,5,0.0,1.0,
Q,0,10,explore:3:3:3:3:3:3:3:3:3:3:3:3:3:3:1:3:3:3:3:3:3:3:3:3:3:0:0:0:0:0:0:0:0:0:1:0:0:0:0:0:0:0:0:0:0:0:0:0:0:0:9:,6,0.5264425,2.0,
Q,0,10,explore:3:3:3:3:3:3:3:3:3:3:3:3:3:3:1:3:3:3:3:3:3:3:3:3:3:0:0:0:0:0:0:0:0:0:1:0:0:0:0:0:0:0:0:0:0:0:0:0:0:0:9:,7,0.0,1.0,
Q,0,10,explore:3:3:3:3:3:3:3:3:3:3:3:3:3:3:1:3:3:3:3:3:3:3:3:3:3:0:0:0:0:0:0:0:0:0:1:0:0:0:0:0:0:0:0:0:0:0:0:0:0:0:9:,8,0.898105408858,2.0,
Q,0,10,explore:3:3:3:3:3:3:3:3:3:3:3:3:3:3:1:3:3:3:3:3:3:3:3:3:3:0:0:0:0:0:0:0:0:0:1:0:0:0:0:0:0:0:0:0:0:0:0:0:0:0:9:,9,1.04750594414,2.0,
Q,0,10,explore:3:3:3:3:3:3:3:3:3:3:3:3:3:3:1:3:3:3:3:3:3:3:3:3:3:0:0:0:0:0:0:0:0:0:1:0:0:0:0:0:0:0:0:0:0:0:0:0:0:0:9:,10,0.12,2.0,
Q,0,10,explore:3:3:3:3:3:3:3:3:3:3:3:3:3:3:1:3:3:3:3:3:3:3:3:3:3:0:0:0:0:0:0:0:0:0:1:0:0:0:0:0:0:0:0:0:0:0:0:0:0:0:9:,11,0.0,1.0,
Q,0,10,explore:3:3:3:3:3:3:3:3:3:3:3:3:3:3:1:3:3:3:3:3:3:3:3:3:3:0:0:0:0:0:0:0:0:0:1:0:0:0:0:0:0:0:0:0:0:0:0:0:0:0:9:,12,0.0,1.0,
Q,0,10,explore:3:3:3:3:3:3:3:3:3:3:3:3:3:3:1:3:3:3:3:3:3:3:3:3:3:0:0:0:0:0:0:0:0:0:1:0:0:0:0:0:0:0:0:0:0:0:0:0:0:0:9:,13,0.0,2.0,
Q,0,10,explore:3:3:3:3:3:3:3:3:3:3:3:3:3:3:1:3:3:3:3:3:3:3:3:3:3:0:0:0:0:0:0:0:0:0:1:0:0:0:0:0:0:0:0:0:0:0:0:0:0:0:9:,14,0.0,1.0,
Q,0,10,explore:3:3:3:3:3:3:3:3:3:3:3:3:3:3:1:3:3:3:3:3:3:3:3:3:3:0:0:0:0:0:0:0:0:0:1:0:0:0:0:0:0:0:0:0:0:0:0:0:0:0:9:,15,0.544105513437,2.0,
Q,0,10,explore:3:3:3:3:3:3:3:3:3:3:3:3:3:3:1:3:3:3:3:3:3:3:3:3:3:0:0:0:0:0:0:0:0:0:1:0:0:0:0:0:0:0:0:0:0:0:0:0:0:0:9:,16,0.0,1.0,
Q,0,10,explore:3:3:3:3:3:3:3:3:3:3:3:3:3:3:1:3:3:3:3:3:3:3:3:3:3:0:0:0:0:0:0:0:0:0:1:0:0:0:0:0:0:0:0:0:0:0:0:0:0:0:9:,17,0.0,1.0,
Q,0,10,explore:3:3:3:3:3:3:3:3:3:3:3:3:3:3:1:3:3:3:3:3:3:3:3:3:3:0:0:0:0:0:0:0:0:0:1:0:0:0:0:0:0:0:0:0:0:0:0:0:0:0:9:,18,0.0,1.0,
Q,0,10,explore:3:3:3:3:3:3:3:3:3:3:3:3:3:3:1:3:3:3:3:3:3:3:3:3:3:0:0:0:0:0:0:0:0:0:1:0:0:0:0:0:0:0:0:0:0:0:0:0:0:0:9:,19,0.0,1.0,
Q,0,10,explore:3:3:3:3:3:3:3:3:3:3:3:3:3:3:1:3:3:3:3:3:3:3:3:3:3:0:0:0:0:0:0:0:0:0:1:0:0:0:0:0:0:0:0:0:0:0:0:0:0:0:9:,20,0.0,1.0,
Q,0,10,explore:3:3:3:3:3:3:3:3:3:3:3:3:3:3:1:3:3:3:3:3:3:3:3:3:3:0:0:0:0:0:0:0:0:0:1:0:0:0:0:0:0:0:0:0:0:0:0:0:0:0:9:,21,0.0,1.0,
Q,0,10,explore:3:3:3:3:3:3:3:3:3:3:3:3:3:3:1:3:3:3:3:3:3:3:3:3:3:0:0:0:0:0:0:0:0:0:1:0:0:0:0:0:0:0:0:0:0:0:0:0:0:0:9:,22,0.0,1.0,
Q,0,10,explore:3:3:3:3:3:3:3:3:3:3:3:3:3:3:1:3:3:3:3:3:3:3:3:3:3:0:0:0:0:0:0:0:0:0:1:0:0:0:0:0:0:0:0:0:0:0:0:0:0:0:9:,23,0.0,1.0,
Q,0,10,explore:3:3:3:3:3:3:3:3:3:3:3:3:3:3:1:3:3:3:3:3:3:3:3:3:3:0:0:0:0:0:0:0:0:0:1:0:0:0:0:0:0:0:0:0:0:0:0:0:0:0:9:,24,0.942210922295,2.0,
Q,0,10,explore:3:3:3:3:3:3:3:3:3:3:3:3:3:3:1:3:3:3:3:3:3:3:3:3:3:0:0:0:0:0:0:0:0:0:1:0:0:0:0:0:0:0:0:0:0:0:0:0:0:0:9:,25,0.0,1.0,
Q,0,10,explore:3:3:3:3:3:3:3:3:3:3:3:3:3:3:1:3:3:3:3:3:3:3:3:3:3:0:0:0:0:0:0:0:0:0:1:0:0:0:0:0:0:0:0:0:0:0:0:0:0:0:9:,26,0.52142685625,2.0,

Q,0,10,explore:3:3:3:3:3:3:3:3:3:3:3:3:3:3:1:3:3:3:3:3:3:3:3:3:3:0:0:0:0:0:0:0:0:0:0:0:0:0:0:0:0:0:0:0:0:0:0:0:0:0:14:,0,0.0,5.0,
Q,0,10,explore:3:3:3:3:3:3:3:3:3:3:3:3:3:3:1:3:3:3:3:3:3:3:3:3:3:0:0:0:0:0:0:0:0:0:0:0:0:0:0:0:0:0:0:0:0:0:0:0:0:0:14:,1,0.0,1.0,
Q,0,10,explore:3:3:3:3:3:3:3:3:3:3:3:3:3:3:1:3:3:3:3:3:3:3:3:3:3:0:0:0:0:0:0:0:0:0:0:0:0:0:0:0:0:0:0:0:0:0:0:0:0:0:14:,4,0.0,1.0,
Q,0,10,explore:3:3:3:3:3:3:3:3:3:3:3:3:3:3:1:3:3:3:3:3:3:3:3:3:3:0:0:0:0:0:0:0:0:0:0:0:0:0:0:0:0:0:0:0:0:0:0:0:0:0:14:,5,0.0,1.0,
Q,0,10,explore:3:3:3:3:3:3:3:3:3:3:3:3:3:3:1:3:3:3:3:3:3:3:3:3:3:0:0:0:0:0:0:0:0:0:0:0:0:0:0:0:0:0:0:0:0:0:0:0:0:0:14:,7,0.0,1.0,
Q,0,10,explore:3:3:3:3:3:3:3:3:3:3:3:3:3:3:1:3:3:3:3:3:3:3:3:3:3:0:0:0:0:0:0:0:0:0:0:0:0:0:0:0:0:0:0:0:0:0:0:0:0:0:14:,8,0.0,1.0,
Q,0,10,explore:3:3:3:3:3:3:3:3:3:3:3:3:3:3:1:3:3:3:3:3:3:3:3:3:3:0:0:0:0:0:0:0:0:0:0:0:0:0:0:0:0:0:0:0:0:0:0:0:0:0:14:,10,0.0,1.0,
Q,0,10,explore:3:3:3:3:3:3:3:3:3:3:3:3:3:3:1:3:3:3:3:3:3:3:3:3:3:0:0:0:0:0:0:0:0:0:0:0:0:0:0:0:0:0:0:0:0:0:0:0:0:0:14:,15,5.0,1.0,
Q,0,10,explore:3:3:3:3:3:3:3:3:3:3:3:3:3:3:1:3:3:3:3:3:3:3:3:3:3:0:0:0:0:0:0:0:0:0:0:0:0:0:0:0:0:0:0:0:0:0:0:0:0:0:14:,18,0.0,1.0,
Q,0,10,explore:3:3:3:3:3:3:3:3:3:3:3:3:3:3:1:3:3:3:3:3:3:3:3:3:3:0:0:0:0:0:0:0:0:0:0:0:0:0:0:0:0:0:0:0:0:0:0:0:0:0:14:,19,0.0,1.0,
Q,0,10,explore:3:3:3:3:3:3:3:3:3:3:3:3:3:3:1:3:3:3:3:3:3:3:3:3:3:0:0:0:0:0:0:0:0:0:0:0:0:0:0:0:0:0:0:0:0:0:0:0:0:0:14:,21,5.0,1.0,
Q,0,10,explore:3:3:3:3:3:3:3:3:3:3:3:3:3:3:1:3:3:3:3:3:3:3:3:3:3:0:0:0:0:0:0:0:0:0:0:0:0:0:0:0:0:0:0:0:0:0:0:0:0:0:14:,22,0.0,1.0,
Q,0,10,explore:3:3:3:3:3:3:3:3:3:3:3:3:3:3:1:3:3:3:3:3:3:3:3:3:3:0:0:0:0:0:0:0:0:0:0:0:0:0:0:0:0:0:0:0:0:0:0:0:0:0:14:,23,0.0,1.0,
Q,0,10,explore:3:3:3:3:3:3:3:3:3:3:3:3:3:3:1:3:3:3:3:3:3:3:3:3:3:0:0:0:0:0:0:0:0:0:0:0:0:0:0:0:0:0:0:0:0:0:0:0:0:0:14:,26,0.0,1.0,

Q,0,10,explore:3:3:3:3:3:3:3:3:3:3:3:3:3:3:1:3:3:3:3:3:3:3:3:3:3:0:0:0:0:0:0:0:0:0:1:0:0:0:0:0:0:0:0:0:0:0:0:0:0:0:14:,0,15.6854929167,1.0,
Q,0,10,explore:3:3:3:3:3:3:3:3:3:3:3:3:3:3:1:3:3:3:3:3:3:3:3:3:3:0:0:0:0:0:0:0:0:0:1:0:0:0:0:0:0:0:0:0:0:0:0:0:0:0:14:,1,0.0,1.0,
Q,0,10,explore:3:3:3:3:3:3:3:3:3:3:3:3:3:3:1:3:3:3:3:3:3:3:3:3:3:0:0:0:0:0:0:0:0:0:1:0:0:0:0:0:0:0:0:0:0:0:0:0:0:0:14:,2,14.9012182709,1.0,
Q,0,10,explore:3:3:3:3:3:3:3:3:3:3:3:3:3:3:1:3:3:3:3:3:3:3:3:3:3:0:0:0:0:0:0:0:0:0:1:0:0:0:0:0:0:0:0:0:0:0:0:0:0:0:14:,4,0.0,1.0,
Q,0,10,explore:3:3:3:3:3:3:3:3:3:3:3:3:3:3:1:3:3:3:3:3:3:3:3:3:3:0:0:0:0:0:0:0:0:0:1:0:0:0:0:0:0:0:0:0:0:0:0:0:0:0:14:,6,10.2885,1.0,
Q,0,10,explore:3:3:3:3:3:3:3:3:3:3:3:3:3:3:1:3:3:3:3:3:3:3:3:3:3:0:0:0:0:0:0:0:0:0:1:0:0:0:0:0:0:0:0:0:0:0:0:0:0:0:14:,9,9.774075,1.0,
Q,0,10,explore:3:3:3:3:3:3:3:3:3:3:3:3:3:3:1:3:3:3:3:3:3:3:3:3:3:0:0:0:0:0:0:0:0:0:1:0:0:0:0:0:0:0:0:0:0:0:0:0:0:0:14:,10,17.4011026875,1.0,
Q,0,10,explore:3:3:3:3:3:3:3:3:3:3:3:3:3:3:1:3:3:3:3:3:3:3:3:3:3:0:0:0:0:0:0:0:0:0:1:0:0:0:0:0:0:0:0:0:0:0:0:0:0:0:14:,11,17.3800475531,1.0,
Q,0,10,explore:3:3:3:3:3:3:3:3:3:3:3:3:3:3:1:3:3:3:3:3:3:3:3:3:3:0:0:0:0:0:0:0:0:0:1:0:0:0:0:0:0:0:0:0:0:0:0:0:0:0:14:,14,18.28537125,1.0,
Q,0,10,explore:3:3:3:3:3:3:3:3:3:3:3:3:3:3:1:3:3:3:3:3:3:3:3:3:3:0:0:0:0:0:0:0:0:0:1:0:0:0:0:0:0:0:0:0:0:0:0:0:0:0:14:,15,5.0,1.0,
Q,0,10,explore:3:3:3:3:3:3:3:3:3:3:3:3:3:3:1:3:3:3:3:3:3:3:3:3:3:0:0:0:0:0:0:0:0:0:1:0:0:0:0:0:0:0:0:0:0:0:0:0:0:0:14:,16,4.75,1.0,
Q,0,10,explore:3:3:3:3:3:3:3:3:3:3:3:3:3:3:1:3:3:3:3:3:3:3:3:3:3:0:0:0:0:0:0:0:0:0:1:0:0:0:0:0:0:0:0:0:0:0:0:0:0:0:14:,17,14.9012182709,1.0,
Q,0,10,explore:3:3:3:3:3:3:3:3:3:3:3:3:3:3:1:3:3:3:3:3:3:3:3:3:3:0:0:0:0:0:0:0:0:0:1:0:0:0:0:0:0:0:0:0:0:0:0:0:0:0:14:,18,0.0,1.0,
Q,0,10,explore:3:3:3:3:3:3:3:3:3:3:3:3:3:3:1:3:3:3:3:3:3:3:3:3:3:0:0:0:0:0:0:0:0:0:1:0:0:0:0:0:0:0:0:0:0:0:0:0:0:0:14:,19,0.0,1.0,
Q,0,10,explore:3:3:3:3:3:3:3:3:3:3:3:3:3:3:1:3:3:3:3:3:3:3:3:3:3:0:0:0:0:0:0:0:0:0:1:0:0:0:0:0:0:0:0:0:0:0:0:0:0:0:14:,20,0.0,1.0,
Q,0,10,explore:3:3:3:3:3:3:3:3:3:3:3:3:3:3:1:3:3:3:3:3:3:3:3:3:3:0:0:0:0:0:0:0:0:0:1:0:0:0:0:0:0:0:0:0:0:0:0:0:0:0:14:,22,17.3711026875,1.0,
Q,0,10,explore:3:3:3:3:3:3:3:3:3:3:3:3:3:3:1:3:3:3:3:3:3:3:3:3:3:0:0:0:0:0:0:0:0:0:1:0:0:0:0:0:0:0:0:0:0:0:0:0:0:0:14:,23,4.75,1.0,


Q,0,11,explore:3:3:3:3:3:3:3:3:3:3:3:3:3:3:1:3:3:3:3:3:3:3:3:3:3:0:0:0:0:0:0:0:0:0:1:0:0:0:0:0:0:0:0:0:0:0:0:0:0:0:10:,25,2.44351875,1.0,
Q,0,11,explore:3:3:3:3:3:3:3:3:3:3:3:3:3:3:1:3:3:3:3:3:3:3:3:3:3:0:0:0:0:0:0:0:0:0:1:0:0:0:0:0:0:0:0:0:0:0:0:0:0:0:10:,18,0.0,1.0,
Q,0,11,explore:3:3:3:3:3:3:3:3:3:3:3:3:3:3:1:3:3:3:3:3:3:3:3:3:3:0:0:0:0:0:0:0:0:0:1:0:0:0:0:0:0:0:0:0:0:0:0:0:0:0:10:,11,12.0,1.0,
Q,0,11,explore:3:3:3:3:3:3:3:3:3:3:3:3:3:3:1:3:3:3:3:3:3:3:3:3:3:0:0:0:0:0:0:0:0:0:1:0:0:0:0:0:0:0:0:0:0:0:0:0:0:0:10:,14,3.0,1.0,
Q,0,11,explore:3:3:3:3:3:3:3:3:3:3:3:3:3:3:1:3:3:3:3:3:3:3:3:3:3:0:0:0:0:0:0:0:0:0:1:0:0:0:0:0:0:0:0:0:0:0:0:0:0:0:10:,6,1.89074822917,1.0,


Q,0,14,explore:3:3:3:3:3:3:3:3:3:3:3:3:3:3:1:3:3:3:3:3:3:3:3:3:3:0:0:0:0:0:0:0:0:0:1:0:0:0:0:0:0:0:0:0:0:0:0:0:0:0:13:,3,0.0,1.0,
Q,0,14,explore:3:3:3:3:3:3:3:3:3:3:3:3:3:3:1:3:3:3:3:3:3:3:3:3:3:0:0:0:0:0:0:0:0:0:1:0:0:0:0:0:0:0:0:0:0:0:0:0:0:0:13:,4,0.0,1.0,
Q,0,14,explore:3:3:3:3:3:3:3:3:3:3:3:3:3:3:1:3:3:3:3:3:3:3:3:3:3:0:0:0:0:0:0:0:0:0:1:0:0:0:0:0:0:0:0:0:0:0:0:0:0:0:13:,5,0.0,1.0,
Q,0,14,explore:3:3:3:3:3:3:3:3:3:3:3:3:3:3:1:3:3:3:3:3:3:3:3:3:3:0:0:0:0:0:0:0:0:0:1:0:0:0:0:0:0:0:0:0:0:0:0:0:0:0:13:,6,0.0,1.0,
Q,0,14,explore:3:3:3:3:3:3:3:3:3:3:3:3:3:3:1:3:3:3:3:3:3:3:3:3:3:0:0:0:0:0:0:0:0:0:1:0:0:0:0:0:0:0:0:0:0:0:0:0:0:0:13:,8,0.0,1.0,
Q,0,14,explore:3:3:3:3:3:3:3:3:3:3:3:3:3:3:1:3:3:3:3:3:3:3:3:3:3:0:0:0:0:0:0:0:0:0:1:0:0:0:0:0:0:0:0:0:0:0:0:0:0:0:13:,14,12.0,1.0,
Q,0,14,explore:3:3:3:3:3:3:3:3:3:3:3:3:3:3:1:3:3:3:3:3:3:3:3:3:3:0:0:0:0:0:0:0:0:0:1:0:0:0:0:0:0:0:0:0:0:0:0:0:0:0:13:,17,0.0,1.0,
Q,0,14,explore:3:3:3:3:3:3:3:3:3:3:3:3:3:3:1:3:3:3:3:3:3:3:3:3:3:0:0:0:0:0:0:0:0:0:1:0:0:0:0:0:0:0:0:0:0:0:0:0:0:0:13:,21,0.0,1.0,
Q,0,14,explore:3:3:3:3:3:3:3:3:3:3:3:3:3:3:1:3:3:3:3:3:3:3:3:3:3:0:0:0:0:0:0:0:0:0:1:0:0:0:0:0:0:0:0:0:0:0:0:0:0:0:13:,26,0.0,1.0,
