L,0,
pi,0,
k,0,
action,0, 0.0, 0.0,
action,1, 0.0, 0.0,
action,2, 0.0, 0.0,
action,3, 0.0, 0.0,
action,4, 0.0, 0.0,
action,5, 0.0, 0.0,
action,6, 0.0, 0.0,
action,7, 0.0, 0.0,
action,8, 0.0, 0.0,
action,9, 0.0, 0.0,
action,10, 0.0, 0.0,
action,11, 0.0, 0.0,
action,12, 0.0, 0.0,
action,13, 0.0, 0.0,
action,14, 0.0, 0.0,
action,15, 0.0, 0.0,
action,16, 0.0, 0.0,
action,17, 0.0, 0.0,
action,18, 0.0, 0.0,
action,19, 0.0, 0.0,
action,20, 0.0, 0.0,
action,21, 0.0, 0.0,
action,22, 0.0, 0.0,
action,23, 0.0, 0.0,
action,24, 0.0, 0.0,
action,25, 0.0, 0.0,
action,26, 0.0, 0.0,

k,15,
action,0, 0.0, 60.0,
action,1, 0.0786600997751, 38.0,
action,2, 0.054131139636, 26.0,
action,3, 0.0662946432779, 31.0,
action,4, 0.0967652931018, 27.0,
action,5, 0.0855181773145, 30.0,
action,6, 0.0733703345635, 27.0,
action,7, 0.0955820100951, 30.0,
action,8, 0.0430193890045, 37.0,
action,9, 0.0529043406132, 22.0,
action,10, 0.0680315165965, 32.0,
action,11, 0.0509998611316, 33.0,
action,12, 0.0363538925637, 30.0,
action,13, 0.113092765502, 29.0,
action,14, 0.0870331397078, 32.0,
action,15, 0.637837837838, 37.0,
action,16, 0.140003356859, 29.0,
action,17, 0.0973715710397, 28.0,
action,18, 0.0, 27.0,
action,19, 0.0770042586246, 30.0,
action,20, 0.0376041666667, 19.0,
action,21, 0.0391094830663, 31.0,
action,22, 0.147036142724, 31.0,
action,23, 0.138158189063, 27.0,
action,24, 0.089406551067, 33.0,
action,25, 0.0957425583617, 28.0,
action,26, 0.0949221413052, 25.0,
state,explore:3:3:3:3:3:3:3:3:3:3:3:3:3:3:3:3:3:3:3:3:3:3:3:3:3:0:0:0:0:0:0:0:0:0:0:0:0:0:0:0:0:0:0:0:0:0:0:0:0:0:14:,
state,explore:3:3:3:3:3:3:3:3:3:3:3:3:3:3:1:3:3:3:3:3:3:3:3:3:3:0:0:0:0:0:0:0:0:0:0:0:0:0:0:0:0:0:0:0:0:0:0:0:0:0:14:,

pi,10,
k,10,
action,0, 0.0, 0.0,
action,1, 0.0, 0.0,
action,2, 0.0, 0.0,
action,3, 0.0, 0.0,
action,4, 0.0, 0.0,
action,5, 0.0, 0.0,
action,6, 0.0, 0.0,
action,7, 0.0, 0.0,
action,8, 0.0, 0.0,
action,9, 0.0, 0.0,
action,10, 0.0, 0.0,
action,11, 0.0, 0.0,
action,12, 0.0, 0.0,
action,13, 0.0, 0.0,
action,14, 0.0, 0.0,
action,15, 0.0, 0.0,
action,16, 0.0, 0.0,
action,17, 0.0, 0.0,
action,18, 0.0, 0.0,
action,19, 0.0, 0.0,
action,20, 0.0, 0.0,
action,21, 0.0, 0.0,
action,22, 0.0, 0.0,
action,23, 0.0, 0.0,
action,24, 0.0, 0.0,
action,25, 0.0, 0.0,
action,26, 0.0, 0.0,

k,15,
action,0, 0.0126201975526, 172.0,
action,1, 0.0502931760822, 66.0,
action,2, 0.0916194418292, 70.0,
action,3, 0.046163183736, 70.0,
action,4, 0.0376661149403, 68.0,
action,5, 0.0514086136705, 66.0,
action,6, 0.0544274343921, 73.0,
action,7, 0.0466381674669, 71.0,
action,8, 0.0673888062378, 62.0,
action,9, 0.0659802360042, 64.0,
action,10, 0.0942213928467, 72.0,
action,11, 0.0789433994331, 70.0,
action,12, 0.0433090509926, 67.0,
action,13, 0.0464425538466, 71.0,
action,14, 0.172903511343, 60.0,
action,15, 0.411208092507, 88.0,
action,16, 0.0156688435718, 69.0,
action,17, 0.0207082186582, 64.0,
action,18, 0.0761403447108, 63.0,
action,19, 0.0264368946153, 73.0,
action,20, 0.0477503993095, 72.0,
action,21, 0.107624207271, 64.0,
action,22, 0.0776315413864, 63.0,
action,23, 0.0302039832943, 66.0,
action,24, 0.0247150301602, 67.0,
action,25, 0.0979979258541, 61.0,
action,26, 0.0351850036502, 67.0,
state,explore:3:3:3:3:3:3:3:3:3:3:3:3:3:3:1:3:3:3:3:3:3:3:3:3:3:0:0:0:0:0:0:0:0:0:1:0:0:0:0:0:0:0:0:0:0:0:0:0:0:1:14:,
state,explore:3:3:3:3:3:3:3:3:3:3:3:3:3:3:1:3:3:3:3:3:3:3:3:3:3:0:0:0:0:0:0:0:0:0:1:0:0:0:1:0:0:0:0:0:0:0:0:0:0:1:14:,
state,explore:3:3:3:3:3:3:3:3:3:3:3:3:3:3:1:3:3:3:3:3:3:3:3:3:3:0:0:0:0:0:0:0:0:0:0:0:0:0:0:0:0:0:0:0:0:0:0:0:0:0:14:,

k,14,
action,0, 0.0604857236339, 23.0,
action,1, 0.142184215497, 25.0,
action,2, 0.108282985872, 23.0,
action,3, 0.112689373483, 23.0,
action,4, 0.0869134993795, 21.0,
action,5, 0.237645754205, 21.0,
action,6, 0.217262887774, 21.0,
action,7, 0.138210505015, 23.0,
action,8, 0.0678086522449, 24.0,
action,9, 0.140836644783, 24.0,
action,10, 0.135261780182, 28.0,
action,11, 0.309306954369, 24.0,
action,12, 0.132727336597, 25.0,
action,13, 0.103087612718, 23.0,
action,14, 0.398515235702, 24.0,
action,15, 0.271665078569, 20.0,
action,16, 0.0574568253375, 20.0,
action,17, 0.114582381986, 23.0,
action,18, 0.0689390582367, 24.0,
action,19, 0.0343386045772, 22.0,
action,20, 0.125989858269, 23.0,
action,21, 0.0662598357236, 21.0,
action,22, 0.114239623321, 22.0,
action,23, 0.0757637280187, 24.0,
action,24, 0.0629767379892, 22.0,
action,25, 0.135800022894, 21.0,
action,26, 0.164285476169, 20.0,
state,explore:3:3:3:3:3:3:3:3:3:3:3:3:3:3:1:3:3:3:3:3:3:3:3:3:3:0:0:0:0:0:0:0:0:0:1:0:0:0:0:0:0:0:0:0:0:0:0:0:0:0:14:,

k,21,
action,0, 0.0, 1.0,
action,1, 0.0, 1.0,
action,2, 0.0, 1.0,
action,3, 4.286875, 1.0,
action,4, 0.0, 1.0,
action,5, 0.0, 1.0,
action,6, 4.286875, 1.0,
action,7, 0.0, 1.0,
action,8, 0.0, 1.0,
action,9, 0.0, 1.0,
action,10, 0.0, 1.0,
action,11, 0.0, 1.0,
action,12, 0.5640625, 2.0,
action,13, 0.0, 1.0,
action,14, 0.0, 1.0,
action,15, 1.25, 2.0,
action,16, 0.0, 1.0,
action,17, 0.0, 1.0,
action,18, 4.286875, 1.0,
action,19, 0.0, 1.0,
action,20, 0.0, 1.0,
action,21, 4.5125, 1.0,
action,22, 0.0, 1.0,
action,23, 0.0, 1.0,
action,24, 0.0, 1.0,
action,25, 0.535859375, 2.0,
action,26, 0.0, 1.0,
state,explore:3:3:3:3:3:3:3:3:3:3:3:3:3:3:1:3:3:3:3:3:3:3:3:3:3:0:0:0:0:0:0:0:0:0:1:0:0:0:1:0:0:0:0:0:0:0:0:0:0:0:14:,

k,23,
action,0, 0.0, 2.0,
action,1, 0.0, 2.0,
action,2, 0.0, 2.0,
action,3, 0.0, 1.0,
action,4, 0.75, 4.0,
action,5, 2.21429016621, 2.0,
action,6, 0.0, 0.0,
action,7, 0.0, 2.0,
action,8, 0.0, 1.0,
action,9, 0.0, 2.0,
action,10, 0.0192425510204, 7.0,
action,11, 3.0, 1.0,
action,12, 4.5296780039, 2.0,
action,13, 0.0120333333333, 3.0,
action,14, 3.0, 3.0,
action,15, 7.41055134375, 1.0,
action,16, 0.0, 1.0,
action,17, 0.0, 0.0,
action,18, 0.0, 1.0,
action,19, 0.945038189997, 4.0,
action,20, 0.0, 2.0,
action,21, 2.01125855729, 3.0,
action,22, 0.0, 1.0,
action,23, 16.707908125, 1.0,
action,24, 0.0, 3.0,
action,25, 10.7100596962, 1.0,
action,26, 0.0, 3.0,
state,explore:3:3:3:3:3:3:3:3:3:3:3:3:3:3:1:3:3:3:3:3:3:3:3:3:3:0:0:0:0:0:0:0:0:0:1:0:0:0:0:0:0:0:0:0:0:0:0:0:0:1:9:,

k,11,
action,0, 0.0470385910083, 22.0,
action,1, 0.0278786607144, 21.0,
action,2, 0.0457266666667, 15.0,
action,3, 0.0737517186238, 21.0,
action,4, 0.134121643477, 20.0,
action,5, 0.100481175273, 23.0,
action,6, 0.0811172135557, 20.0,
action,7, 0.174178150366, 20.0,
action,8, 0.134903795237, 20.0,
action,9, 0.143154277867, 23.0,
action,10, 0.140481679838, 34.0,
action,11, 0.228229106416, 26.0,
action,12, 0.110361267229, 18.0,
action,13, 0.0733370734862, 21.0,
action,14, 0.228797389649, 22.0,
action,15, 0.153589886776, 22.0,
action,16, 0.185406869674, 23.0,
action,17, 0.0624449155691, 22.0,
action,18, 0.0390159755036, 20.0,
action,19, 0.124328695695, 24.0,
action,20, 0.0574946863969, 24.0,
action,21, 0.0706149956685, 22.0,
action,22, 0.0896163812057, 20.0,
action,23, 0.153498385796, 24.0,
action,24, 0.0747905161673, 20.0,
action,25, 0.191630115569, 22.0,
action,26, 0.0818785898508, 27.0,
state,explore:3:3:3:3:3:3:3:3:3:3:3:3:3:3:1:3:3:3:3:3:3:3:3:3:3:0:0:0:0:0:0:0:0:0:1:0:0:0:0:0:0:0:0:0:0:0:0:0:0:0:9:,

pi,11,
k,11,
action,0, 0.0, 3.0,
action,1, 0.0, 8.0,
action,2, 0.0, 4.0,
action,3, 0.0, 2.0,
action,4, 0.566435348894, 6.0,
action,5, 0.0, 2.0,
action,6, 0.0579579706019, 6.0,
action,7, 0.0, 3.0,
action,8, 0.0, 4.0,
action,9, 0.0, 2.0,
action,10, 0.936063834637, 4.0,
action,11, 0.841727129092, 30.0,
action,12, 0.0, 3.0,
action,13, 0.0, 1.0,
action,14, 1.0058877551, 7.0,
action,15, 0.888888888889, 3.0,
action,16, 0.343902638889, 3.0,
action,17, 0.342649881945, 5.0,
action,18, 0.151813392857, 7.0,
action,19, 0.0733055625, 1.0,
action,20, 0.64303125, 4.0,
action,21, 0.128963489583, 6.0,
action,22, 0.0, 5.0,
action,23, 0.20577, 5.0,
action,24, 1.93420791667, 3.0,
action,25, 0.192529155093, 9.0,
action,26, 0.0, 3.0,
state,explore:3:3:3:3:3:3:3:3:3:3:3:3:3:3:1:3:3:3:3:3:3:3:3:3:3:0:0:0:0:0:0:0:0:0:1:0:0:0:0:0:0:0:0:0:0:0:0:0:0:0:10:,
state,explore:3:3:3:3:3:3:3:3:3:3:3:3:3:3:1:3:3:3:3:3:3:3:3:3:3:0:0:0:0:0:0:0:0:0:1:0:0:0:1:0:0:0:0:0:0:0:0:0:0:1:10:,

k,14,
action,0, 0.0, 0.0,
action,1, 0.0, 1.0,
action,2, 0.0, 0.0,
action,3, 0.0, 0.0,
action,4, 0.0, 0.0,
action,5, 0.0, 0.0,
action,6, 0.0, 1.0,
action,7, 0.0, 1.0,
action,8, 0.0, 1.0,
action,9, 0.0, 1.0,
action,10, 0.12, 1.0,
action,11, 2.19344523438, 6.0,
action,12, 0.0, 0.0,
action,13, 0.0, 0.0,
action,14, 16.707908125, 1.0,
action,15, 0.0, 0.0,
action,16, 0.0, 2.0,
action,17, 0.0, 0.0,
action,18, 0.0, 2.0,
action,19, 0.0, 2.0,
action,20, 0.0, 0.0,
action,21, 0.0, 1.0,
action,22, 1.92909375, 2.0,
action,23, 0.0, 0.0,
action,24, 0.0, 0.0,
action,25, 0.0, 0.0,
action,26, 0.0, 0.0,
state,explore:3:3:3:3:3:3:3:3:3:3:3:3:3:3:1:3:3:3:3:3:3:3:3:3:3:0:0:0:0:0:0:0:0:0:1:0:0:0:0:0:0:0:0:0:0:0:0:0:0:1:10:,

pi,14,
k,14,
action,0, 0.0872921620117, 8.0,
action,1, 0.00405160334823, 7.0,
action,2, 0.262603920718, 4.0,
action,3, 0.0, 6.0,
action,4, 0.0, 5.0,
action,5, 0.000581790178571, 7.0,
action,6, 0.0913029881945, 3.0,
action,7, 0.62415303407, 5.0,
action,8, 0.3258025, 6.0,
action,9, 0.0157125891621, 4.0,
action,10, 1.66230419837, 5.0,
action,11, 9.74109883897, 8.0,
action,12, 0.00407253125, 6.0,
action,13, 0.0, 2.0,
action,14, 1.87051349236, 32.0,
action,15, 0.75, 4.0,
action,16, 0.0, 3.0,
action,17, 0.0, 4.0,
action,18, 0.0, 1.0,
action,19, 0.174584324023, 8.0,
action,20, 0.0, 2.0,
action,21, 0.0, 8.0,
action,22, 0.0, 2.0,
action,23, 1.16389549349, 3.0,
action,24, 0.0, 2.0,
action,25, 0.225625, 4.0,
action,26, 0.0, 3.0,
state,explore:3:3:3:3:3:3:3:3:3:3:3:3:3:3:1:3:3:3:3:3:3:3:3:3:3:0:0:0:0:0:0:0:0:0:1:0:0:0:0:0:0:0:0:0:0:0:0:0:0:1:13:,
state,explore:3:3:3:3:3:3:3:3:3:3:3:3:3:3:1:3:3:3:3:3:3:3:3:3:3:0:0:0:0:0:0:0:0:0:1:0:0:0:0:0:0:0:0:0:0:0:0:0:0:0:13:,

pi,15,
k,15,
action,0, 0.000440774298225, 203.0,
action,1, 0.435523181125, 83.0,
action,2, 0.0197168074756, 87.0,
action,3, 0.0114322004395, 90.0,
action,4, 0.00673305250502, 88.0,
action,5, 0.0126616938343, 82.0,
action,6, 0.020463304995, 87.0,
action,7, 0.00904211103502, 87.0,
action,8, 0.407713343735, 93.0,
action,9, 0.0119771678573, 86.0,
action,10, 0.00450044814541, 87.0,
action,11, 0.00738735543311, 92.0,
action,12, 0.0104238423077, 88.0,
action,13, 0.0260900922502, 97.0,
action,14, 0.0196600815269, 83.0,
action,15, 0.956041324594, 142.0,
action,16, 0.0136977940634, 90.0,
action,17, 0.0159369040155, 104.0,
action,18, 0.510337876545, 92.0,
action,19, 0.409291864191, 86.0,
action,20, 0.00543426231578, 90.0,
action,21, 0.00953590144646, 88.0,
action,22, 0.019546394317, 88.0,
action,23, 0.296814491753, 95.0,
action,24, 0.00842161149834, 97.0,
action,25, 0.430151954551, 91.0,
action,26, 0.0138269640898, 88.0,
state,explore:3:3:3:3:3:3:3:3:3:3:3:3:3:3:2:3:3:3:3:3:3:3:3:3:3:0:0:0:0:0:0:0:0:0:0:0:0:0:0:1:0:0:0:0:0:0:0:0:0:0:14:,
state,explore:3:3:3:3:3:3:3:3:3:3:3:3:3:3:3:3:3:3:3:3:3:3:3:3:3:0:0:0:0:0:0:0:0:0:0:0:0:0:0:0:0:0:0:0:0:0:0:0:0:1:14:,
state,explore:3:3:3:3:3:3:3:3:3:3:3:3:3:3:3:3:3:3:3:3:3:3:3:3:3:0:0:0:0:0:0:0:0:0:0:0:0:0:0:1:0:0:0:0:0:0:0:0:0:1:14:,
state,explore:3:3:3:3:3:3:3:3:3:3:3:3:3:3:2:3:3:3:3:3:3:3:3:3:3:0:0:0:0:0:0:0:0:0:0:0:0:0:0:1:0:0:0:0:0:0:0:0:0:1:14:,
state,explore:3:3:3:3:3:3:3:3:3:3:3:3:3:3:3:3:3:3:3:3:3:3:3:3:3:0:0:0:0:0:0:0:0:0:0:0:0:0:0:0:0:0:0:0:0:0:0:0:0:0:14:,

